2022-04-01 04:00:00,18.29,18.29,18.29,18.29,225
2022-04-01 04:10:00,18.39,18.4,18.39,18.39,1902
2022-04-01 04:15:00,18.37,18.37,18.37,18.37,1088
2022-04-01 04:20:00,18.37,18.37,18.3,18.3,721
2022-04-01 04:50:00,18.33,18.33,18.32,18.32,1354
2022-04-01 04:55:00,18.36,18.36,18.35,18.35,1391
2022-04-01 05:05:00,18.35,18.35,18.34,18.34,291
2022-04-01 05:30:00,18.36,18.36,18.35,18.35,820
2022-04-01 05:35:00,18.35,18.35,18.35,18.35,240
2022-04-01 05:40:00,18.35,18.35,18.35,18.35,377
2022-04-01 06:10:00,18.38,18.38,18.38,18.38,150
2022-04-01 06:15:00,18.38,18.38,18.38,18.38,100
2022-04-01 06:20:00,18.38,18.38,18.38,18.38,269
2022-04-01 06:35:00,18.38,18.38,18.38,18.38,217
2022-04-01 06:45:00,18.38,18.41,18.38,18.41,672
2022-04-01 06:55:00,18.37,18.37,18.37,18.37,200
2022-04-01 07:00:00,18.39,18.43,18.39,18.4,10753
2022-04-01 07:05:00,18.4,18.43,18.4,18.42,3320
2022-04-01 07:10:00,18.43,18.43,18.38,18.38,6227
2022-04-01 07:15:00,18.38,18.42,18.37,18.41,2370
2022-04-01 07:20:00,18.4,18.4,18.4,18.4,2000
2022-04-01 07:25:00,18.4,18.4,18.4,18.4,200
2022-04-01 07:30:00,18.4,18.4,18.4,18.4,1600
2022-04-01 07:35:00,18.4,18.4,18.4,18.4,115
2022-04-01 07:40:00,18.41,18.41,18.4,18.4,2223
2022-04-01 07:50:00,18.41,18.42,18.41,18.42,898
2022-04-01 07:55:00,18.42,18.42,18.42,18.42,1320
2022-04-01 08:00:00,18.42,18.44,18.36,18.44,49985
2022-04-01 08:05:00,18.43,18.43,18.4201,18.43,1998
2022-04-01 08:10:00,18.43,18.43,18.42,18.42,3203
2022-04-01 08:15:00,18.42,18.42,18.4,18.41,6236
2022-04-01 08:20:00,18.4198,18.4198,18.4099,18.41,795
2022-04-01 08:25:00,18.4,18.4282,18.4,18.4282,1986
2022-04-01 08:30:00,18.43,18.43,18.38,18.4,5182
2022-04-01 08:35:00,18.39,18.43,18.25,18.25,13966
2022-04-01 08:40:00,18.41,18.42,18.39,18.39,11684
2022-04-01 08:45:00,18.4,18.4,18.4,18.4,108
2022-04-01 08:50:00,18.4,18.4199,18.4,18.4,13684
2022-04-01 08:55:00,18.4,18.4,18.35,18.38,11912
2022-04-01 09:00:00,18.37,18.3899,18.37,18.37,3486
2022-04-01 09:05:00,18.37,18.38,18.37,18.38,5588
2022-04-01 09:10:00,18.37,18.39,18.37,18.38,3890
2022-04-01 09:15:00,18.38,18.39,18.37,18.38,11248
2022-04-01 09:20:00,18.38,18.38,18.37,18.37,9386
2022-04-01 09:25:00,18.37,18.41,18.27,18.28,94239
2022-04-01 09:30:00,18.3,18.395,18.23,18.27,1321329
2022-04-01 09:35:00,18.27,18.375,18.24,18.36,904276
2022-04-01 09:40:00,18.36,18.3699,18.23,18.265,500773
2022-04-01 09:45:00,18.265,18.315,18.22,18.265,693085
2022-04-01 09:50:00,18.265,18.27,18.15,18.19,668783
2022-04-01 09:55:00,18.19,18.32,18.17,18.315,502099
2022-04-01 10:00:00,18.31,18.326,18.24,18.286,570277
2022-04-01 10:05:00,18.29,18.29,18.205,18.25,347110
2022-04-01 10:10:00,18.25,18.275,18.195,18.21,321348
2022-04-01 10:15:00,18.22,18.23,18.12,18.1244,500983
2022-04-01 10:20:00,18.12,18.1483,18.0912,18.0939,327056
2022-04-01 10:25:00,18.1,18.15,18.095,18.1499,374187
2022-04-01 10:30:00,18.145,18.1962,18.14,18.19,300970
2022-04-01 10:35:00,18.19,18.2,18.16,18.165,501981
2022-04-01 10:40:00,18.16,18.19,18.11,18.135,291889
2022-04-01 10:45:00,18.14,18.185,18.125,18.1398,163286
2022-04-01 10:50:00,18.14,18.18,18.125,18.15,239063
2022-04-01 10:55:00,18.145,18.15,18.11,18.12,235831
2022-04-01 11:00:00,18.12,18.17,18.12,18.135,211698
2022-04-01 11:05:00,18.13,18.2,18.1192,18.185,315068
2022-04-01 11:10:00,18.18,18.19,18.14,18.16,191139
2022-04-01 11:15:00,18.15,18.17,18.1201,18.16,118646
2022-04-01 11:20:00,18.165,18.22,18.165,18.21,351265
2022-04-01 11:25:00,18.22,18.245,18.16,18.17,252779
2022-04-01 11:30:00,18.18,18.2,18.135,18.155,238921
2022-04-01 11:35:00,18.15,18.15,18.08,18.125,399400
2022-04-01 11:40:00,18.1258,18.1258,18.0827,18.0999,185968
2022-04-01 11:45:00,18.1,18.15,18.09,18.1089,186630
2022-04-01 11:50:00,18.11,18.16,18.1012,18.15,184697
2022-04-01 11:55:00,18.14,18.15,18.11,18.12,245626
2022-04-01 12:00:00,18.115,18.12,18.0741,18.105,265170
2022-04-01 12:05:00,18.11,18.11,18.075,18.105,125218
2022-04-01 12:10:00,18.1057,18.12,18.1,18.105,146133
2022-04-01 12:15:00,18.1,18.125,18.0739,18.09,192079
2022-04-01 12:20:00,18.08,18.13,18.065,18.11,312033
2022-04-01 12:25:00,18.1155,18.17,18.115,18.17,201525
2022-04-01 12:30:00,18.1619,18.165,18.13,18.145,133942
2022-04-01 12:35:00,18.14,18.145,18.1,18.12,120571
2022-04-01 12:40:00,18.11,18.16,18.1,18.155,170321
2022-04-01 12:45:00,18.15,18.17,18.135,18.1655,246862
2022-04-01 12:50:00,18.17,18.19,18.15,18.19,162390
2022-04-01 12:55:00,18.1919,18.22,18.1901,18.215,220886
2022-04-01 13:00:00,18.215,18.225,18.165,18.17,223084
2022-04-01 13:05:00,18.1746,18.1987,18.17,18.175,123748
2022-04-01 13:10:00,18.1741,18.18,18.13,18.14,109819
2022-04-01 13:15:00,18.14,18.15,18.1258,18.1301,82328
2022-04-01 13:20:00,18.14,18.17,18.12,18.165,105094
2022-04-01 13:25:00,18.17,18.185,18.15,18.175,161100
2022-04-01 13:30:00,18.1726,18.18,18.1483,18.16,207445
2022-04-01 13:35:00,18.165,18.23,18.16,18.22,182900
2022-04-01 13:40:00,18.215,18.255,18.21,18.23,240503
2022-04-01 13:45:00,18.23,18.25,18.225,18.235,147072
2022-04-01 13:50:00,18.23,18.23,18.195,18.21,185026
2022-04-01 13:55:00,18.2,18.22,18.2,18.22,93162
2022-04-01 14:00:00,18.2158,18.24,18.193,18.23,289457
2022-04-01 14:05:00,18.24,18.25,18.22,18.235,268012
2022-04-01 14:10:00,18.23,18.25,18.2023,18.2499,149826
2022-04-01 14:15:00,18.25,18.265,18.24,18.2401,254086
2022-04-01 14:20:00,18.2401,18.255,18.22,18.24,119521
2022-04-01 14:25:00,18.23,18.285,18.23,18.28,178578
2022-04-01 14:30:00,18.28,18.31,18.28,18.305,696042
2022-04-01 14:35:00,18.31,18.31,18.25,18.265,169594
2022-04-01 14:40:00,18.2627,18.29,18.25,18.27,114745
2022-04-01 14:45:00,18.27,18.29,18.25,18.2501,77156
2022-04-01 14:50:00,18.25,18.25,18.22,18.23,325246
2022-04-01 14:55:00,18.23,18.25,18.2,18.23,224140
2022-04-01 15:00:00,18.23,18.28,18.225,18.265,68928
2022-04-01 15:05:00,18.265,18.2862,18.245,18.2583,143586
2022-04-01 15:10:00,18.25,18.25,18.2,18.225,239304
2022-04-01 15:15:00,18.225,18.235,18.16,18.16,262866
2022-04-01 15:20:00,18.1603,18.165,18.14,18.15,248980
2022-04-01 15:25:00,18.16,18.165,18.14,18.165,167593
2022-04-01 15:30:00,18.165,18.19,18.135,18.14,377020
2022-04-01 15:35:00,18.149,18.16,18.13,18.155,370223
2022-04-01 15:40:00,18.15,18.19,18.15,18.1769,341405
2022-04-01 15:45:00,18.17,18.21,18.16,18.205,415276
2022-04-01 15:50:00,18.21,18.255,18.19,18.235,942780
2022-04-01 15:55:00,18.23,18.25,18.22,18.25,687555
2022-04-01 16:00:00,18.24,18.25,18.24,18.24,730107
2022-04-01 16:05:00,18.24,18.25,18.24,18.25,2202
2022-04-01 16:10:00,18.24,18.24,18.23,18.23,7464
2022-04-01 16:15:00,18.23,18.23,18.23,18.23,1170
2022-04-01 16:20:00,18.23,18.23,18.2199,18.2199,4400
2022-04-01 16:25:00,18.22,18.23,18.22,18.23,4319
2022-04-01 16:30:00,18.2299,18.23,18.22,18.23,2250
2022-04-01 16:40:00,18.22,18.23,18.22,18.23,438
2022-04-01 16:45:00,18.22,18.22,18.22,18.22,125
2022-04-01 16:50:00,18.22,18.23,18.22,18.23,1259
2022-04-01 16:55:00,18.23,18.23,18.23,18.23,7924
2022-04-01 17:00:00,18.23,18.23,18.23,18.23,200
2022-04-01 17:10:00,18.24,18.24,18.23,18.23,400
2022-04-01 17:15:00,18.2301,18.2301,18.2301,18.2301,100
2022-04-01 17:20:00,18.24,18.24,18.23,18.24,501
2022-04-01 17:25:00,18.24,18.24,18.24,18.24,200
2022-04-01 17:30:00,18.2301,18.24,18.2301,18.24,600
2022-04-01 17:35:00,18.23,18.24,18.23,18.24,7518
2022-04-01 17:40:00,18.23,18.23,18.23,18.23,1045
2022-04-01 17:45:00,18.2301,18.26,18.2301,18.26,21330
2022-04-01 17:50:00,18.2401,18.2401,18.2401,18.2401,7229
2022-04-01 17:55:00,18.25,18.25,18.25,18.25,2000
2022-04-01 18:05:00,18.25,18.25,18.25,18.25,100
2022-04-01 18:10:00,18.25,18.25,18.25,18.25,899
2022-04-01 18:15:00,18.26,18.28,18.26,18.28,4471
2022-04-01 18:20:00,18.25,18.25,18.25,18.25,2121
2022-04-01 18:25:00,18.24,18.24,18.24,18.24,400
2022-04-01 18:30:00,18.24,18.24,18.24,18.24,6879
2022-04-01 18:45:00,18.27,18.28,18.27,18.28,600
2022-04-01 18:50:00,18.28,18.28,18.26,18.26,3763
2022-04-01 18:55:00,18.26,18.26,18.26,18.26,1000
2022-04-01 19:15:00,18.26,18.28,18.26,18.28,1578
2022-04-01 19:20:00,18.28,18.29,18.28,18.29,34520
2022-04-01 19:35:00,18.2701,18.2701,18.27,18.27,300
2022-04-01 19:40:00,18.26,18.27,18.26,18.27,9294
2022-04-01 19:45:00,18.26,18.26,18.26,18.26,393
2022-04-01 19:50:00,18.27,18.28,18.27,18.28,1389
2022-04-01 19:55:00,18.2799,18.3,18.27,18.28,7305
2022-04-04 04:00:00,18.09,18.12,18.09,18.12,374
2022-04-04 04:05:00,18.12,18.12,18.12,18.12,100
2022-04-04 04:10:00,18.11,18.12,18.11,18.12,296
2022-04-04 04:15:00,18.19,18.25,18.13,18.25,3989
2022-04-04 04:20:00,18.26,18.26,18.26,18.26,100
2022-04-04 04:30:00,18.26,18.26,18.26,18.26,109
2022-04-04 04:40:00,18.25,18.25,18.25,18.25,1016
2022-04-04 05:00:00,18.24,18.24,18.24,18.24,200
2022-04-04 05:05:00,18.25,18.25,18.25,18.25,100
2022-04-04 05:30:00,18.24,18.24,18.24,18.24,1091
2022-04-04 05:35:00,18.26,18.3,18.26,18.3,2516
2022-04-04 05:45:00,18.28,18.28,18.26,18.26,395
2022-04-04 05:50:00,18.29,18.29,18.29,18.29,494
2022-04-04 05:55:00,18.29,18.3,18.29,18.3,500
2022-04-04 06:15:00,18.3,18.3,18.3,18.3,1104
2022-04-04 06:40:00,18.32,18.32,18.32,18.32,300
2022-04-04 07:00:00,18.31,18.31,18.28,18.3,3473
2022-04-04 07:05:00,18.27,18.29,18.26,18.26,3950
2022-04-04 07:10:00,18.27,18.29,18.26,18.27,5892
2022-04-04 07:15:00,18.26,18.26,18.26,18.26,880
2022-04-04 07:20:00,18.26,18.26,18.26,18.26,200
2022-04-04 07:25:00,18.26,18.26,18.26,18.26,200
2022-04-04 07:40:00,18.26,18.26,18.26,18.26,100
2022-04-04 08:00:00,18.27,18.3,18.25,18.25,58167
2022-04-04 08:05:00,18.25,18.25,18.2015,18.21,9444
2022-04-04 08:10:00,18.23,18.24,18.23,18.23,1700
2022-04-04 08:15:00,18.23,18.25,18.23,18.23,4849
2022-04-04 08:20:00,18.24,18.24,18.24,18.24,200
2022-04-04 08:25:00,18.24,18.25,18.23,18.25,4809
2022-04-04 08:35:00,18.24,18.24,18.19,18.19,6369
2022-04-04 08:40:00,18.19,18.2001,18.18,18.19,9035
2022-04-04 08:45:00,18.19,18.19,18.15,18.15,5731
2022-04-04 08:50:00,18.14,18.18,18.13,18.18,7294
2022-04-04 08:55:00,18.19,18.2,18.14,18.14,5557
2022-04-04 09:00:00,18.17,18.22,18.16,18.1601,12699
2022-04-04 09:05:00,18.16,18.17,18.16,18.16,12429
2022-04-04 09:10:00,18.17,18.17,18.16,18.16,8088
2022-04-04 09:15:00,18.16,18.17,18.16,18.16,6540
2022-04-04 09:20:00,18.16,18.19,18.15,18.18,9039
2022-04-04 09:25:00,18.19,18.19,18.12,18.15,13042
2022-04-04 09:30:00,18.16,18.16,17.88,17.895,1417000
2022-04-04 09:35:00,17.895,17.91,17.745,17.7701,1072816
2022-04-04 09:40:00,17.775,17.92,17.72,17.91,801395
2022-04-04 09:45:00,17.9013,17.9799,17.785,17.975,700270
2022-04-04 09:50:00,17.975,18.0,17.93,17.945,357313
2022-04-04 09:55:00,17.95,18.0193,17.93,17.9793,338272
2022-04-04 10:00:00,17.975,18.005,17.9,17.92,324902
2022-04-04 10:05:00,17.92,17.985,17.92,17.96,197965
2022-04-04 10:10:00,17.97,18.0,17.895,17.983,320791
2022-04-04 10:15:00,17.98,18.06,17.95,18.0411,430502
2022-04-04 10:20:00,18.045,18.06,18.0,18.035,323385
2022-04-04 10:25:00,18.04,18.04,17.99,18.01,394621
2022-04-04 10:30:00,18.02,18.02,17.955,17.985,234183
2022-04-04 10:35:00,17.9877,18.025,17.955,17.97,175726
2022-04-04 10:40:00,17.97,17.975,17.91,17.9262,310361
2022-04-04 10:45:00,17.92,18.0,17.91,17.995,262727
2022-04-04 10:50:00,17.995,18.06,17.965,18.045,378717
2022-04-04 10:55:00,18.035,18.12,18.035,18.0662,404345
2022-04-04 11:00:00,18.06,18.145,18.045,18.14,289434
2022-04-04 11:05:00,18.14,18.17,18.1225,18.145,221365
2022-04-04 11:10:00,18.145,18.147,18.1,18.14,235350
2022-04-04 11:15:00,18.13,18.14,18.07,18.125,259899
2022-04-04 11:20:00,18.12,18.18,18.12,18.165,100964
2022-04-04 11:25:00,18.17,18.205,18.15,18.2001,238809
2022-04-04 11:30:00,18.2044,18.25,18.2,18.22,198280
2022-04-04 11:35:00,18.22,18.25,18.19,18.22,365089
2022-04-04 11:40:00,18.22,18.23,18.18,18.19,132011
2022-04-04 11:45:00,18.19,18.21,18.1704,18.175,164355
2022-04-04 11:50:00,18.1734,18.22,18.17,18.18,294954
2022-04-04 11:55:00,18.18,18.185,18.155,18.1679,206976
2022-04-04 12:00:00,18.1601,18.19,18.16,18.1883,47701
2022-04-04 12:05:00,18.19,18.23,18.18,18.225,259215
2022-04-04 12:10:00,18.2216,18.25,18.22,18.2494,202340
2022-04-04 12:15:00,18.2499,18.27,18.225,18.236,235541
2022-04-04 12:20:00,18.24,18.25,18.205,18.21,112937
2022-04-04 12:25:00,18.205,18.26,18.2,18.25,114489
2022-04-04 12:30:00,18.2484,18.28,18.2334,18.265,313253
2022-04-04 12:35:00,18.265,18.31,18.26,18.265,269385
2022-04-04 12:40:00,18.265,18.31,18.26,18.3,208013
2022-04-04 12:45:00,18.305,18.33,18.3,18.3124,244305
2022-04-04 12:50:00,18.32,18.32,18.29,18.3043,134082
2022-04-04 12:55:00,18.3099,18.31,18.2749,18.28,108807
2022-04-04 13:00:00,18.275,18.295,18.26,18.295,108695
2022-04-04 13:05:00,18.29,18.315,18.275,18.29,130915
2022-04-04 13:10:00,18.29,18.29,18.27,18.2709,79520
2022-04-04 13:15:00,18.27,18.33,18.27,18.324,170099
2022-04-04 13:20:00,18.325,18.35,18.32,18.3219,209284
2022-04-04 13:25:00,18.3204,18.345,18.3134,18.325,104057
2022-04-04 13:30:00,18.32,18.33,18.31,18.3107,71267
2022-04-04 13:35:00,18.315,18.3199,18.29,18.305,145266
2022-04-04 13:40:00,18.31,18.345,18.2923,18.34,160705
2022-04-04 13:45:00,18.3317,18.34,18.295,18.315,273879
2022-04-04 13:50:00,18.315,18.37,18.305,18.345,414954
2022-04-04 13:55:00,18.3415,18.35,18.33,18.345,178968
2022-04-04 14:00:00,18.34,18.35,18.325,18.34,131067
2022-04-04 14:05:00,18.34,18.34,18.28,18.285,198668
2022-04-04 14:10:00,18.285,18.315,18.28,18.305,157322
2022-04-04 14:15:00,18.31,18.35,18.3,18.343,218856
2022-04-04 14:20:00,18.34,18.35,18.325,18.35,82826
2022-04-04 14:25:00,18.3446,18.355,18.335,18.3452,145505
2022-04-04 14:30:00,18.35,18.35,18.325,18.33,107274
2022-04-04 14:35:00,18.335,18.355,18.33,18.345,104676
2022-04-04 14:40:00,18.34,18.35,18.32,18.35,115440
2022-04-04 14:45:00,18.35,18.37,18.345,18.36,155722
2022-04-04 14:50:00,18.36,18.365,18.3201,18.3299,183975
2022-04-04 14:55:00,18.33,18.335,18.3101,18.325,95176
2022-04-04 15:00:00,18.321,18.35,18.3001,18.315,120432
2022-04-04 15:05:00,18.32,18.335,18.3023,18.325,102383
2022-04-04 15:10:00,18.33,18.33,18.2885,18.305,235429
2022-04-04 15:15:00,18.3007,18.32,18.29,18.3,87136
2022-04-04 15:20:00,18.3,18.315,18.29,18.305,90282
2022-04-04 15:25:00,18.3,18.3099,18.283,18.3,84692
2022-04-04 15:30:00,18.295,18.3051,18.27,18.275,180247
2022-04-04 15:35:00,18.2775,18.32,18.27,18.295,245673
2022-04-04 15:40:00,18.2901,18.3,18.23,18.235,335296
2022-04-04 15:45:00,18.235,18.27,18.21,18.215,458076
2022-04-04 15:50:00,18.22,18.27,18.2,18.2289,864161
2022-04-04 15:55:00,18.225,18.24,18.195,18.235,864105
2022-04-04 16:00:00,18.23,18.25,18.22,18.24,738176
2022-04-04 16:05:00,18.26,18.26,18.2401,18.26,6780
2022-04-04 16:10:00,18.25,18.26,18.25,18.25,4990
2022-04-04 16:15:00,18.2501,18.26,18.25,18.26,24002
2022-04-04 16:20:00,18.26,18.27,18.25,18.26,17725
2022-04-04 16:25:00,18.26,18.26,18.26,18.26,4300
2022-04-04 16:30:00,18.25,18.2501,18.25,18.2501,3179
2022-04-04 16:35:00,18.2599,18.27,18.2599,18.27,33820
2022-04-04 16:40:00,18.27,18.27,18.27,18.27,490
2022-04-04 16:45:00,18.26,18.27,18.26,18.27,7284
2022-04-04 16:50:00,18.27,18.29,18.27,18.29,21798
2022-04-04 16:55:00,18.2801,18.33,18.28,18.32,13602
2022-04-04 17:00:00,18.32,18.32,18.28,18.29,6110
2022-04-04 17:05:00,18.29,18.3,18.29,18.3,1660
2022-04-04 17:10:00,18.3,18.32,18.3,18.3,13655
2022-04-04 17:20:00,18.3,18.3,18.3,18.3,380
2022-04-04 17:25:00,18.3,18.3,18.3,18.3,608
2022-04-04 17:30:00,18.29,18.29,18.29,18.29,400
2022-04-04 17:35:00,18.29,18.29,18.29,18.29,180
2022-04-04 17:40:00,18.29,18.3,18.29,18.3,3603
2022-04-04 17:45:00,18.3,18.31,18.29,18.3001,2247
2022-04-04 17:50:00,18.3,18.31,18.3,18.31,543
2022-04-04 17:55:00,18.31,18.33,18.31,18.33,5480
2022-04-04 18:00:00,18.33,18.33,18.32,18.32,3670
2022-04-04 18:05:00,18.32,18.32,18.31,18.31,6350
2022-04-04 18:10:00,18.31,18.3199,18.31,18.31,2798
2022-04-04 18:15:00,18.31,18.31,18.3,18.3,8894
2022-04-04 18:30:00,18.31,18.31,18.31,18.31,1000
2022-04-04 18:35:00,18.31,18.32,18.31,18.31,1100
2022-04-04 18:40:00,18.31,18.31,18.3,18.3001,1807
2022-04-04 18:45:00,18.3,18.31,18.3,18.31,1100
2022-04-04 18:50:00,18.31,18.31,18.31,18.31,120
2022-04-04 19:00:00,18.3199,18.3199,18.28,18.28,8266
2022-04-04 19:05:00,18.27,18.27,18.26,18.27,2023
2022-04-04 19:10:00,18.31,18.32,18.31,18.32,1185
2022-04-04 19:15:00,18.31,18.32,18.31,18.32,2400
2022-04-04 19:20:00,18.32,18.32,18.31,18.31,1639
2022-04-04 19:25:00,18.3,18.3,18.3,18.3,2448
2022-04-04 19:35:00,18.31,18.31,18.31,18.31,10000
2022-04-04 19:40:00,18.31,18.31,18.3,18.3001,940
2022-04-04 19:45:00,18.3,18.31,18.3,18.31,1195
2022-04-04 19:50:00,18.32,18.32,18.29,18.29,3334
2022-04-04 19:55:00,18.29,18.33,18.29,18.33,7135
2022-04-05 04:05:00,18.37,18.37,18.37,18.37,429
2022-04-05 04:10:00,18.34,18.34,18.3,18.3,2827
2022-04-05 04:30:00,18.32,18.32,18.31,18.31,1000
2022-04-05 04:35:00,18.36,18.36,18.36,18.36,892
2022-04-05 04:50:00,18.37,18.37,18.37,18.37,200
2022-04-05 04:55:00,18.37,18.4,18.37,18.4,443
2022-04-05 05:00:00,18.36,18.37,18.36,18.36,4725
2022-04-05 05:10:00,18.35,18.35,18.35,18.35,300
2022-04-05 05:35:00,18.32,18.34,18.31,18.31,5750
2022-04-05 05:40:00,18.32,18.35,18.32,18.35,500
2022-04-05 05:50:00,18.31,18.31,18.31,18.31,413
2022-04-05 06:00:00,18.33,18.33,18.33,18.33,170
2022-04-05 06:10:00,18.33,18.33,18.29,18.29,4315
2022-04-05 06:40:00,18.23,18.23,18.23,18.23,350
2022-04-05 06:55:00,18.28,18.3,18.28,18.3,2294
2022-04-05 07:00:00,18.31,18.31,18.3,18.31,2550
2022-04-05 07:10:00,18.3,18.31,18.29,18.29,3650
2022-04-05 07:15:00,18.29,18.29,18.29,18.29,200
2022-04-05 07:20:00,18.3,18.3,18.3,18.3,200
2022-04-05 07:25:00,18.3,18.35,18.3,18.34,6739
2022-04-05 07:30:00,18.33,18.33,18.3,18.3,7944
2022-04-05 07:40:00,18.3,18.31,18.3,18.31,8887
2022-04-05 07:45:00,18.31,18.31,18.31,18.31,332
2022-04-05 07:50:00,18.3,18.3,18.3,18.3,890
2022-04-05 07:55:00,18.3,18.3,18.3,18.3,374
2022-04-05 08:00:00,18.31,18.34,18.29,18.3,130309
2022-04-05 08:05:00,18.309,18.309,18.29,18.29,2239
2022-04-05 08:10:00,18.3,18.3,18.2999,18.2999,300
2022-04-05 08:15:00,18.29,18.29,18.2799,18.29,3611
2022-04-05 08:20:00,18.2899,18.31,18.28,18.31,8075
2022-04-05 08:25:00,18.3,18.3,18.3,18.3,3453
2022-04-05 08:30:00,18.31,18.31,18.29,18.29,4526
2022-04-05 08:35:00,18.28,18.32,18.28,18.3,13961
2022-04-05 08:40:00,18.31,18.4,18.31,18.35,19208
2022-04-05 08:45:00,18.34,18.34,18.32,18.33,3200
2022-04-05 08:50:00,18.32,18.33,18.32,18.32,8081
2022-04-05 08:55:00,18.32,18.32,18.3,18.3,3611
2022-04-05 09:00:00,18.3,18.31,18.29,18.3,3443
2022-04-05 09:05:00,18.3,18.32,18.3,18.31,3012
2022-04-05 09:10:00,18.31,18.35,18.31,18.35,12111
2022-04-05 09:15:00,18.35,18.39,18.3401,18.39,25445
2022-04-05 09:20:00,18.3899,18.4,18.33,18.35,24921
2022-04-05 09:25:00,18.35,18.4,18.33,18.34,4100
2022-04-05 09:30:00,18.35,18.52,18.25,18.5192,2458725
2022-04-05 09:35:00,18.5103,18.57,18.28,18.2999,1317404
2022-04-05 09:40:00,18.2964,18.3,18.16,18.21,1314728
2022-04-05 09:45:00,18.21,18.285,18.145,18.2063,657258
2022-04-05 09:50:00,18.205,18.21,18.11,18.155,570159
2022-04-05 09:55:00,18.16,18.2099,18.1,18.2,460441
2022-04-05 10:00:00,18.1999,18.23,18.13,18.1499,407590
2022-04-05 10:05:00,18.15,18.16,17.985,17.985,877246
2022-04-05 10:10:00,17.985,18.01,17.94,17.97,616450
2022-04-05 10:15:00,17.96,17.965,17.85,17.87,585676
2022-04-05 10:20:00,17.8755,17.92,17.85,17.9,387713
2022-04-05 10:25:00,17.91,17.965,17.9,17.9337,419631
2022-04-05 10:30:00,17.935,17.94,17.8526,17.8581,445864
2022-04-05 10:35:00,17.855,17.86,17.77,17.79,563560
2022-04-05 10:40:00,17.79,17.8,17.74,17.765,633983
2022-04-05 10:45:00,17.765,17.79,17.7,17.745,595369
2022-04-05 10:50:00,17.7424,17.79,17.73,17.73,331037
2022-04-05 10:55:00,17.73,17.75,17.68,17.6968,482780
2022-04-05 11:00:00,17.695,17.71,17.6,17.605,558865
2022-04-05 11:05:00,17.605,17.6752,17.58,17.665,766893
2022-04-05 11:10:00,17.66,17.688,17.61,17.675,415673
2022-04-05 11:15:00,17.6723,17.72,17.65,17.6799,268217
2022-04-05 11:20:00,17.675,17.68,17.59,17.605,423365
2022-04-05 11:25:00,17.6099,17.675,17.59,17.665,516451
2022-04-05 11:30:00,17.67,17.74,17.66,17.72,430332
2022-04-05 11:35:00,17.72,17.74,17.675,17.68,339532
2022-04-05 11:40:00,17.68,17.72,17.66,17.685,241417
2022-04-05 11:45:00,17.685,17.7218,17.67,17.6996,175383
2022-04-05 11:50:00,17.693,17.7399,17.693,17.71,166150
2022-04-05 11:55:00,17.71,17.7798,17.71,17.7701,238389
2022-04-05 12:00:00,17.77,17.785,17.725,17.775,185517
2022-04-05 12:05:00,17.7701,17.8,17.7548,17.76,182521
2022-04-05 12:10:00,17.76,17.76,17.685,17.695,136267
2022-04-05 12:15:00,17.69,17.705,17.645,17.645,204368
2022-04-05 12:20:00,17.65,17.6988,17.65,17.6963,164728
2022-04-05 12:25:00,17.695,17.73,17.6925,17.7299,142319
2022-04-05 12:30:00,17.73,17.7456,17.68,17.7,176493
2022-04-05 12:35:00,17.7,17.74,17.69,17.7336,106658
2022-04-05 12:40:00,17.73,17.745,17.715,17.72,94575
2022-04-05 12:45:00,17.72,17.77,17.72,17.76,173132
2022-04-05 12:50:00,17.7601,17.78,17.745,17.75,124965
2022-04-05 12:55:00,17.75,17.78,17.75,17.77,103512
2022-04-05 13:00:00,17.77,17.7962,17.76,17.79,82089
2022-04-05 13:05:00,17.795,17.845,17.77,17.84,416498
2022-04-05 13:10:00,17.845,17.863,17.8201,17.84,222948
2022-04-05 13:15:00,17.845,17.8899,17.84,17.885,244351
2022-04-05 13:20:00,17.885,17.91,17.88,17.89,149056
2022-04-05 13:25:00,17.881,17.885,17.85,17.8601,112336
2022-04-05 13:30:00,17.85,17.855,17.8228,17.8228,151861
2022-04-05 13:35:00,17.825,17.845,17.814,17.835,76594
2022-04-05 13:40:00,17.83,17.845,17.8134,17.83,60959
2022-04-05 13:45:00,17.8208,17.83,17.77,17.7737,141860
2022-04-05 13:50:00,17.77,17.7899,17.735,17.755,189977
2022-04-05 13:55:00,17.75,17.7599,17.715,17.735,178094
2022-04-05 14:00:00,17.73,17.7499,17.6908,17.7,112516
2022-04-05 14:05:00,17.7099,17.7199,17.685,17.705,131773
2022-04-05 14:10:00,17.71,17.73,17.7,17.7299,131010
2022-04-05 14:15:00,17.7231,17.79,17.7231,17.785,373065
2022-04-05 14:20:00,17.785,17.8,17.75,17.755,194982
2022-04-05 14:25:00,17.7562,17.77,17.7242,17.725,184570
2022-04-05 14:30:00,17.725,17.745,17.7139,17.725,130890
2022-04-05 14:35:00,17.725,17.75,17.7139,17.725,123230
2022-04-05 14:40:00,17.725,17.79,17.715,17.7801,170375
2022-04-05 14:45:00,17.7801,17.7801,17.735,17.745,153831
2022-04-05 14:50:00,17.745,17.76,17.7209,17.735,117882
2022-04-05 14:55:00,17.74,17.76,17.7,17.71,97984
2022-04-05 15:00:00,17.7031,17.725,17.69,17.7,98919
2022-04-05 15:05:00,17.695,17.72,17.685,17.715,941288
2022-04-05 15:10:00,17.72,17.73,17.67,17.675,177019
2022-04-05 15:15:00,17.67,17.68,17.64,17.66,490319
2022-04-05 15:20:00,17.6621,17.68,17.65,17.67,251768
2022-04-05 15:25:00,17.675,17.675,17.63,17.6343,190742
2022-04-05 15:30:00,17.63,17.64,17.615,17.625,270832
2022-04-05 15:35:00,17.625,17.825,17.61,17.75,1671446
2022-04-05 15:40:00,17.76,17.86,17.73,17.77,1527573
2022-04-05 15:45:00,17.77,17.85,17.74,17.825,693458
2022-04-05 15:50:00,17.82,17.825,17.75,17.8,932155
2022-04-05 15:55:00,17.795,17.87,17.795,17.85,1176693
2022-04-05 16:00:00,17.84,17.89,17.8301,17.85,1213249
2022-04-05 16:05:00,17.85,17.86,17.85,17.86,3656
2022-04-05 16:10:00,17.86,17.8699,17.86,17.8699,6900
2022-04-05 16:15:00,17.8601,17.88,17.86,17.8799,20278
2022-04-05 16:20:00,17.8799,17.88,17.87,17.87,11400
2022-04-05 16:25:00,17.8799,17.88,17.86,17.86,3050
2022-04-05 16:30:00,17.86,17.87,17.86,17.87,1848
2022-04-05 16:35:00,17.86,17.8699,17.86,17.86,15486
2022-04-05 16:40:00,17.86,17.87,17.86,17.86,4780
2022-04-05 16:45:00,17.86,17.86,17.84,17.84,13885
2022-04-05 16:50:00,17.84,17.84,17.81,17.84,11972
2022-04-05 16:55:00,17.84,17.84,17.83,17.84,2432
2022-04-05 17:00:00,17.84,17.84,17.84,17.84,150
2022-04-05 17:05:00,17.8499,17.85,17.8499,17.85,800
2022-04-05 17:10:00,17.85,17.85,17.84,17.8499,1268
2022-04-05 17:15:00,17.8401,17.85,17.84,17.84,1392
2022-04-05 17:20:00,17.85,17.85,17.85,17.85,612
2022-04-05 17:25:00,17.86,17.86,17.8501,17.8501,700
2022-04-05 17:30:00,17.85,17.85,17.8401,17.8401,2327
2022-04-05 17:35:00,17.84,17.8499,17.84,17.8401,7200
2022-04-05 17:40:00,17.84,17.84,17.83,17.8301,6284
2022-04-05 17:45:00,17.83,17.84,17.81,17.84,5126
2022-04-05 17:50:00,17.84,17.84,17.83,17.83,2096
2022-04-05 17:55:00,17.83,17.84,17.83,17.83,3788
2022-04-05 18:05:00,17.83,17.83,17.8299,17.8299,799
2022-04-05 18:10:00,17.83,17.83,17.82,17.82,3200
2022-04-05 18:15:00,17.82,17.82,17.8,17.8,9315
2022-04-05 18:20:00,17.79,17.79,17.76,17.78,8354
2022-04-05 18:25:00,17.79,17.79,17.79,17.79,1900
2022-04-05 18:30:00,17.79,17.79,17.79,17.79,1110
2022-04-05 18:35:00,17.8,17.8,17.79,17.8,3154
2022-04-05 18:40:00,17.8,17.8,17.8,17.8,1100
2022-04-05 18:45:00,17.79,17.79,17.79,17.79,300
2022-04-05 18:50:00,17.8,17.83,17.8,17.83,1986
2022-04-05 18:55:00,17.83,17.84,17.83,17.84,5600
2022-04-05 19:00:00,17.83,17.83,17.83,17.83,2713
2022-04-05 19:05:00,17.8001,17.8001,17.8001,17.8001,2000
2022-04-05 19:10:00,17.82,17.82,17.82,17.82,100
2022-04-05 19:15:00,17.8,17.8,17.79,17.79,2855
2022-04-05 19:20:00,17.78,17.79,17.78,17.7899,1300
2022-04-05 19:30:00,17.78,17.78,17.78,17.78,1000
2022-04-05 19:40:00,17.79,17.79,17.79,17.79,100
2022-04-05 19:45:00,17.79,17.79,17.78,17.79,5359
2022-04-05 19:50:00,17.79,17.79,17.79,17.79,3537
2022-04-05 19:55:00,17.79,17.8,17.79,17.8,33840
2022-04-06 04:00:00,17.79,17.79,17.79,17.79,120
2022-04-06 04:20:00,17.65,17.65,17.65,17.65,11102
2022-04-06 04:25:00,17.75,17.76,17.75,17.76,997
2022-04-06 04:30:00,17.66,17.67,17.66,17.67,457
2022-04-06 04:35:00,17.67,17.67,17.66,17.66,1400
2022-04-06 04:40:00,17.66,17.66,17.64,17.64,3999
2022-04-06 04:45:00,17.63,17.63,17.62,17.62,210
2022-04-06 04:50:00,17.6,17.61,17.6,17.61,1335
2022-04-06 05:00:00,17.61,17.61,17.61,17.61,130
2022-04-06 05:05:00,17.61,17.62,17.61,17.61,919
2022-04-06 05:10:00,17.61,17.61,17.6,17.61,1766
2022-04-06 05:15:00,17.61,17.61,17.61,17.61,190
2022-04-06 05:20:00,17.6,17.61,17.6,17.6,405
2022-04-06 05:25:00,17.6,17.6,17.6,17.6,775
2022-04-06 05:30:00,17.59,17.59,17.59,17.59,200
2022-04-06 05:35:00,17.59,17.59,17.59,17.59,200
2022-04-06 05:50:00,17.59,17.59,17.59,17.59,872
2022-04-06 06:00:00,17.59,17.59,17.59,17.59,100
2022-04-06 06:10:00,17.58,17.58,17.58,17.58,300
2022-04-06 06:15:00,17.56,17.56,17.55,17.55,521
2022-04-06 06:25:00,17.53,17.53,17.53,17.53,100
2022-04-06 06:30:00,17.55,17.6,17.55,17.6,2498
2022-04-06 06:40:00,17.55,17.55,17.55,17.55,200
2022-04-06 06:50:00,17.55,17.55,17.55,17.55,1000
2022-04-06 07:00:00,17.55,17.61,17.52,17.54,8978
2022-04-06 07:05:00,17.54,17.54,17.53,17.53,1096
2022-04-06 07:10:00,17.53,17.53,17.52,17.52,4255
2022-04-06 07:15:00,17.52,17.52,17.51,17.51,2903
2022-04-06 07:20:00,17.52,17.52,17.44,17.45,19308
2022-04-06 07:25:00,17.46,17.47,17.44,17.44,8558
2022-04-06 07:30:00,17.43,17.43,17.35,17.35,7832
2022-04-06 07:35:00,17.35,17.4,17.32,17.32,12002
2022-04-06 07:40:00,17.32,17.32,17.27,17.27,7965
2022-04-06 07:45:00,17.31,17.34,17.31,17.31,6195
2022-04-06 07:50:00,17.32,17.34,17.32,17.34,931
2022-04-06 07:55:00,17.33,17.34,17.31,17.31,1557
2022-04-06 08:00:00,17.52,17.96,17.26,17.29,259636
2022-04-06 08:05:00,17.3,17.31,17.28,17.29,4604
2022-04-06 08:10:00,17.2899,17.36,17.2899,17.35,60014
2022-04-06 08:15:00,17.35,17.36,17.32,17.32,10964
2022-04-06 08:20:00,17.35,17.35,17.34,17.34,1153
2022-04-06 08:25:00,17.3478,17.35,17.31,17.35,28355
2022-04-06 08:30:00,17.36,17.38,17.34,17.34,7878
2022-04-06 08:35:00,17.34,17.35,17.3301,17.34,4306
2022-04-06 08:40:00,17.3401,17.37,17.3401,17.36,6472
2022-04-06 08:45:00,17.3601,17.38,17.35,17.36,12157
2022-04-06 08:50:00,17.36,17.37,17.32,17.35,21632
2022-04-06 08:55:00,17.34,17.36,17.33,17.35,45993
2022-04-06 09:00:00,17.35,17.35,17.31,17.35,21078
2022-04-06 09:05:00,17.34,17.35,17.32,17.33,9663
2022-04-06 09:10:00,17.34,17.34,17.28,17.2899,29902
2022-04-06 09:15:00,17.28,17.33,17.28,17.33,19826
2022-04-06 09:20:00,17.3299,17.33,17.3,17.31,9652
2022-04-06 09:25:00,17.32,17.45,17.25,17.25,84450
2022-04-06 09:30:00,17.25,17.36,17.06,17.145,2435452
2022-04-06 09:35:00,17.15,17.19,17.01,17.165,1575307
2022-04-06 09:40:00,17.16,17.23,17.095,17.14,877015
2022-04-06 09:45:00,17.135,17.23,17.13,17.17,757157
2022-04-06 09:50:00,17.17,17.1896,17.105,17.175,610347
2022-04-06 09:55:00,17.17,17.175,17.05,17.055,897109
2022-04-06 10:00:00,17.055,17.07,16.87,16.94,2087883
2022-04-06 10:05:00,16.945,16.9499,16.86,16.905,631018
2022-04-06 10:10:00,16.9065,16.9282,16.83,16.89,850542
2022-04-06 10:15:00,16.885,16.975,16.885,16.945,892103
2022-04-06 10:20:00,16.945,17.04,16.915,17.03,620151
2022-04-06 10:25:00,17.035,17.08,16.9912,17.08,460189
2022-04-06 10:30:00,17.08,17.22,17.08,17.195,938464
2022-04-06 10:35:00,17.2,17.37,17.2,17.3401,837866
2022-04-06 10:40:00,17.34,17.43,17.31,17.415,530160
2022-04-06 10:45:00,17.415,17.44,17.3601,17.415,540657
2022-04-06 10:50:00,17.42,17.46,17.3,17.335,751170
2022-04-06 10:55:00,17.335,17.41,17.3,17.3054,581082
2022-04-06 11:00:00,17.305,17.435,17.305,17.425,269524
2022-04-06 11:05:00,17.42,17.46,17.38,17.38,257737
2022-04-06 11:10:00,17.38,17.3958,17.34,17.375,293624
2022-04-06 11:15:00,17.375,17.4,17.32,17.335,278963
2022-04-06 11:20:00,17.335,17.4452,17.33,17.395,277551
2022-04-06 11:25:00,17.395,17.425,17.37,17.39,163097
2022-04-06 11:30:00,17.38,17.39,17.32,17.365,248274
2022-04-06 11:35:00,17.365,17.375,17.315,17.3671,178468
2022-04-06 11:40:00,17.3633,17.396,17.35,17.36,165951
2022-04-06 11:45:00,17.36,17.39,17.3199,17.375,210308
2022-04-06 11:50:00,17.38,17.4076,17.36,17.405,102381
2022-04-06 11:55:00,17.401,17.43,17.37,17.389,253299
2022-04-06 12:00:00,17.38,17.43,17.38,17.405,184288
2022-04-06 12:05:00,17.41,17.43,17.375,17.385,158441
2022-04-06 12:10:00,17.385,17.39,17.36,17.37,126967
2022-04-06 12:15:00,17.37,17.3722,17.29,17.29,397077
2022-04-06 12:20:00,17.2999,17.305,17.242,17.305,288415
2022-04-06 12:25:00,17.3099,17.325,17.27,17.3004,275832
2022-04-06 12:30:00,17.305,17.31,17.265,17.305,137585
2022-04-06 12:35:00,17.3,17.33,17.275,17.31,188100
2022-04-06 12:40:00,17.31,17.32,17.28,17.285,117881
2022-04-06 12:45:00,17.29,17.3,17.26,17.29,132239
2022-04-06 12:50:00,17.295,17.32,17.28,17.305,192248
2022-04-06 12:55:00,17.31,17.3699,17.31,17.355,245271
2022-04-06 13:00:00,17.35,17.365,17.325,17.355,169831
2022-04-06 13:05:00,17.355,17.385,17.335,17.345,137858
2022-04-06 13:10:00,17.3457,17.4,17.345,17.4,94914
2022-04-06 13:15:00,17.4,17.4599,17.39,17.4522,241793
2022-04-06 13:20:00,17.45,17.54,17.45,17.52,441188
2022-04-06 13:25:00,17.5269,17.5299,17.48,17.4902,245371
2022-04-06 13:30:00,17.495,17.51,17.47,17.495,188611
2022-04-06 13:35:00,17.495,17.53,17.455,17.5194,188617
2022-04-06 13:40:00,17.5157,17.595,17.505,17.575,234523
2022-04-06 13:45:00,17.575,17.6,17.54,17.5999,203666
2022-04-06 13:50:00,17.6,17.66,17.59,17.635,279869
2022-04-06 13:55:00,17.63,17.64,17.53,17.5492,210643
2022-04-06 14:00:00,17.55,17.67,17.48,17.58,632267
2022-04-06 14:05:00,17.59,17.595,17.46,17.48,313622
2022-04-06 14:10:00,17.4841,17.485,17.405,17.405,262290
2022-04-06 14:15:00,17.4,17.405,17.345,17.365,368069
2022-04-06 14:20:00,17.37,17.4168,17.3541,17.39,284981
2022-04-06 14:25:00,17.395,17.43,17.35,17.3586,376856
2022-04-06 14:30:00,17.355,17.49,17.34,17.46,500261
2022-04-06 14:35:00,17.46,17.52,17.435,17.46,334165
2022-04-06 14:40:00,17.46,17.49,17.435,17.46,178793
2022-04-06 14:45:00,17.465,17.525,17.4438,17.4582,418232
2022-04-06 14:50:00,17.46,17.54,17.46,17.52,181244
2022-04-06 14:55:00,17.53,17.5762,17.525,17.57,261578
2022-04-06 15:00:00,17.57,17.66,17.57,17.66,347997
2022-04-06 15:05:00,17.655,17.655,17.59,17.61,413661
2022-04-06 15:10:00,17.61,17.645,17.585,17.61,226875
2022-04-06 15:15:00,17.61,17.64,17.55,17.565,289511
2022-04-06 15:20:00,17.565,17.57,17.465,17.47,399814
2022-04-06 15:25:00,17.465,17.48,17.43,17.45,205006
2022-04-06 15:30:00,17.445,17.465,17.43,17.435,241005
2022-04-06 15:35:00,17.44,17.48,17.4,17.465,1147102
2022-04-06 15:40:00,17.46,17.46,17.4,17.415,538260
2022-04-06 15:45:00,17.41,17.44,17.38,17.43,553454
2022-04-06 15:50:00,17.43,17.445,17.35,17.375,1212433
2022-04-06 15:55:00,17.37,17.4,17.35,17.38,1185830
2022-04-06 16:00:00,17.38,17.39,17.31,17.3801,942943
2022-04-06 16:05:00,17.3801,17.39,17.3801,17.39,4500
2022-04-06 16:10:00,17.39,17.39,17.38,17.38,1210
2022-04-06 16:15:00,17.3899,17.39,17.3899,17.39,1270
2022-04-06 16:20:00,17.38,17.39,17.36,17.39,5274
2022-04-06 16:25:00,17.39,17.39,17.39,17.39,4184
2022-04-06 16:30:00,17.41,17.45,17.41,17.45,14722
2022-04-06 16:35:00,17.42,17.42,17.39,17.4,3572
2022-04-06 16:40:00,17.39,17.39,17.39,17.39,1130
2022-04-06 16:45:00,17.3801,17.4,17.3801,17.4,26162
2022-04-06 16:50:00,17.4,17.4,17.4,17.4,1900
2022-04-06 16:55:00,17.41,17.43,17.41,17.43,6636
2022-04-06 17:10:00,17.42,17.42,17.41,17.41,1200
2022-04-06 17:15:00,17.42,17.42,17.41,17.41,1273
2022-04-06 17:20:00,17.42,17.42,17.41,17.41,1850
2022-04-06 17:25:00,17.41,17.42,17.41,17.42,1938
2022-04-06 17:30:00,17.41,17.42,17.41,17.42,1100
2022-04-06 17:40:00,17.41,17.41,17.41,17.41,400
2022-04-06 17:45:00,17.41,17.41,17.41,17.41,3200
2022-04-06 17:55:00,17.41,17.41,17.41,17.41,100
2022-04-06 18:00:00,17.41,17.41,17.4,17.4,2000
2022-04-06 18:20:00,17.4,17.4,17.4,17.4,100
2022-04-06 18:25:00,17.4,17.4,17.4,17.4,8269
2022-04-06 18:30:00,17.38,17.38,17.38,17.38,940
2022-04-06 18:35:00,17.39,17.39,17.39,17.39,1100
2022-04-06 18:40:00,17.39,17.39,17.39,17.39,2450
2022-04-06 18:45:00,17.39,17.39,17.39,17.39,2500
2022-04-06 18:50:00,17.4,17.4,17.4,17.4,100
2022-04-06 19:00:00,17.4,17.41,17.39,17.39,2100
2022-04-06 19:05:00,17.39,17.39,17.39,17.39,3500
2022-04-06 19:10:00,17.39,17.39,17.39,17.39,998
2022-04-06 19:15:00,17.38,17.4,17.38,17.4,2549
2022-04-06 19:20:00,17.4,17.4,17.4,17.4,400
2022-04-06 19:25:00,17.39,17.3901,17.39,17.3901,300
2022-04-06 19:30:00,17.4,17.4,17.38,17.38,1746
2022-04-06 19:40:00,17.38,17.38,17.38,17.38,3700
2022-04-06 19:45:00,17.37,17.37,17.36,17.36,4879
2022-04-06 19:50:00,17.35,17.38,17.32,17.33,5697
2022-04-06 19:55:00,17.33,17.34,17.33,17.33,5324
2022-04-07 04:00:00,17.7,17.7,17.33,17.33,400
2022-04-07 04:05:00,17.33,17.33,17.33,17.33,400
2022-04-07 04:40:00,17.48,17.48,17.48,17.48,242
2022-04-07 04:55:00,17.48,17.48,17.48,17.48,745
2022-04-07 05:05:00,17.53,17.67,17.48,17.48,1822
2022-04-07 05:10:00,17.45,17.45,17.45,17.45,198
2022-04-07 05:15:00,17.48,17.48,17.46,17.46,560
2022-04-07 05:40:00,17.49,17.49,17.49,17.49,119
2022-04-07 05:45:00,17.62,17.62,17.62,17.62,100
2022-04-07 06:00:00,17.6,17.6,17.6,17.6,100
2022-04-07 06:05:00,17.6,17.6,17.6,17.6,120
2022-04-07 06:10:00,17.59,17.59,17.59,17.59,1500
2022-04-07 06:25:00,17.59,17.59,17.59,17.59,500
2022-04-07 06:35:00,17.57,17.58,17.55,17.55,3993
2022-04-07 06:40:00,17.55,17.55,17.54,17.54,340
2022-04-07 06:55:00,17.53,17.53,17.53,17.53,100
2022-04-07 07:00:00,17.54,17.54,17.5,17.5,2234
2022-04-07 07:05:00,17.48,17.55,17.47,17.55,15584
2022-04-07 07:10:00,17.57,17.63,17.54,17.55,22410
2022-04-07 07:15:00,17.54,17.55,17.54,17.55,342
2022-04-07 07:20:00,17.52,17.57,17.52,17.53,4934
2022-04-07 07:25:00,17.53,17.53,17.52,17.52,1345
2022-04-07 07:30:00,17.51,17.51,17.5,17.5,400
2022-04-07 07:35:00,17.48,17.48,17.47,17.47,977
2022-04-07 07:40:00,17.46,17.47,17.46,17.47,500
2022-04-07 07:45:00,17.46,17.46,17.45,17.45,5826
2022-04-07 08:00:00,17.54,17.57,17.45,17.45,71001
2022-04-07 08:05:00,17.47,17.47,17.47,17.47,400
2022-04-07 08:10:00,17.45,17.45,17.4,17.4001,9425
2022-04-07 08:15:00,17.4,17.41,17.37,17.41,6004
2022-04-07 08:20:00,17.41,17.43,17.41,17.43,3500
2022-04-07 08:25:00,17.42,17.42,17.4,17.41,1556
2022-04-07 08:30:00,17.3801,17.43,17.37,17.41,21747
2022-04-07 08:35:00,17.41,17.42,17.4,17.42,3927
2022-04-07 08:40:00,17.42,17.43,17.38,17.39,13359
2022-04-07 08:45:00,17.4,17.42,17.4,17.41,3034
2022-04-07 08:50:00,17.42,17.42,17.37,17.37,10185
2022-04-07 08:55:00,17.36,17.36,17.33,17.35,3767
2022-04-07 09:00:00,17.36,17.36,17.32,17.32,822
2022-04-07 09:05:00,17.31,17.32,17.31,17.31,7700
2022-04-07 09:10:00,17.3,17.34,17.3,17.33,5570
2022-04-07 09:15:00,17.32,17.33,17.31,17.33,10390
2022-04-07 09:20:00,17.32,17.33,17.29,17.29,4692
2022-04-07 09:25:00,17.28,17.28,17.14,17.14,40435
2022-04-07 09:30:00,17.14,17.18,16.95,17.119,1733302
2022-04-07 09:35:00,17.12,17.21,17.025,17.15,547954
2022-04-07 09:40:00,17.145,17.2501,17.07,17.19,595470
2022-04-07 09:45:00,17.19,17.225,17.07,17.0797,545080
2022-04-07 09:50:00,17.08,17.115,17.03,17.0399,398361
2022-04-07 09:55:00,17.038,17.038,16.92,16.99,793831
2022-04-07 10:00:00,16.99,16.99,16.83,16.86,958731
2022-04-07 10:05:00,16.86,16.875,16.63,16.725,1586995
2022-04-07 10:10:00,16.725,16.8,16.67,16.76,1867076
2022-04-07 10:15:00,16.75,16.75,16.63,16.71,812608
2022-04-07 10:20:00,16.7,16.72,16.62,16.65,811594
2022-04-07 10:25:00,16.655,16.6877,16.62,16.64,767451
2022-04-07 10:30:00,16.63,16.735,16.61,16.7301,581237
2022-04-07 10:35:00,16.732,16.81,16.73,16.765,665467
2022-04-07 10:40:00,16.76,16.77,16.64,16.6899,525380
2022-04-07 10:45:00,16.69,16.715,16.645,16.65,279444
2022-04-07 10:50:00,16.655,16.7299,16.645,16.7206,349427
2022-04-07 10:55:00,16.7224,16.7393,16.65,16.6639,786180
2022-04-07 11:00:00,16.6619,16.77,16.655,16.7473,455324
2022-04-07 11:05:00,16.74,16.76,16.68,16.7317,314278
2022-04-07 11:10:00,16.7318,16.79,16.694,16.77,416334
2022-04-07 11:15:00,16.7638,16.77,16.7119,16.745,279213
2022-04-07 11:20:00,16.74,16.7668,16.715,16.765,176322
2022-04-07 11:25:00,16.765,16.785,16.7,16.725,312167
2022-04-07 11:30:00,16.725,16.73,16.665,16.71,275500
2022-04-07 11:35:00,16.71,16.74,16.68,16.695,267941
2022-04-07 11:40:00,16.69,16.72,16.66,16.67,287316
2022-04-07 11:45:00,16.67,16.74,16.66,16.6983,321470
2022-04-07 11:50:00,16.69,16.705,16.6527,16.66,175570
2022-04-07 11:55:00,16.66,16.69,16.6538,16.67,176994
2022-04-07 12:00:00,16.67,16.6799,16.605,16.6194,291777
2022-04-07 12:05:00,16.615,16.645,16.56,16.57,677769
2022-04-07 12:10:00,16.58,16.62,16.55,16.591,1057928
2022-04-07 12:15:00,16.5901,16.63,16.575,16.61,408126
2022-04-07 12:20:00,16.61,16.645,16.54,16.55,543974
2022-04-07 12:25:00,16.55,16.56,16.48,16.505,693956
2022-04-07 12:30:00,16.505,16.5497,16.495,16.52,171731
2022-04-07 12:35:00,16.52,16.52,16.42,16.43,799658
2022-04-07 12:40:00,16.425,16.4399,16.405,16.425,284228
2022-04-07 12:45:00,16.43,16.45,16.37,16.38,433978
2022-04-07 12:50:00,16.385,16.46,16.37,16.425,398604
2022-04-07 12:55:00,16.4205,16.49,16.42,16.475,193012
2022-04-07 13:00:00,16.4792,16.52,16.445,16.485,376152
2022-04-07 13:05:00,16.485,16.527,16.47,16.52,286900
2022-04-07 13:10:00,16.52,16.5699,16.51,16.5464,356623
2022-04-07 13:15:00,16.55,16.59,16.535,16.58,282462
2022-04-07 13:20:00,16.5739,16.61,16.56,16.56,230809
2022-04-07 13:25:00,16.5617,16.63,16.56,16.62,377888
2022-04-07 13:30:00,16.62,16.68,16.6001,16.615,381785
2022-04-07 13:35:00,16.615,16.65,16.6,16.6,197153
2022-04-07 13:40:00,16.605,16.615,16.5628,16.565,283638
2022-04-07 13:45:00,16.565,16.6,16.56,16.585,164985
2022-04-07 13:50:00,16.58,16.58,16.53,16.555,171094
2022-04-07 13:55:00,16.5511,16.69,16.55,16.675,415965
2022-04-07 14:00:00,16.67,16.72,16.67,16.7158,186878
2022-04-07 14:05:00,16.715,16.73,16.6701,16.675,302297
2022-04-07 14:10:00,16.67,16.69,16.66,16.685,227892
2022-04-07 14:15:00,16.685,16.71,16.66,16.664,218366
2022-04-07 14:20:00,16.67,16.715,16.665,16.715,187397
2022-04-07 14:25:00,16.72,16.765,16.705,16.72,438639
2022-04-07 14:30:00,16.71,16.747,16.7,16.735,228389
2022-04-07 14:35:00,16.73,16.7399,16.705,16.72,142646
2022-04-07 14:40:00,16.71,16.735,16.69,16.735,196710
2022-04-07 14:45:00,16.73,16.765,16.705,16.755,209771
2022-04-07 14:50:00,16.755,16.85,16.745,16.84,598561
2022-04-07 14:55:00,16.845,16.8601,16.81,16.84,476140
2022-04-07 15:00:00,16.83,16.9399,16.817,16.925,306075
2022-04-07 15:05:00,16.93,16.96,16.89,16.9,397083
2022-04-07 15:10:00,16.9,16.94,16.88,16.93,351829
2022-04-07 15:15:00,16.93,16.96,16.88,16.885,337254
2022-04-07 15:20:00,16.8801,16.89,16.845,16.8633,392867
2022-04-07 15:25:00,16.8644,16.9,16.86,16.8951,314310
2022-04-07 15:30:00,16.895,16.93,16.885,16.9241,263632
2022-04-07 15:35:00,16.93,16.98,16.92,16.9601,549920
2022-04-07 15:40:00,16.97,17.01,16.964,17.01,608307
2022-04-07 15:45:00,17.005,17.03,16.945,16.975,764247
2022-04-07 15:50:00,16.97,16.99,16.92,16.975,1019473
2022-04-07 15:55:00,16.97,16.99,16.94,16.97,1261583
2022-04-07 16:00:00,16.97,16.97,16.94,16.94,1342745
2022-04-07 16:05:00,16.95,16.95,16.95,16.95,463
2022-04-07 16:10:00,16.95,16.95,16.93,16.95,7618
2022-04-07 16:15:00,16.94,16.95,16.93,16.93,5905
2022-04-07 16:20:00,16.94,16.94,16.93,16.93,9935
2022-04-07 16:25:00,16.93,16.94,16.93,16.94,4013
2022-04-07 16:30:00,16.94,16.94,16.93,16.93,4600
2022-04-07 16:35:00,16.93,16.94,16.93,16.93,3101
2022-04-07 16:40:00,16.94,16.94,16.9399,16.9399,820
2022-04-07 16:45:00,16.93,16.93,16.93,16.93,5000
2022-04-07 16:50:00,16.93,16.94,16.93,16.94,6500
2022-04-07 16:55:00,16.93,16.94,16.93,16.94,1700
2022-04-07 17:00:00,16.94,16.94,16.93,16.93,3020
2022-04-07 17:05:00,16.93,16.94,16.93,16.94,1200
2022-04-07 17:10:00,16.9301,16.9301,16.9301,16.9301,500
2022-04-07 17:15:00,16.93,16.94,16.93,16.93,6906
2022-04-07 17:20:00,16.93,16.93,16.93,16.93,1125
2022-04-07 17:25:00,16.94,16.94,16.93,16.9399,6529
2022-04-07 17:30:00,16.9399,16.94,16.9399,16.94,1100
2022-04-07 17:35:00,16.93,16.93,16.93,16.93,100
2022-04-07 17:40:00,16.93,16.94,16.93,16.94,600
2022-04-07 17:45:00,16.9301,16.94,16.93,16.94,16750
2022-04-07 17:50:00,16.9399,16.9399,16.9399,16.9399,1100
2022-04-07 17:55:00,16.94,16.94,16.94,16.94,100
2022-04-07 18:00:00,16.9301,16.9301,16.9301,16.9301,930
2022-04-07 18:05:00,16.93,16.93,16.93,16.93,400
2022-04-07 18:10:00,16.93,16.93,16.93,16.93,1099
2022-04-07 18:15:00,16.93,16.93,16.93,16.93,1490
2022-04-07 18:20:00,16.94,16.95,16.94,16.95,8823
2022-04-07 18:30:00,16.93,16.93,16.93,16.93,497
2022-04-07 18:35:00,16.94,16.94,16.93,16.93,2000
2022-04-07 18:40:00,16.93,16.93,16.93,16.93,200
2022-04-07 18:45:00,16.94,16.94,16.94,16.94,245
2022-04-07 18:50:00,16.93,16.93,16.93,16.93,2500
2022-04-07 18:55:00,16.94,16.94,16.94,16.94,100
2022-04-07 19:00:00,16.94,16.94,16.94,16.94,800
2022-04-07 19:05:00,16.94,16.94,16.94,16.94,4000
2022-04-07 19:10:00,16.94,16.94,16.94,16.94,5100
2022-04-07 19:15:00,16.94,16.94,16.94,16.94,300
2022-04-07 19:20:00,16.94,16.97,16.94,16.95,6803
2022-04-07 19:25:00,16.96,16.96,16.94,16.94,28231
2022-04-07 19:30:00,16.94,16.94,16.94,16.94,200
2022-04-07 19:35:00,16.94,16.95,16.94,16.95,1635
2022-04-07 19:40:00,16.95,16.96,16.95,16.95,1895
2022-04-07 19:45:00,16.94,16.95,16.94,16.95,200
2022-04-07 19:50:00,16.94,16.95,16.94,16.95,3562
2022-04-07 19:55:00,16.95,16.96,16.95,16.96,10673
2022-04-08 04:00:00,17.0,17.05,17.0,17.05,504
2022-04-08 04:05:00,17.05,17.25,17.05,17.24,3935
2022-04-08 04:15:00,17.07,17.07,17.06,17.06,1099
2022-04-08 04:20:00,17.1,17.11,17.1,17.11,594
2022-04-08 04:25:00,17.15,17.17,17.15,17.16,900
2022-04-08 04:30:00,17.17,17.17,17.17,17.17,261
2022-04-08 04:45:00,17.15,17.16,17.11,17.12,1381
2022-04-08 04:50:00,17.1,17.1,17.03,17.03,1289
2022-04-08 05:25:00,17.05,17.05,17.05,17.05,100
2022-04-08 05:35:00,17.11,17.11,17.11,17.11,100
2022-04-08 05:50:00,17.05,17.05,17.05,17.05,200
2022-04-08 06:00:00,17.01,17.01,17.0,17.01,786
2022-04-08 06:10:00,17.02,17.02,17.02,17.02,350
2022-04-08 06:25:00,17.02,17.02,17.02,17.02,251
2022-04-08 06:30:00,17.01,17.01,17.01,17.01,700
2022-04-08 06:50:00,17.01,17.02,17.0,17.0,1400
2022-04-08 06:55:00,17.03,17.07,17.03,17.07,400
2022-04-08 07:00:00,17.07,17.07,16.97,17.0,6235
2022-04-08 07:05:00,16.98,16.98,16.96,16.96,5964
2022-04-08 07:10:00,17.0,17.02,16.97,16.97,2192
2022-04-08 07:15:00,16.96,16.96,16.95,16.95,2400
2022-04-08 07:20:00,16.95,16.97,16.95,16.97,969
2022-04-08 07:25:00,16.96,16.96,16.96,16.96,1010
2022-04-08 07:30:00,16.97,16.97,16.97,16.97,5127
2022-04-08 07:35:00,16.97,16.99,16.97,16.99,1247
2022-04-08 07:40:00,16.99,17.0,16.99,17.0,750
2022-04-08 07:45:00,17.0,17.01,17.0,17.0,3852
2022-04-08 07:50:00,17.0,17.02,17.0,17.02,3700
2022-04-08 08:00:00,17.04,17.05,16.95,17.02,48499
2022-04-08 08:05:00,17.02,17.03,16.97,16.99,15160
2022-04-08 08:10:00,16.99,16.99,16.97,16.97,4246
2022-04-08 08:15:00,16.97,16.99,16.97,16.99,19347
2022-04-08 08:20:00,16.9901,17.0201,16.99,17.0201,10222
2022-04-08 08:25:00,17.03,17.05,17.03,17.0301,3993
2022-04-08 08:30:00,17.0301,17.04,17.01,17.03,5986
2022-04-08 08:35:00,17.02,17.0201,17.01,17.01,5967
2022-04-08 08:40:00,17.01,17.01,16.9601,16.97,20007
2022-04-08 08:45:00,16.97,16.98,16.96,16.9799,8348
2022-04-08 08:50:00,16.98,16.98,16.96,16.96,7956
2022-04-08 08:55:00,16.96,16.97,16.96,16.9699,2022
2022-04-08 09:00:00,16.96,16.96,16.91,16.91,17387
2022-04-08 09:05:00,16.9,16.92,16.8601,16.91,14200
2022-04-08 09:10:00,16.91,16.91,16.87,16.9,6154
2022-04-08 09:15:00,16.91,16.91,16.8501,16.8501,21330
2022-04-08 09:20:00,16.85,16.85,16.82,16.8457,13505
2022-04-08 09:25:00,16.85,16.92,16.84,16.85,133813
2022-04-08 09:30:00,16.87,16.94,16.665,16.7,867724
2022-04-08 09:35:00,16.6901,16.77,16.63,16.675,650288
2022-04-08 09:40:00,16.67,16.8,16.65,16.75,574061
2022-04-08 09:45:00,16.75,16.825,16.705,16.79,606609
2022-04-08 09:50:00,16.78,16.8,16.67,16.68,349048
2022-04-08 09:55:00,16.68,16.705,16.6324,16.67,292010
2022-04-08 10:00:00,16.665,16.715,16.605,16.68,509127
2022-04-08 10:05:00,16.6899,16.71,16.62,16.69,436123
2022-04-08 10:10:00,16.69,16.7,16.62,16.64,320929
2022-04-08 10:15:00,16.65,16.715,16.615,16.71,294104
2022-04-08 10:20:00,16.71,16.765,16.675,16.745,257624
2022-04-08 10:25:00,16.75,16.8278,16.7401,16.825,431606
2022-04-08 10:30:00,16.825,16.845,16.785,16.805,298088
2022-04-08 10:35:00,16.805,16.9,16.79,16.8843,344138
2022-04-08 10:40:00,16.885,16.91,16.83,16.85,316557
2022-04-08 10:45:00,16.85,16.93,16.85,16.875,358274
2022-04-08 10:50:00,16.871,17.0,16.865,16.9526,325155
2022-04-08 10:55:00,16.9599,16.9897,16.93,16.96,290561
2022-04-08 11:00:00,16.95,17.01,16.925,16.975,305841
2022-04-08 11:05:00,16.9752,17.02,16.935,16.9701,312333
2022-04-08 11:10:00,16.98,16.98,16.935,16.955,218581
2022-04-08 11:15:00,16.96,16.965,16.89,16.9,251568
2022-04-08 11:20:00,16.9,16.9,16.82,16.84,381718
2022-04-08 11:25:00,16.84,16.86,16.8235,16.83,160814
2022-04-08 11:30:00,16.83,16.86,16.81,16.84,222236
2022-04-08 11:35:00,16.835,16.8399,16.79,16.82,131060
2022-04-08 11:40:00,16.8235,16.845,16.815,16.815,128493
2022-04-08 11:45:00,16.815,16.87,16.81,16.84,221398
2022-04-08 11:50:00,16.84,16.855,16.82,16.83,135580
2022-04-08 11:55:00,16.825,16.8382,16.81,16.81,71811
2022-04-08 12:00:00,16.81,16.835,16.7908,16.82,126477
2022-04-08 12:05:00,16.82,16.83,16.8,16.8299,53934
2022-04-08 12:10:00,16.82,16.85,16.79,16.815,161714
2022-04-08 12:15:00,16.81,16.825,16.78,16.81,134334
2022-04-08 12:20:00,16.8199,16.86,16.8101,16.8482,142282
2022-04-08 12:25:00,16.85,16.895,16.8406,16.8745,265024
2022-04-08 12:30:00,16.87,16.905,16.855,16.8727,189332
2022-04-08 12:35:00,16.87,16.89,16.86,16.8759,108228
2022-04-08 12:40:00,16.8764,16.955,16.865,16.95,198155
2022-04-08 12:45:00,16.955,16.965,16.87,16.8799,223643
2022-04-08 12:50:00,16.8708,16.91,16.87,16.9,336018
2022-04-08 12:55:00,16.9,16.9,16.865,16.8756,152626
2022-04-08 13:00:00,16.88,16.88,16.775,16.805,470869
2022-04-08 13:05:00,16.805,16.805,16.75,16.755,294464
2022-04-08 13:10:00,16.76,16.76,16.71,16.7122,276581
2022-04-08 13:15:00,16.71,16.73,16.68,16.7057,182026
2022-04-08 13:20:00,16.7,16.745,16.7,16.7366,157344
2022-04-08 13:25:00,16.73,16.735,16.7,16.71,193892
2022-04-08 13:30:00,16.715,16.74,16.705,16.72,98460
2022-04-08 13:35:00,16.71,16.73,16.7032,16.72,172026
2022-04-08 13:40:00,16.715,16.74,16.7101,16.7277,110681
2022-04-08 13:45:00,16.725,16.75,16.72,16.735,106864
2022-04-08 13:50:00,16.735,16.7496,16.715,16.74,118041
2022-04-08 13:55:00,16.74,16.7499,16.73,16.735,68537
2022-04-08 14:00:00,16.7301,16.76,16.73,16.74,110990
2022-04-08 14:05:00,16.74,16.78,16.73,16.75,203002
2022-04-08 14:10:00,16.75,16.78,16.74,16.775,151088
2022-04-08 14:15:00,16.77,16.79,16.75,16.77,144476
2022-04-08 14:20:00,16.775,16.8,16.74,16.745,164802
2022-04-08 14:25:00,16.74,16.745,16.675,16.68,210217
2022-04-08 14:30:00,16.68,16.685,16.65,16.6581,198711
2022-04-08 14:35:00,16.655,16.68,16.65,16.655,219283
2022-04-08 14:40:00,16.65,16.67,16.64,16.655,185518
2022-04-08 14:45:00,16.655,16.6799,16.64,16.6695,90864
2022-04-08 14:50:00,16.67,16.71,16.665,16.7023,167489
2022-04-08 14:55:00,16.705,16.705,16.67,16.6705,100116
2022-04-08 15:00:00,16.68,16.69,16.66,16.685,110778
2022-04-08 15:05:00,16.69,16.69,16.65,16.665,82970
2022-04-08 15:10:00,16.665,16.71,16.66,16.69,231755
2022-04-08 15:15:00,16.685,16.71,16.67,16.67,149464
2022-04-08 15:20:00,16.675,16.695,16.66,16.675,123812
2022-04-08 15:25:00,16.675,16.7,16.675,16.695,125833
2022-04-08 15:30:00,16.7,16.71,16.655,16.655,267385
2022-04-08 15:35:00,16.66,16.66,16.6101,16.615,288048
2022-04-08 15:40:00,16.615,16.63,16.6,16.6134,217776
2022-04-08 15:45:00,16.62,16.63,16.585,16.585,593275
2022-04-08 15:50:00,16.59,16.61,16.5732,16.605,578251
2022-04-08 15:55:00,16.605,16.61,16.57,16.6,1111751
2022-04-08 16:00:00,16.59,16.62,16.59,16.61,672275
2022-04-08 16:05:00,16.6,16.64,16.6,16.62,19035
2022-04-08 16:10:00,16.62,16.63,16.62,16.62,4739
2022-04-08 16:15:00,16.61,16.63,16.61,16.63,9903
2022-04-08 16:20:00,16.63,16.63,16.62,16.63,4399
2022-04-08 16:25:00,16.62,16.63,16.62,16.6299,2400
2022-04-08 16:30:00,16.62,16.62,16.62,16.62,4200
2022-04-08 16:35:00,16.62,16.63,16.62,16.63,1600
2022-04-08 16:40:00,16.63,16.63,16.62,16.62,1800
2022-04-08 16:45:00,16.62,16.63,16.62,16.63,1370
2022-04-08 16:50:00,16.63,16.63,16.6299,16.6299,5241
2022-04-08 16:55:00,16.62,16.63,16.62,16.63,4861
2022-04-08 17:00:00,16.62,16.62,16.61,16.61,18762
2022-04-08 17:05:00,16.62,16.62,16.61,16.61,1125
2022-04-08 17:10:00,16.61,16.61,16.61,16.61,1000
2022-04-08 17:15:00,16.61,16.61,16.61,16.61,1500
2022-04-08 17:20:00,16.61,16.61,16.61,16.61,900
2022-04-08 17:25:00,16.6,16.6,16.6,16.6,1833
2022-04-08 17:30:00,16.61,16.61,16.61,16.61,100
2022-04-08 17:35:00,16.61,16.61,16.61,16.61,300
2022-04-08 17:40:00,16.6,16.6,16.6,16.6,500
2022-04-08 17:45:00,16.6,16.61,16.6,16.61,3500
2022-04-08 17:50:00,16.61,16.61,16.61,16.61,300
2022-04-08 17:55:00,16.61,16.61,16.59,16.6,2730
2022-04-08 18:00:00,16.6,16.6,16.59,16.6,3438
2022-04-08 18:05:00,16.6,16.61,16.6,16.61,1400
2022-04-08 18:10:00,16.6,16.6,16.58,16.58,2501
2022-04-08 18:15:00,16.57,16.58,16.57,16.58,400
2022-04-08 18:20:00,16.58,16.58,16.58,16.58,1113
2022-04-08 18:30:00,16.59,16.59,16.59,16.59,1100
2022-04-08 18:35:00,16.59,16.59,16.59,16.59,200
2022-04-08 18:40:00,16.58,16.58,16.58,16.58,974
2022-04-08 18:45:00,16.58,16.58,16.5799,16.5799,1150
2022-04-08 18:50:00,16.58,16.58,16.58,16.58,1307
2022-04-08 19:00:00,16.59,16.59,16.59,16.59,250
2022-04-08 19:05:00,16.59,16.59,16.57,16.57,1939
2022-04-08 19:10:00,16.57,16.57,16.56,16.56,1400
2022-04-08 19:15:00,16.57,16.57,16.57,16.57,641
2022-04-08 19:20:00,16.57,16.57,16.56,16.56,5337
2022-04-08 19:25:00,16.55,16.57,16.55,16.56,2100
2022-04-08 19:30:00,16.57,16.57,16.56,16.57,1946
2022-04-08 19:35:00,16.56,16.57,16.56,16.57,400
2022-04-08 19:40:00,16.59,16.6,16.59,16.59,1679
2022-04-08 19:45:00,16.6,16.6,16.59,16.59,2393
2022-04-08 19:50:00,16.59,16.59,16.58,16.58,30443
2022-04-08 19:55:00,16.56,16.58,16.55,16.58,1415
2022-04-11 04:00:00,16.7,16.7,16.55,16.55,582
2022-04-11 04:05:00,16.51,16.51,16.5,16.5,3955
2022-04-11 04:15:00,16.49,16.49,16.48,16.48,300
2022-04-11 04:20:00,16.41,16.41,16.41,16.41,156
2022-04-11 04:25:00,16.42,16.42,16.42,16.42,326
2022-04-11 04:35:00,16.43,16.43,16.43,16.43,465
2022-04-11 04:55:00,16.48,16.48,16.46,16.46,521
2022-04-11 05:20:00,16.43,16.43,16.43,16.43,214
2022-04-11 05:25:00,16.45,16.47,16.45,16.45,2297
2022-04-11 05:45:00,16.48,16.51,16.48,16.5,2320
2022-04-11 06:00:00,16.55,16.55,16.5,16.5,535
2022-04-11 06:05:00,16.51,16.51,16.51,16.51,100
2022-04-11 06:10:00,16.45,16.45,16.41,16.42,4408
2022-04-11 06:15:00,16.49,16.51,16.49,16.51,1323
2022-04-11 06:25:00,16.5,16.54,16.49,16.54,2600
2022-04-11 06:30:00,16.55,16.56,16.54,16.56,2327
2022-04-11 06:40:00,16.54,16.54,16.54,16.54,100
2022-04-11 07:00:00,16.57,16.57,16.51,16.51,3076
2022-04-11 07:05:00,16.54,16.54,16.51,16.54,5211
2022-04-11 07:10:00,16.53,16.53,16.52,16.53,610
2022-04-11 07:15:00,16.54,16.55,16.54,16.55,400
2022-04-11 07:20:00,16.53,16.53,16.51,16.51,1245
2022-04-11 07:25:00,16.51,16.53,16.51,16.53,3225
2022-04-11 07:30:00,16.52,16.53,16.52,16.53,400
2022-04-11 07:35:00,16.52,16.52,16.5,16.5,2105
2022-04-11 07:40:00,16.5,16.5,16.5,16.5,1048
2022-04-11 07:45:00,16.51,16.51,16.5,16.5,1743
2022-04-11 07:50:00,16.5,16.5,16.5,16.5,1708
2022-04-11 07:55:00,16.5,16.5,16.48,16.48,7781
2022-04-11 08:00:00,16.5501,16.57,16.49,16.5,40527
2022-04-11 08:05:00,16.5,16.5,16.5,16.5,700
2022-04-11 08:10:00,16.49,16.49,16.45,16.45,8544
2022-04-11 08:15:00,16.45,16.46,16.44,16.44,2300
2022-04-11 08:20:00,16.45,16.46,16.42,16.42,3427
2022-04-11 08:25:00,16.42,16.44,16.41,16.41,14676
2022-04-11 08:30:00,16.4,16.41,16.4,16.4,4013
2022-04-11 08:35:00,16.41,16.45,16.41,16.44,8903
2022-04-11 08:40:00,16.42,16.43,16.42,16.43,6296
2022-04-11 08:45:00,16.4399,16.4399,16.43,16.43,3340
2022-04-11 08:50:00,16.43,16.44,16.43,16.44,1709
2022-04-11 08:55:00,16.42,16.42,16.41,16.42,1341
2022-04-11 09:00:00,16.42,16.42,16.35,16.39,44613
2022-04-11 09:05:00,16.38,16.38,16.31,16.3699,49045
2022-04-11 09:10:00,16.36,16.36,16.34,16.35,9650
2022-04-11 09:15:00,16.35,16.3799,16.3399,16.34,13621
2022-04-11 09:20:00,16.3499,16.36,16.34,16.35,10702
2022-04-11 09:25:00,16.36,16.52,16.36,16.5,31713
2022-04-11 09:30:00,16.5,16.61,16.41,16.53,1035469
2022-04-11 09:35:00,16.53,16.8468,16.52,16.8281,969704
2022-04-11 09:40:00,16.83,17.12,16.82,17.11,1338416
2022-04-11 09:45:00,17.11,17.15,17.015,17.065,953877
2022-04-11 09:50:00,17.07,17.125,16.96,17.085,558248
2022-04-11 09:55:00,17.09,17.17,17.0334,17.15,686415
2022-04-11 10:00:00,17.145,17.2,17.09,17.15,552836
2022-04-11 10:05:00,17.14,17.21,17.1,17.165,776746
2022-04-11 10:10:00,17.165,17.23,17.15,17.2,550269
2022-04-11 10:15:00,17.2,17.21,17.02,17.0514,546367
2022-04-11 10:20:00,17.0509,17.18,17.0509,17.135,569029
2022-04-11 10:25:00,17.14,17.155,17.075,17.1,477470
2022-04-11 10:30:00,17.1,17.2,17.07,17.155,425054
2022-04-11 10:35:00,17.155,17.155,17.06,17.08,232774
2022-04-11 10:40:00,17.075,17.1299,17.07,17.1,438218
2022-04-11 10:45:00,17.1,17.1399,17.1,17.1004,186915
2022-04-11 10:50:00,17.1,17.14,17.09,17.125,197309
2022-04-11 10:55:00,17.12,17.17,17.09,17.13,236576
2022-04-11 11:00:00,17.12,17.14,17.05,17.075,275823
2022-04-11 11:05:00,17.08,17.08,17.01,17.035,275576
2022-04-11 11:10:00,17.035,17.089,17.0209,17.045,282429
2022-04-11 11:15:00,17.045,17.075,17.035,17.0499,166387
2022-04-11 11:20:00,17.04,17.049,16.96,16.985,299924
2022-04-11 11:25:00,16.99,17.02,16.96,17.02,263617
2022-04-11 11:30:00,17.0199,17.08,17.015,17.07,345376
2022-04-11 11:35:00,17.07,17.11,17.06,17.08,257997
2022-04-11 11:40:00,17.0726,17.09,17.055,17.085,109580
2022-04-11 11:45:00,17.09,17.1,17.04,17.04,146900
2022-04-11 11:50:00,17.0499,17.0667,17.015,17.055,167469
2022-04-11 11:55:00,17.05,17.09,17.04,17.09,117362
2022-04-11 12:00:00,17.08,17.0999,17.035,17.05,96255
2022-04-11 12:05:00,17.05,17.07,17.01,17.03,152256
2022-04-11 12:10:00,17.025,17.0399,16.975,17.0059,123381
2022-04-11 12:15:00,17.0,17.045,16.9901,17.035,134499
2022-04-11 12:20:00,17.035,17.05,17.03,17.0457,50324
2022-04-11 12:25:00,17.045,17.065,17.025,17.0297,124887
2022-04-11 12:30:00,17.025,17.0401,17.005,17.01,96747
2022-04-11 12:35:00,17.015,17.045,16.992,17.035,134932
2022-04-11 12:40:00,17.03,17.035,16.995,17.01,85741
2022-04-11 12:45:00,17.01,17.035,17.0,17.025,133048
2022-04-11 12:50:00,17.03,17.06,16.9601,16.9898,277145
2022-04-11 12:55:00,16.99,17.01,16.975,17.0071,186067
2022-04-11 13:00:00,17.005,17.06,17.005,17.0503,124802
2022-04-11 13:05:00,17.05,17.08,17.045,17.05,115956
2022-04-11 13:10:00,17.045,17.05,17.01,17.025,147677
2022-04-11 13:15:00,17.03,17.03,16.97,16.99,202614
2022-04-11 13:20:00,16.985,17.01,16.97,16.99,156431
2022-04-11 13:25:00,16.99,17.0418,16.99,17.03,141809
2022-04-11 13:30:00,17.04,17.08,17.04,17.08,140582
2022-04-11 13:35:00,17.08,17.09,17.01,17.025,107790
2022-04-11 13:40:00,17.03,17.0526,17.0001,17.01,107912
2022-04-11 13:45:00,17.01,17.02,16.99,16.995,77670
2022-04-11 13:50:00,16.99,17.03,16.975,17.02,183453
2022-04-11 13:55:00,17.015,17.045,16.99,17.045,123368
2022-04-11 14:00:00,17.045,17.055,17.02,17.05,105716
2022-04-11 14:05:00,17.05,17.0899,17.035,17.065,178391
2022-04-11 14:10:00,17.065,17.078,17.0,17.01,107991
2022-04-11 14:15:00,17.0,17.0194,16.98,16.98,147314
2022-04-11 14:20:00,16.98,16.997,16.965,16.97,246625
2022-04-11 14:25:00,16.975,17.03,16.97,17.02,145265
2022-04-11 14:30:00,17.02,17.07,16.995,17.07,115088
2022-04-11 14:35:00,17.06,17.0799,17.035,17.065,150517
2022-04-11 14:40:00,17.06,17.08,17.03,17.05,121298
2022-04-11 14:45:00,17.06,17.1,17.05,17.0977,175164
2022-04-11 14:50:00,17.0905,17.13,17.09,17.11,293091
2022-04-11 14:55:00,17.12,17.14,17.11,17.13,181685
2022-04-11 15:00:00,17.13,17.15,17.08,17.085,327870
2022-04-11 15:05:00,17.085,17.135,17.075,17.135,257949
2022-04-11 15:10:00,17.14,17.16,17.1108,17.125,258755
2022-04-11 15:15:00,17.13,17.16,17.11,17.145,188604
2022-04-11 15:20:00,17.15,17.165,17.13,17.16,245176
2022-04-11 15:25:00,17.17,17.17,17.11,17.1237,157773
2022-04-11 15:30:00,17.125,17.13,17.09,17.095,145740
2022-04-11 15:35:00,17.095,17.106,17.06,17.06,303007
2022-04-11 15:40:00,17.065,17.065,17.0101,17.02,416640
2022-04-11 15:45:00,17.0299,17.0299,16.96,17.0,505136
2022-04-11 15:50:00,16.995,17.015,16.95,16.965,550737
2022-04-11 15:55:00,16.965,16.98,16.9401,16.97,721754
2022-04-11 16:00:00,16.97,16.97,16.92,16.95,569686
2022-04-11 16:05:00,16.98,16.98,16.94,16.94,5861
2022-04-11 16:10:00,16.95,16.95,16.94,16.9401,5816
2022-04-11 16:15:00,16.95,16.95,16.93,16.93,7718
2022-04-11 16:20:00,16.95,16.95,16.93,16.93,376
2022-04-11 16:25:00,16.93,16.93,16.93,16.93,637
2022-04-11 16:30:00,16.93,16.97,16.93,16.97,6352
2022-04-11 16:35:00,16.97,16.97,16.97,16.97,8697
2022-04-11 16:40:00,16.97,16.98,16.97,16.97,3137
2022-04-11 16:45:00,16.97,16.97,16.97,16.97,1000
2022-04-11 16:55:00,16.98,16.98,16.98,16.98,1054
2022-04-11 17:05:00,16.98,16.98,16.98,16.98,155
2022-04-11 17:10:00,16.97,16.98,16.97,16.98,4415
2022-04-11 17:20:00,16.99,16.99,16.99,16.99,250
2022-04-11 17:25:00,16.98,16.9801,16.98,16.9801,1211
2022-04-11 17:30:00,16.99,16.99,16.99,16.99,350
2022-04-11 17:35:00,16.99,16.99,16.98,16.98,1200
2022-04-11 17:40:00,16.9899,16.9899,16.9899,16.9899,1000
2022-04-11 17:45:00,16.9801,16.99,16.98,16.99,1362
2022-04-11 17:50:00,16.99,16.99,16.9801,16.9801,600
2022-04-11 17:55:00,16.98,16.99,16.98,16.99,355
2022-04-11 18:00:00,16.99,16.99,16.99,16.99,300
2022-04-11 18:05:00,16.99,16.99,16.99,16.99,500
2022-04-11 18:10:00,16.98,16.98,16.95,16.95,4993
2022-04-11 18:35:00,16.97,16.97,16.97,16.97,120
2022-04-11 18:45:00,16.98,16.98,16.98,16.98,500
2022-04-11 18:50:00,16.97,16.97,16.97,16.97,2388
2022-04-11 19:00:00,16.98,16.98,16.98,16.98,200
2022-04-11 19:05:00,16.97,16.97,16.97,16.97,1876
2022-04-11 19:15:00,16.97,16.97,16.97,16.97,500
2022-04-11 19:20:00,16.97,16.97,16.97,16.97,300
2022-04-11 19:25:00,16.96,16.97,16.96,16.97,17400
2022-04-11 19:30:00,16.97,16.97,16.97,16.97,100
2022-04-11 19:35:00,16.96,16.96,16.96,16.96,1200
2022-04-11 19:40:00,16.97,16.97,16.97,16.97,2553
2022-04-11 19:45:00,16.97,16.97,16.96,16.97,2300
2022-04-11 19:50:00,16.96,16.96,16.95,16.9501,4500
2022-04-11 19:55:00,16.95,16.96,16.95,16.95,2652
2022-04-12 04:00:00,16.95,16.95,16.95,16.95,289
2022-04-12 04:20:00,16.94,16.94,16.94,16.94,100
2022-04-12 04:30:00,16.9,16.9,16.85,16.85,500
2022-04-12 04:35:00,16.88,16.88,16.88,16.88,100
2022-04-12 04:40:00,16.95,16.95,16.95,16.95,100
2022-04-12 05:25:00,16.99,16.99,16.99,16.99,100
2022-04-12 05:40:00,17.0,17.0,17.0,17.0,100
2022-04-12 05:55:00,17.0,17.0,17.0,17.0,189
2022-04-12 06:00:00,16.99,16.99,16.99,16.99,377
2022-04-12 07:00:00,17.0,17.0,16.97,16.97,1351
2022-04-12 07:05:00,16.97,17.0,16.97,17.0,10378
2022-04-12 07:10:00,17.0,17.0,17.0,17.0,12703
2022-04-12 07:15:00,17.0,17.0,16.93,16.93,12464
2022-04-12 07:20:00,16.93,16.94,16.92,16.92,1800
2022-04-12 07:25:00,16.94,16.95,16.94,16.95,1100
2022-04-12 07:30:00,16.96,17.07,16.96,17.05,13268
2022-04-12 07:35:00,17.03,17.03,16.94,16.95,4900
2022-04-12 07:40:00,16.94,16.95,16.92,16.93,8080
2022-04-12 07:45:00,16.94,17.03,16.94,17.02,25334
2022-04-12 07:50:00,17.0,17.0,17.0,17.0,3600
2022-04-12 07:55:00,17.0,17.04,17.0,17.04,15213
2022-04-12 08:00:00,17.0399,17.06,16.92,17.03,82762
2022-04-12 08:05:00,17.03,17.0499,17.03,17.04,6149
2022-04-12 08:10:00,17.05,17.05,17.04,17.04,2400
2022-04-12 08:15:00,17.0499,17.05,17.04,17.04,2300
2022-04-12 08:20:00,17.05,17.05,17.05,17.05,1200
2022-04-12 08:25:00,17.03,17.05,17.03,17.03,14100
2022-04-12 08:30:00,17.05,17.24,17.05,17.24,36947
2022-04-12 08:35:00,17.22,17.22,17.13,17.1488,79376
2022-04-12 08:40:00,17.14,17.18,17.14,17.18,16209
2022-04-12 08:45:00,17.18,17.2,17.17,17.19,52271
2022-04-12 08:50:00,17.2,17.24,17.18,17.24,57530
2022-04-12 08:55:00,17.23,17.25,17.22,17.23,34140
2022-04-12 09:00:00,17.23,17.25,17.2,17.24,37707
2022-04-12 09:05:00,17.24,17.25,17.21,17.22,24103
2022-04-12 09:10:00,17.21,17.24,17.21,17.23,8158
2022-04-12 09:15:00,17.23,17.24,17.21,17.24,8653
2022-04-12 09:20:00,17.23,17.25,17.17,17.25,50381
2022-04-12 09:25:00,17.24,17.24,17.0,17.05,99233
2022-04-12 09:30:00,17.14,17.15,16.725,16.83,1844780
2022-04-12 09:35:00,16.83,16.97,16.69,16.925,1179780
2022-04-12 09:40:00,16.925,17.0,16.815,16.83,698655
2022-04-12 09:45:00,16.83,16.91,16.75,16.85,480954
2022-04-12 09:50:00,16.855,16.93,16.845,16.895,388210
2022-04-12 09:55:00,16.89,16.99,16.865,16.96,525376
2022-04-12 10:00:00,16.9618,17.01,16.8736,17.01,840966
2022-04-12 10:05:00,17.0099,17.15,16.98,17.145,1182367
2022-04-12 10:10:00,17.145,17.15,17.055,17.1014,1200497
2022-04-12 10:15:00,17.1,17.15,17.02,17.02,1371387
2022-04-12 10:20:00,17.03,17.145,17.02,17.145,446219
2022-04-12 10:25:00,17.15,17.155,17.0,17.01,521055
2022-04-12 10:30:00,17.02,17.067,16.98,17.035,337576
2022-04-12 10:35:00,17.035,17.07,16.91,16.91,395223
2022-04-12 10:40:00,16.915,16.93,16.86,16.92,658505
2022-04-12 10:45:00,16.925,16.96,16.885,16.915,194763
2022-04-12 10:50:00,16.915,16.94,16.87,16.9,210316
2022-04-12 10:55:00,16.905,16.94,16.89,16.905,226597
2022-04-12 11:00:00,16.9,16.965,16.895,16.955,324907
2022-04-12 11:05:00,16.9568,16.985,16.9,16.945,185740
2022-04-12 11:10:00,16.945,16.97,16.915,16.9658,186848
2022-04-12 11:15:00,16.97,16.97,16.9108,16.9298,176537
2022-04-12 11:20:00,16.93,16.96,16.92,16.94,113860
2022-04-12 11:25:00,16.945,17.01,16.945,16.9808,270848
2022-04-12 11:30:00,16.985,17.02,16.98,16.995,194529
2022-04-12 11:35:00,16.995,17.0,16.945,16.975,144933
2022-04-12 11:40:00,16.975,17.01,16.97,17.01,114329
2022-04-12 11:45:00,17.005,17.03,16.985,17.0,170427
2022-04-12 11:50:00,17.0,17.02,16.9848,16.995,220058
2022-04-12 11:55:00,16.995,17.0099,16.9648,16.98,166229
2022-04-12 12:00:00,16.975,16.995,16.95,16.975,138221
2022-04-12 12:05:00,16.975,16.99,16.93,16.9422,161546
2022-04-12 12:10:00,16.945,16.945,16.89,16.91,243089
2022-04-12 12:15:00,16.905,16.965,16.9,16.915,139318
2022-04-12 12:20:00,16.915,16.93,16.88,16.885,152614
2022-04-12 12:25:00,16.885,16.9,16.86,16.875,222663
2022-04-12 12:30:00,16.87,16.88,16.8411,16.8466,259254
2022-04-12 12:35:00,16.8485,16.91,16.84,16.905,175104
2022-04-12 12:40:00,16.9,16.92,16.88,16.915,136891
2022-04-12 12:45:00,16.915,16.935,16.88,16.9325,138720
2022-04-12 12:50:00,16.93,16.95,16.905,16.92,117767
2022-04-12 12:55:00,16.91,16.96,16.905,16.9587,73784
2022-04-12 13:00:00,16.95,16.96,16.91,16.935,194227
2022-04-12 13:05:00,16.94,16.96,16.92,16.94,197749
2022-04-12 13:10:00,16.94,17.04,16.94,17.035,407143
2022-04-12 13:15:00,17.02,17.036,16.971,17.0085,163239
2022-04-12 13:20:00,17.01,17.03,16.995,17.01,206853
2022-04-12 13:25:00,17.01,17.0199,16.96,16.9698,128102
2022-04-12 13:30:00,16.97,16.9993,16.96,16.9824,91240
2022-04-12 13:35:00,16.985,17.02,16.971,16.985,154165
2022-04-12 13:40:00,16.98,17.005,16.96,16.965,216900
2022-04-12 13:45:00,16.965,16.965,16.92,16.9342,141183
2022-04-12 13:50:00,16.935,16.935,16.885,16.895,171475
2022-04-12 13:55:00,16.8955,16.8963,16.86,16.8789,166829
2022-04-12 14:00:00,16.88,16.895,16.835,16.885,174290
2022-04-12 14:05:00,16.88,16.91,16.865,16.885,141864
2022-04-12 14:10:00,16.885,16.91,16.8701,16.895,166991
2022-04-12 14:15:00,16.895,16.9,16.84,16.865,202311
2022-04-12 14:20:00,16.865,16.9,16.86,16.865,165160
2022-04-12 14:25:00,16.865,16.9,16.86,16.885,95084
2022-04-12 14:30:00,16.885,16.91,16.86,16.905,168308
2022-04-12 14:35:00,16.905,16.9163,16.8701,16.8901,166927
2022-04-12 14:40:00,16.89,16.9174,16.8701,16.895,185912
2022-04-12 14:45:00,16.895,16.97,16.895,16.965,262405
2022-04-12 14:50:00,16.96,17.01,16.93,17.0093,232303
2022-04-12 14:55:00,17.0052,17.02,16.9636,16.97,232188
2022-04-12 15:00:00,16.975,16.98,16.93,16.95,151322
2022-04-12 15:05:00,16.95,16.97,16.94,16.945,138707
2022-04-12 15:10:00,16.95,16.98,16.94,16.955,147584
2022-04-12 15:15:00,16.955,16.99,16.9401,16.9845,262360
2022-04-12 15:20:00,16.99,17.02,16.985,17.005,207676
2022-04-12 15:25:00,17.0,17.0067,16.92,16.955,342924
2022-04-12 15:30:00,16.95,17.07,16.95,17.04,2402950
2022-04-12 15:35:00,17.043,17.13,17.0326,17.115,695359
2022-04-12 15:40:00,17.11,17.14,17.0825,17.105,555777
2022-04-12 15:45:00,17.1,17.15,17.08,17.13,345833
2022-04-12 15:50:00,17.13,17.14,17.0825,17.14,723417
2022-04-12 15:55:00,17.14,17.16,17.13,17.13,983796
2022-04-12 16:00:00,17.13,17.15,17.11,17.11,883553
2022-04-12 16:05:00,17.11,17.13,17.1,17.13,11700
2022-04-12 16:10:00,17.13,17.14,17.13,17.13,3825
2022-04-12 16:15:00,17.14,17.14,17.13,17.13,12673
2022-04-12 16:25:00,17.13,17.1301,17.13,17.1301,1900
2022-04-12 16:30:00,17.13,17.1301,17.13,17.13,4449
2022-04-12 16:35:00,17.12,17.12,17.12,17.12,1000
2022-04-12 16:40:00,17.12,17.1201,17.11,17.11,5294
2022-04-12 16:45:00,17.12,17.1201,17.12,17.1201,807
2022-04-12 16:50:00,17.13,17.13,17.1101,17.13,4442
2022-04-12 16:55:00,17.1301,17.1301,17.1201,17.1201,2282
2022-04-12 17:05:00,17.12,17.1201,17.12,17.1201,500
2022-04-12 17:10:00,17.1201,17.1201,17.1201,17.1201,100
2022-04-12 17:20:00,17.12,17.12,17.12,17.12,1920
2022-04-12 17:25:00,17.1201,17.1201,17.12,17.12,1580
2022-04-12 17:35:00,17.12,17.13,17.11,17.1199,4882
2022-04-12 17:40:00,17.12,17.12,17.11,17.12,3100
2022-04-12 17:45:00,17.1201,17.1201,17.12,17.12,400
2022-04-12 17:50:00,17.1201,17.1201,17.12,17.12,278
2022-04-12 17:55:00,17.12,17.13,17.12,17.12,614
2022-04-12 18:05:00,17.13,17.14,17.13,17.14,11148
2022-04-12 18:10:00,17.14,17.14,17.14,17.14,4489
2022-04-12 18:15:00,17.14,17.15,17.14,17.15,3740
2022-04-12 18:20:00,17.16,17.16,17.15,17.16,2260
2022-04-12 18:25:00,17.15,17.15,17.14,17.14,2200
2022-04-12 18:35:00,17.15,17.15,17.15,17.15,372
2022-04-12 18:50:00,17.15,17.15,17.14,17.14,1749
2022-04-12 18:55:00,17.15,17.15,17.14,17.14,200
2022-04-12 19:00:00,17.15,17.15,17.15,17.15,700
2022-04-12 19:10:00,17.15,17.15,17.15,17.15,471
2022-04-12 19:15:00,17.15,17.15,17.15,17.15,1476
2022-04-12 19:20:00,17.15,17.15,17.15,17.15,300
2022-04-12 19:30:00,17.15,17.15,17.15,17.15,100
2022-04-12 19:40:00,17.16,17.16,17.15,17.15,3098
2022-04-12 19:45:00,17.16,17.16,17.16,17.16,2450
2022-04-12 19:50:00,17.16,17.16,17.15,17.1501,1718
2022-04-12 19:55:00,17.16,17.1799,17.15,17.1799,8414
2022-04-13 04:00:00,17.17,17.17,17.17,17.17,452
2022-04-13 04:20:00,17.26,17.26,17.26,17.26,494
2022-04-13 04:25:00,17.26,17.26,17.26,17.26,570
2022-04-13 04:30:00,17.26,17.26,17.26,17.26,172
2022-04-13 05:15:00,17.23,17.23,17.23,17.23,100
2022-04-13 05:20:00,17.25,17.26,17.25,17.25,1322
2022-04-13 05:25:00,17.25,17.3,17.23,17.23,914
2022-04-13 05:35:00,17.23,17.23,17.23,17.23,1900
2022-04-13 05:40:00,17.23,17.23,17.23,17.23,1000
2022-04-13 05:45:00,17.2,17.2,17.2,17.2,2371
2022-04-13 06:30:00,17.22,17.34,17.22,17.33,10848
2022-04-13 06:35:00,17.34,17.75,17.34,17.6,18212
2022-04-13 06:40:00,17.72,17.95,17.63,17.9,56524
2022-04-13 06:45:00,17.9,17.97,17.86,17.9,9929
2022-04-13 06:50:00,17.9,18.09,17.87,18.01,43135
2022-04-13 06:55:00,18.05,18.1,18.0,18.1,42629
2022-04-13 07:00:00,18.07,18.11,17.92,17.95,336072
2022-04-13 07:05:00,17.96,18.04,17.95,18.0,62499
2022-04-13 07:10:00,17.97,17.97,17.95,17.97,17601
2022-04-13 07:15:00,17.96,18.07,17.95,17.97,74917
2022-04-13 07:20:00,17.97,18.0,17.95,17.97,57655
2022-04-13 07:25:00,17.96,17.97,17.9,17.93,239832
2022-04-13 07:30:00,17.93,17.97,17.91,17.94,51183
2022-04-13 07:35:00,17.94,18.04,17.94,17.99,58510
2022-04-13 07:40:00,17.99,18.01,17.93,17.96,47128
2022-04-13 07:45:00,17.97,17.98,17.92,17.94,41666
2022-04-13 07:50:00,17.94,17.96,17.93,17.95,22084
2022-04-13 07:55:00,17.96,18.04,17.95,18.04,42053
2022-04-13 08:00:00,17.9499,18.12,17.9,18.01,425756
2022-04-13 08:05:00,18.01,18.1,17.98,18.08,127775
2022-04-13 08:10:00,18.07,18.07,18.02,18.03,37758
2022-04-13 08:15:00,18.04,18.06,18.0,18.0,124533
2022-04-13 08:20:00,17.9999,18.05,17.96,17.96,114458
2022-04-13 08:25:00,17.96,17.96,17.86,17.9,101464
2022-04-13 08:30:00,17.88,17.99,17.83,17.98,76777
2022-04-13 08:35:00,17.981,17.981,17.9,17.941,71788
2022-04-13 08:40:00,17.95,17.99,17.93,17.94,36128
2022-04-13 08:45:00,17.94,17.94,17.8,17.83,124147
2022-04-13 08:50:00,17.83,17.92,17.8,17.9,53591
2022-04-13 08:55:00,17.9,17.92,17.83,17.89,63210
2022-04-13 09:00:00,17.9,17.95,17.9,17.92,32767
2022-04-13 09:05:00,17.92,17.92,17.83,17.84,73704
2022-04-13 09:10:00,17.85,17.9,17.8,17.8199,90632
2022-04-13 09:15:00,17.81,17.83,17.74,17.78,163799
2022-04-13 09:20:00,17.8,17.91,17.77,17.82,36003
2022-04-13 09:25:00,17.83,17.95,17.82,17.88,33646
2022-04-13 09:30:00,17.88,18.235,17.86,18.165,5026595
2022-04-13 09:35:00,18.16,18.34,18.06,18.2549,4107506
2022-04-13 09:40:00,18.26,18.4342,18.255,18.325,4448813
2022-04-13 09:45:00,18.325,18.4,18.21,18.4,2641716
2022-04-13 09:50:00,18.4,18.425,18.275,18.405,2512762
2022-04-13 09:55:00,18.4,18.62,18.39,18.5181,5018619
2022-04-13 10:00:00,18.515,18.6,18.4,18.58,2247167
2022-04-13 10:05:00,18.58,18.68,18.5529,18.635,2811009
2022-04-13 10:10:00,18.635,18.82,18.6,18.79,3010341
2022-04-13 10:15:00,18.79,18.87,18.64,18.66,3106830
2022-04-13 10:20:00,18.665,18.68,18.48,18.585,2075467
2022-04-13 10:25:00,18.59,18.6362,18.5,18.565,1058132
2022-04-13 10:30:00,18.555,18.63,18.51,18.55,988169
2022-04-13 10:35:00,18.545,18.63,18.52,18.625,992752
2022-04-13 10:40:00,18.62,18.68,18.55,18.675,1086226
2022-04-13 10:45:00,18.6725,18.7153,18.6,18.6475,884668
2022-04-13 10:50:00,18.645,18.7,18.6435,18.665,585355
2022-04-13 10:55:00,18.665,18.74,18.65,18.74,958971
2022-04-13 11:00:00,18.74,18.785,18.675,18.735,863779
2022-04-13 11:05:00,18.735,18.76,18.7,18.739,830186
2022-04-13 11:10:00,18.74,18.82,18.735,18.815,877451
2022-04-13 11:15:00,18.8106,18.84,18.78,18.815,578019
2022-04-13 11:20:00,18.81,18.85,18.805,18.845,733936
2022-04-13 11:25:00,18.8438,18.94,18.832,18.93,1608279
2022-04-13 11:30:00,18.93,18.98,18.92,18.935,1500425
2022-04-13 11:35:00,18.935,18.95,18.895,18.9401,1019153
2022-04-13 11:40:00,18.945,18.96,18.915,18.955,996823
2022-04-13 11:45:00,18.955,18.99,18.92,18.9241,842582
2022-04-13 11:50:00,18.9201,18.93,18.78,18.78,1599704
2022-04-13 11:55:00,18.79,18.79,18.72,18.723,1330326
2022-04-13 12:00:00,18.72,18.75,18.68,18.7319,832499
2022-04-13 12:05:00,18.73,18.74,18.64,18.645,789191
2022-04-13 12:10:00,18.645,18.7,18.6201,18.675,701727
2022-04-13 12:15:00,18.675,18.7,18.6315,18.65,607237
2022-04-13 12:20:00,18.655,18.68,18.64,18.675,531594
2022-04-13 12:25:00,18.68,18.74,18.64,18.7353,595861
2022-04-13 12:30:00,18.735,18.8074,18.71,18.8,502611
2022-04-13 12:35:00,18.7927,18.81,18.76,18.785,621766
2022-04-13 12:40:00,18.785,18.84,18.77,18.835,589969
2022-04-13 12:45:00,18.835,18.84,18.7941,18.83,324743
2022-04-13 12:50:00,18.83,18.84,18.785,18.815,337851
2022-04-13 12:55:00,18.8151,18.8385,18.745,18.815,765728
2022-04-13 13:00:00,18.8101,18.8296,18.79,18.815,263226
2022-04-13 13:05:00,18.81,18.83,18.79,18.82,434084
2022-04-13 13:10:00,18.82,18.87,18.8039,18.8516,451111
2022-04-13 13:15:00,18.85,18.88,18.83,18.875,330366
2022-04-13 13:20:00,18.875,18.88,18.8326,18.867,271653
2022-04-13 13:25:00,18.8642,18.87,18.825,18.855,341976
2022-04-13 13:30:00,18.86,18.8771,18.82,18.83,364092
2022-04-13 13:35:00,18.825,18.86,18.76,18.7721,410289
2022-04-13 13:40:00,18.775,18.84,18.77,18.835,448616
2022-04-13 13:45:00,18.83,18.84,18.8,18.815,355091
2022-04-13 13:50:00,18.815,18.815,18.76,18.765,402246
2022-04-13 13:55:00,18.765,18.81,18.75,18.805,394632
2022-04-13 14:00:00,18.805,18.835,18.78,18.825,260364
2022-04-13 14:05:00,18.8201,18.88,18.82,18.864,283694
2022-04-13 14:10:00,18.86,18.87,18.82,18.8465,488822
2022-04-13 14:15:00,18.85,18.88,18.84,18.8532,337154
2022-04-13 14:20:00,18.855,18.88,18.83,18.835,277135
2022-04-13 14:25:00,18.84,18.8671,18.825,18.845,298016
2022-04-13 14:30:00,18.8483,18.875,18.835,18.87,253997
2022-04-13 14:35:00,18.87,18.87,18.84,18.85,265516
2022-04-13 14:40:00,18.845,18.86,18.83,18.8442,290927
2022-04-13 14:45:00,18.85,18.86,18.82,18.845,274487
2022-04-13 14:50:00,18.845,18.86,18.82,18.848,540479
2022-04-13 14:55:00,18.845,18.86,18.815,18.8301,319658
2022-04-13 15:00:00,18.835,18.845,18.8,18.805,436512
2022-04-13 15:05:00,18.8074,18.885,18.805,18.875,727769
2022-04-13 15:10:00,18.875,18.8799,18.83,18.8533,444239
2022-04-13 15:15:00,18.8501,18.88,18.84,18.855,281151
2022-04-13 15:20:00,18.855,18.87,18.84,18.8595,493769
2022-04-13 15:25:00,18.86,18.875,18.835,18.855,319603
2022-04-13 15:30:00,18.855,18.94,18.855,18.915,818564
2022-04-13 15:35:00,18.915,18.9299,18.88,18.9095,796547
2022-04-13 15:40:00,18.905,18.91,18.885,18.8901,690731
2022-04-13 15:45:00,18.895,18.94,18.89,18.94,1068601
2022-04-13 15:50:00,18.94,18.975,18.91,18.965,1667153
2022-04-13 15:55:00,18.97,18.97,18.93,18.94,2111341
2022-04-13 16:00:00,18.95,18.95,18.91,18.9299,1466654
2022-04-13 16:05:00,18.93,18.93,18.89,18.91,40545
2022-04-13 16:10:00,18.905,18.92,18.89,18.91,14242
2022-04-13 16:15:00,18.92,18.92,18.91,18.92,7500
2022-04-13 16:20:00,18.92,18.92,18.91,18.92,8009
2022-04-13 16:25:00,18.92,18.92,18.91,18.91,19907
2022-04-13 16:30:00,18.92,18.93,18.92,18.92,38499
2022-04-13 16:35:00,18.93,18.9401,18.93,18.94,23983
2022-04-13 16:40:00,18.9401,18.95,18.93,18.94,13207
2022-04-13 16:45:00,18.93,18.9301,18.93,18.9301,3299
2022-04-13 16:50:00,18.93,18.94,18.93,18.93,8501
2022-04-13 16:55:00,18.93,18.94,18.92,18.93,6454
2022-04-13 17:00:00,18.94,18.95,18.93,18.94,78642
2022-04-13 17:05:00,18.93,18.94,18.93,18.94,4416
2022-04-13 17:10:00,18.94,18.9401,18.93,18.94,8150
2022-04-13 17:15:00,18.95,18.95,18.94,18.94,3666
2022-04-13 17:20:00,18.94,18.96,18.94,18.9501,5568
2022-04-13 17:25:00,18.96,18.96,18.93,18.93,14532
2022-04-13 17:30:00,18.94,18.94,18.93,18.94,7875
2022-04-13 17:35:00,18.94,18.9501,18.94,18.95,26299
2022-04-13 17:40:00,18.9501,18.96,18.95,18.95,9658
2022-04-13 17:45:00,18.96,18.96,18.95,18.95,500
2022-04-13 17:50:00,18.95,18.96,18.95,18.95,2816
2022-04-13 17:55:00,18.95,18.96,18.95,18.95,2802
2022-04-13 18:00:00,18.96,18.96,18.96,18.96,1300
2022-04-13 18:05:00,18.96,18.97,18.95,18.96,31001
2022-04-13 18:10:00,18.97,18.98,18.97,18.97,19500
2022-04-13 18:15:00,18.97,18.97,18.96,18.96,15363
2022-04-13 18:20:00,18.96,18.97,18.96,18.97,1600
2022-04-13 18:25:00,18.97,18.97,18.96,18.97,3400
2022-04-13 18:30:00,18.97,18.97,18.96,18.97,2525
2022-04-13 18:35:00,18.96,18.98,18.96,18.97,20262
2022-04-13 18:40:00,18.97,18.98,18.97,18.98,3989
2022-04-13 18:45:00,18.97,18.98,18.97,18.98,1775
2022-04-13 18:50:00,18.97,18.98,18.97,18.97,1056
2022-04-13 18:55:00,18.98,18.98,18.97,18.98,4082
2022-04-13 19:00:00,18.97,18.97,18.97,18.97,300
2022-04-13 19:05:00,18.97,18.97,18.97,18.97,3175
2022-04-13 19:10:00,18.98,18.98,18.97,18.97,8008
2022-04-13 19:15:00,18.97,18.98,18.97,18.97,17500
2022-04-13 19:20:00,18.97,18.98,18.97,18.97,9560
2022-04-13 19:25:00,18.97,18.98,18.97,18.98,4330
2022-04-13 19:30:00,18.98,18.98,18.97,18.97,2469
2022-04-13 19:35:00,18.97,18.98,18.97,18.97,500
2022-04-13 19:40:00,18.97,18.98,18.97,18.98,6583
2022-04-13 19:45:00,18.97,19.0,18.97,19.0,17451
2022-04-13 19:50:00,18.99,19.0,18.99,18.99,23989
2022-04-13 19:55:00,18.99,19.0,18.97,19.0,28477
2022-04-14 04:00:00,19.0,19.14,18.95,18.98,9694
2022-04-14 04:05:00,18.97,18.97,18.95,18.95,1030
2022-04-14 04:10:00,18.97,18.98,18.97,18.98,439
2022-04-14 04:15:00,18.97,18.97,18.96,18.96,203
2022-04-14 04:20:00,18.96,18.96,18.96,18.96,300
2022-04-14 04:25:00,18.96,18.97,18.96,18.96,1350
2022-04-14 04:30:00,18.98,19.0,18.98,19.0,4884
2022-04-14 04:35:00,19.04,19.09,19.04,19.09,500
2022-04-14 04:40:00,19.11,19.11,19.09,19.09,2787
2022-04-14 04:45:00,19.09,19.09,19.02,19.02,5172
2022-04-14 05:00:00,19.02,19.03,19.01,19.03,1050
2022-04-14 05:05:00,19.04,19.04,19.04,19.04,200
2022-04-14 05:10:00,19.01,19.01,19.01,19.01,251
2022-04-14 05:15:00,19.04,19.04,19.04,19.04,379
2022-04-14 05:40:00,19.04,19.04,19.04,19.04,400
2022-04-14 05:45:00,19.04,19.04,19.03,19.03,2269
2022-04-14 05:50:00,19.02,19.02,19.0,19.0,3268
2022-04-14 05:55:00,19.01,19.02,19.01,19.02,1383
2022-04-14 06:05:00,19.02,19.02,19.02,19.02,400
2022-04-14 06:10:00,19.02,19.02,19.02,19.02,100
2022-04-14 06:15:00,19.02,19.02,19.02,19.02,747
2022-04-14 06:20:00,19.02,19.02,19.02,19.02,676
2022-04-14 06:25:00,19.02,19.05,19.02,19.05,3664
2022-04-14 06:30:00,19.06,19.07,19.05,19.07,2467
2022-04-14 06:35:00,19.06,19.06,19.0,19.0,2000
2022-04-14 06:40:00,19.06,19.06,19.05,19.05,2485
2022-04-14 06:45:00,19.05,19.05,19.05,19.05,363
2022-04-14 06:50:00,19.04,19.04,19.04,19.04,911
2022-04-14 07:00:00,19.04,19.06,19.01,19.04,4225
2022-04-14 07:05:00,19.03,19.09,19.03,19.09,8628
2022-04-14 07:10:00,19.1,19.1,19.05,19.06,10423
2022-04-14 07:15:00,19.07,19.09,19.06,19.06,2782
2022-04-14 07:20:00,19.07,19.07,19.07,19.07,200
2022-04-14 07:25:00,19.05,19.05,19.03,19.03,2170
2022-04-14 07:30:00,19.02,19.02,19.01,19.02,900
2022-04-14 07:35:00,19.03,19.05,19.03,19.04,3900
2022-04-14 07:40:00,19.03,19.05,19.03,19.03,2150
2022-04-14 07:45:00,19.04,19.04,19.04,19.04,1136
2022-04-14 07:50:00,19.03,19.03,19.02,19.02,1021
2022-04-14 07:55:00,19.01,19.01,18.98,19.0,14539
2022-04-14 08:00:00,19.0399,19.1,18.83,18.93,134705
2022-04-14 08:05:00,18.93,18.98,18.93,18.98,17726
2022-04-14 08:10:00,18.99,19.04,18.99,19.0,22287
2022-04-14 08:15:00,19.02,19.02,19.02,19.02,100
2022-04-14 08:20:00,19.0199,19.02,18.99,18.99,4992
2022-04-14 08:25:00,18.99,19.0,18.97,19.0,14901
2022-04-14 08:30:00,19.0,19.0,18.95,18.96,11727
2022-04-14 08:35:00,18.97,18.97,18.91,18.93,39496
2022-04-14 08:40:00,18.93,18.93,18.9,18.9001,11676
2022-04-14 08:45:00,18.9,18.94,18.9,18.94,23784
2022-04-14 08:50:00,18.9399,18.94,18.92,18.94,6100
2022-04-14 08:55:00,18.9499,18.95,18.9499,18.95,469
2022-04-14 09:00:00,18.94,18.95,18.93,18.94,9696
2022-04-14 09:05:00,18.94,18.98,18.94,18.97,19584
2022-04-14 09:10:00,18.98,19.05,18.98,19.0199,39328
2022-04-14 09:15:00,19.02,19.03,19.0,19.0299,15781
2022-04-14 09:20:00,19.025,19.04,19.02,19.03,21369
2022-04-14 09:25:00,19.02,19.03,18.8,18.98,75796
2022-04-14 09:30:00,18.99,19.24,18.98,19.19,3180788
2022-04-14 09:35:00,19.18,19.35,19.12,19.29,2096513
2022-04-14 09:40:00,19.295,19.35,19.13,19.225,1689452
2022-04-14 09:45:00,19.225,19.37,19.225,19.3696,1228093
2022-04-14 09:50:00,19.37,19.461,19.3,19.385,1618158
2022-04-14 09:55:00,19.385,19.3999,19.29,19.36,1171259
2022-04-14 10:00:00,19.36,19.49,19.35,19.435,1548606
2022-04-14 10:05:00,19.435,19.45,19.17,19.215,1769423
2022-04-14 10:10:00,19.21,19.2198,19.12,19.13,1427393
2022-04-14 10:15:00,19.1279,19.23,19.05,19.2,1722846
2022-04-14 10:20:00,19.2,19.28,19.1501,19.2621,717901
2022-04-14 10:25:00,19.2662,19.27,19.17,19.2099,733094
2022-04-14 10:30:00,19.205,19.35,19.2,19.295,717743
2022-04-14 10:35:00,19.29,19.32,19.25,19.28,390135
2022-04-14 10:40:00,19.2811,19.29,19.15,19.18,654646
2022-04-14 10:45:00,19.18,19.1963,19.07,19.08,641767
2022-04-14 10:50:00,19.085,19.14,19.07,19.0897,544969
2022-04-14 10:55:00,19.085,19.11,19.06,19.095,402729
2022-04-14 11:00:00,19.095,19.16,19.08,19.1537,333039
2022-04-14 11:05:00,19.155,19.17,19.11,19.165,264775
2022-04-14 11:10:00,19.165,19.175,19.11,19.135,206925
2022-04-14 11:15:00,19.14,19.16,19.07,19.09,256524
2022-04-14 11:20:00,19.095,19.1101,19.04,19.085,463768
2022-04-14 11:25:00,19.08,19.0961,19.05,19.055,496651
2022-04-14 11:30:00,19.055,19.13,19.05,19.1266,272784
2022-04-14 11:35:00,19.12,19.14,19.1,19.1092,260740
2022-04-14 11:40:00,19.105,19.13,19.0899,19.11,156113
2022-04-14 11:45:00,19.105,19.11,19.08,19.095,131657
2022-04-14 11:50:00,19.1,19.12,19.065,19.085,351017
2022-04-14 11:55:00,19.09,19.11,19.065,19.08,134120
2022-04-14 12:00:00,19.08,19.13,19.075,19.08,345618
2022-04-14 12:05:00,19.07,19.1,19.055,19.07,350698
2022-04-14 12:10:00,19.06,19.1,19.06,19.0734,172340
2022-04-14 12:15:00,19.0748,19.0842,19.0,19.0099,381649
2022-04-14 12:20:00,19.0002,19.01,18.94,18.97,768671
2022-04-14 12:25:00,18.97,18.975,18.91,18.9161,357756
2022-04-14 12:30:00,18.915,18.955,18.91,18.955,324168
2022-04-14 12:35:00,18.955,19.01,18.93,18.98,263659
2022-04-14 12:40:00,18.975,18.98,18.9301,18.95,178434
2022-04-14 12:45:00,18.94,18.965,18.92,18.9532,170185
2022-04-14 12:50:00,18.95,18.97,18.915,18.9601,199307
2022-04-14 12:55:00,18.965,19.028,18.95,19.0202,274486
2022-04-14 13:00:00,19.025,19.04,19.01,19.035,286262
2022-04-14 13:05:00,19.035,19.045,18.985,19.02,369640
2022-04-14 13:10:00,19.01,19.04,18.995,19.0163,241675
2022-04-14 13:15:00,19.015,19.0399,19.0,19.015,176049
2022-04-14 13:20:00,19.01,19.04,19.01,19.02,107680
2022-04-14 13:25:00,19.02,19.04,18.9849,18.995,123456
2022-04-14 13:30:00,18.995,19.0299,18.985,19.005,116968
2022-04-14 13:35:00,19.005,19.04,19.0001,19.01,109922
2022-04-14 13:40:00,19.015,19.06,19.01,19.035,200660
2022-04-14 13:45:00,19.039,19.08,19.039,19.065,183736
2022-04-14 13:50:00,19.065,19.0899,19.03,19.04,336862
2022-04-14 13:55:00,19.0302,19.04,19.005,19.03,249140
2022-04-14 14:00:00,19.0322,19.07,19.005,19.045,312845
2022-04-14 14:05:00,19.045,19.05,19.02,19.045,177227
2022-04-14 14:10:00,19.04,19.07,19.03,19.05,177937
2022-04-14 14:15:00,19.05,19.0584,19.02,19.0213,160182
2022-04-14 14:20:00,19.0235,19.0302,18.99,18.995,177576
2022-04-14 14:25:00,18.995,19.04,18.985,19.0241,212671
2022-04-14 14:30:00,19.0261,19.035,18.99,19.0,134900
2022-04-14 14:35:00,19.0008,19.01,18.9822,18.9961,178028
2022-04-14 14:40:00,18.995,19.02,18.99,19.0199,112188
2022-04-14 14:45:00,19.015,19.0363,19.01,19.025,101045
2022-04-14 14:50:00,19.0201,19.05,18.99,19.0,236074
2022-04-14 14:55:00,18.995,19.0,18.93,18.945,290052
2022-04-14 15:00:00,18.94,18.95,18.91,18.9166,276551
2022-04-14 15:05:00,18.915,18.94,18.9,18.9001,234512
2022-04-14 15:10:00,18.9,18.94,18.88,18.925,286969
2022-04-14 15:15:00,18.925,18.98,18.925,18.975,260007
2022-04-14 15:20:00,18.97,18.9889,18.955,18.965,166286
2022-04-14 15:25:00,18.97,18.97,18.94,18.965,180699
2022-04-14 15:30:00,18.965,18.985,18.95,18.9509,296896
2022-04-14 15:35:00,18.95,19.0,18.95,18.975,288031
2022-04-14 15:40:00,18.98,19.035,18.97,19.035,357746
2022-04-14 15:45:00,19.03,19.04,18.99,19.01,405689
2022-04-14 15:50:00,19.0,19.005,18.94,18.995,1281755
2022-04-14 15:55:00,18.995,19.01,18.985,18.995,1104488
2022-04-14 16:00:00,19.0,19.0,18.9426,19.0,975000
2022-04-14 16:05:00,18.99,19.02,18.98,18.99,10870
2022-04-14 16:10:00,19.0,19.0,18.99,18.99,10709
2022-04-14 16:15:00,18.9901,19.01,18.99,19.0,4459
2022-04-14 16:20:00,19.0,19.03,19.0,19.0199,38667
2022-04-14 16:25:00,19.02,19.02,19.0,19.0001,1379
2022-04-14 16:30:00,19.01,19.01,18.99,18.99,3129
2022-04-14 16:35:00,19.0,19.0099,19.0,19.0,26812
2022-04-14 16:40:00,19.01,19.01,19.0,19.0,13369
2022-04-14 16:45:00,19.0,19.0,19.0,19.0,91300
2022-04-14 16:50:00,19.0,19.0,19.0,19.0,800
2022-04-14 16:55:00,19.0,19.0,19.0,19.0,100
2022-04-14 17:00:00,19.01,19.01,19.0001,19.0001,791
2022-04-14 17:10:00,19.0099,19.0099,19.0099,19.0099,500
2022-04-14 17:15:00,19.0099,19.0099,19.0,19.0,400
2022-04-14 17:20:00,19.0,19.0,19.0,19.0,4500
2022-04-14 17:25:00,19.01,19.01,19.0,19.01,32559
2022-04-14 17:30:00,19.01,19.01,19.0,19.0,300
2022-04-14 17:35:00,19.0099,19.01,19.0,19.0,2782
2022-04-14 17:40:00,19.0,19.0,19.0,19.0,300
2022-04-14 17:45:00,19.0,19.0,19.0,19.0,216
2022-04-14 17:55:00,19.0099,19.0099,19.0099,19.0099,100
2022-04-14 18:00:00,19.0,19.0,19.0,19.0,1375
2022-04-14 18:05:00,19.01,19.01,19.0,19.0,5398
2022-04-14 18:10:00,19.0,19.0,19.0,19.0,519
2022-04-14 18:25:00,19.0,19.0,19.0,19.0,238
2022-04-14 18:30:00,19.01,19.01,19.0,19.0,900
2022-04-14 18:35:00,19.01,19.01,19.01,19.01,100
2022-04-14 18:40:00,19.0,19.0,19.0,19.0,180
2022-04-14 18:45:00,19.0,19.0,18.99,18.99,1994
2022-04-14 18:50:00,18.99,19.0,18.99,18.99,2128
2022-04-14 18:55:00,18.98,18.99,18.98,18.99,1213
2022-04-14 19:00:00,18.99,19.0,18.99,19.0,1800
