2022-04-01 08:00:00,161.6501,161.6501,161.6501,161.6501,100
2022-04-01 09:00:00,161.1305,161.1305,161.1305,161.1305,259
2022-04-01 09:15:00,161.1305,161.1305,161.1305,161.1305,362
2022-04-01 09:25:00,160.8628,160.8628,160.8628,160.8628,200
2022-04-01 09:30:00,160.7835,160.9322,158.7508,159.2218,239957
2022-04-01 09:35:00,159.2763,160.5802,159.2267,160.3274,71122
2022-04-01 09:40:00,160.3522,160.4464,159.901,159.9605,53355
2022-04-01 09:45:00,159.9605,160.6149,159.8117,160.5356,48272
2022-04-01 09:50:00,160.5356,160.8033,160.2976,160.2976,35924
2022-04-01 09:55:00,160.2976,160.3433,160.0993,160.2084,44198
2022-04-01 10:00:00,160.2183,160.6397,160.1241,160.6,45476
2022-04-01 10:05:00,160.5554,160.7835,160.3769,160.3769,31686
2022-04-01 10:10:00,160.3769,160.8132,160.3373,160.7091,55798
2022-04-01 10:15:00,160.6843,160.7339,160.4364,160.5753,31454
2022-04-01 10:20:00,160.5852,160.6248,160.3571,160.5356,26927
2022-04-01 10:25:00,160.5158,160.5158,160.0795,160.0894,38660
2022-04-01 10:30:00,160.0795,160.1985,159.9704,160.0348,42423
2022-04-01 10:35:00,160.0348,160.1786,159.9406,160.1291,46434
2022-04-01 10:40:00,160.129,160.1786,160.0596,160.139,34500
2022-04-01 10:45:00,160.1192,160.4364,160.1192,160.3872,32405
2022-04-01 10:50:00,160.3869,160.5753,160.3571,160.5653,16341
2022-04-01 10:55:00,160.5753,160.5852,160.4265,160.5653,32417
2022-04-01 11:00:00,160.5455,160.5455,160.367,160.4959,30278
2022-04-01 11:05:00,160.4761,160.6199,160.4166,160.5058,30244
2022-04-01 11:10:00,160.5108,160.6347,160.4265,160.5862,34573
2022-04-01 11:15:00,160.5753,160.6546,160.4265,160.5257,27619
2022-04-01 11:20:00,160.5158,160.5455,160.3571,160.4384,41368
2022-04-01 11:25:00,160.4364,160.486,160.3472,160.4464,36156
2022-04-01 11:30:00,160.4464,160.5653,160.3274,160.4315,99437
2022-04-01 11:35:00,160.4364,160.4364,160.2976,160.367,49134
2022-04-01 11:40:00,160.3174,160.3373,159.9506,160.0001,23922
2022-04-01 11:45:00,160.015,160.2084,160.0001,160.1653,25175
2022-04-01 11:50:00,160.1638,160.1638,159.9704,160.0745,28227
2022-04-01 11:55:00,160.0696,160.1687,159.9803,160.1588,37993
2022-04-01 12:00:00,160.1489,160.3075,160.1191,160.3026,21338
2022-04-01 12:05:00,160.2877,160.2937,159.9853,160.02,56761
2022-04-01 12:10:00,159.9803,159.9902,159.7721,159.8712,50749
2022-04-01 12:15:00,159.8712,160.0993,159.8712,160.0993,17301
2022-04-01 12:20:00,160.0909,160.1489,160.0639,160.0894,25232
2022-04-01 12:25:00,160.0795,160.1588,160.0692,160.1191,15270
2022-04-01 12:30:00,160.1092,160.139,160.015,160.0348,13777
2022-04-01 12:35:00,160.0205,160.1881,159.9902,160.1687,16355
2022-04-01 12:40:00,160.1489,160.2232,159.9803,160.1489,28432
2022-04-01 12:45:00,160.2381,160.2679,160.161,160.2629,17154
2022-04-01 12:50:00,160.258,160.4288,160.258,160.4017,18487
2022-04-01 12:55:00,160.3819,160.5455,160.3819,160.5108,19273
2022-04-01 13:00:00,160.5158,160.5455,160.3075,160.3274,18843
2022-04-01 13:05:00,160.3373,160.3968,160.1885,160.3803,33731
2022-04-01 13:10:00,160.3769,160.3769,160.2084,160.2381,44501
2022-04-01 13:15:00,160.2381,160.2976,160.1885,160.1895,22536
2022-04-01 13:20:00,160.2183,160.2282,159.9803,160.1588,27655
2022-04-01 13:25:00,160.1687,160.258,160.0431,160.2282,37311
2022-04-01 13:30:00,160.2282,160.2827,160.149,160.2133,20877
2022-04-01 13:35:00,160.2133,160.4166,160.2133,160.3224,31699
2022-04-01 13:40:00,160.2976,160.3274,160.0993,160.1131,86770
2022-04-01 13:45:00,160.1191,160.3074,160.1191,160.3074,22979
2022-04-01 13:50:00,160.2877,160.3769,160.2282,160.248,33058
2022-04-01 13:55:00,160.248,160.367,160.2084,160.3636,22787
2022-04-01 14:00:00,160.3569,160.5455,160.3274,160.5181,29908
2022-04-01 14:05:00,160.5455,160.5753,160.3274,160.4216,36993
2022-04-01 14:10:00,160.4364,160.4761,160.3769,160.4761,20577
2022-04-01 14:15:00,160.4959,160.5852,160.3819,160.3819,92473
2022-04-01 14:20:00,160.3869,160.6546,160.3869,160.5802,52775
2022-04-01 14:25:00,160.5951,160.6744,160.486,160.6347,59185
2022-04-01 14:30:00,160.6447,160.7835,160.6199,160.7141,56241
2022-04-01 14:35:00,160.724,160.7884,160.6893,160.7438,25141
2022-04-01 14:40:00,160.7389,160.9025,160.724,160.8902,21957
2022-04-01 14:45:00,160.8926,160.9074,160.7736,160.7736,14159
2022-04-01 14:50:00,160.7884,160.7884,160.6546,160.6744,21027
2022-04-01 14:55:00,160.6893,160.7339,160.6219,160.6794,21422
2022-04-01 15:00:00,160.6843,160.9223,160.6843,160.8281,21451
2022-04-01 15:05:00,160.833,160.8826,160.7042,160.7339,34118
2022-04-01 15:10:00,160.7438,160.8628,160.7042,160.8628,45413
2022-04-01 15:15:00,160.8727,160.9223,160.6744,160.6942,33099
2022-04-01 15:20:00,160.6942,160.724,160.5455,160.6645,47640
2022-04-01 15:25:00,160.6645,160.8331,160.6496,160.8132,48266
2022-04-01 15:30:00,160.8182,160.8628,160.6918,160.7686,46295
2022-04-01 15:35:00,160.7835,160.9322,160.7339,160.8777,50714
2022-04-01 15:40:00,160.8777,161.0115,160.8331,160.9322,58826
2022-04-01 15:45:00,160.9223,161.0611,160.8529,161.0215,71951
2022-04-01 15:50:00,161.0413,161.2892,161.0115,161.2892,115717
2022-04-01 15:55:00,161.2793,161.6957,161.2099,161.3983,387908
2022-04-01 16:00:00,161.309,161.309,161.309,161.309,895763
2022-04-01 16:05:00,161.309,161.309,161.309,161.309,7757
2022-04-01 16:10:00,161.309,161.309,161.309,161.309,139
2022-04-01 16:40:00,161.309,161.309,161.309,161.309,365
2022-04-01 16:55:00,161.2892,161.2892,161.19,161.19,200
2022-04-01 17:10:00,161.1801,161.1801,161.1801,161.1801,100
2022-04-01 17:20:00,161.19,161.19,161.19,161.19,200
2022-04-01 19:30:00,161.071,161.071,161.0611,161.0611,223
2022-04-04 07:15:00,161.5272,161.5272,161.5272,161.5272,100
2022-04-04 08:00:00,161.6263,161.6263,161.6263,161.6263,600
2022-04-04 08:20:00,161.2892,161.3586,161.2892,161.3586,778
2022-04-04 08:35:00,161.3784,161.3784,161.3784,161.3784,250
2022-04-04 08:55:00,161.2892,161.2892,161.2892,161.2892,452
2022-04-04 09:25:00,161.0016,161.0016,161.0016,161.0016,666
2022-04-04 09:30:00,161.1305,161.4875,160.6546,161.2743,164358
2022-04-04 09:35:00,161.2396,161.3437,160.7835,160.9669,109485
2022-04-04 09:40:00,160.9223,161.3388,160.9223,161.314,122781
2022-04-04 09:45:00,161.314,161.3834,161.071,161.2688,53138
2022-04-04 09:50:00,161.2694,161.4776,161.2198,161.3486,145689
2022-04-04 09:55:00,161.3783,162.0421,161.3646,161.8147,52317
2022-04-04 10:00:00,161.8296,162.2609,161.8296,162.0973,45394
2022-04-04 10:05:00,162.1122,162.3204,162.0031,162.1122,44820
2022-04-04 10:10:00,162.132,162.251,161.8346,162.0031,47144
2022-04-04 10:15:00,161.9982,162.023,161.5973,161.78,33199
2022-04-04 10:20:00,161.78,162.0031,161.7056,161.9238,32980
2022-04-04 10:25:00,161.9734,162.2014,161.904,162.1221,28629
2022-04-04 10:30:00,162.132,162.37,162.0298,162.3403,43023
2022-04-04 10:35:00,162.3512,162.3997,161.8147,161.9436,34648
2022-04-04 10:40:00,161.8841,162.2907,161.8841,162.0824,25621
2022-04-04 10:45:00,162.0981,162.2708,162.0824,162.251,22710
2022-04-04 10:50:00,162.2213,162.3006,162.0824,162.0924,20754
2022-04-04 10:55:00,162.0824,162.132,161.8742,162.0725,32637
2022-04-04 11:00:00,162.0577,162.3601,162.013,162.0924,32135
2022-04-04 11:05:00,162.0339,162.1816,162.0329,162.0378,31466
2022-04-04 11:10:00,162.0428,162.1148,161.9734,162.078,30015
2022-04-04 11:15:00,162.0725,162.3403,162.0527,162.3403,22629
2022-04-04 11:20:00,162.3353,162.4493,162.3353,162.4493,20199
2022-04-04 11:25:00,162.4295,162.4543,162.3204,162.4097,21766
2022-04-04 11:30:00,162.3997,162.4394,162.1618,162.3303,25647
2022-04-04 11:35:00,162.3105,162.3105,162.0924,162.1915,34697
2022-04-04 11:40:00,162.1965,162.1965,162.013,162.1519,27953
2022-04-04 11:45:00,162.1816,162.2708,162.1122,162.1717,19892
2022-04-04 11:50:00,162.1809,162.2312,162.1122,162.1875,21611
2022-04-04 11:55:00,162.2014,162.3105,162.1816,162.2361,17841
2022-04-04 12:00:00,162.2312,162.2633,162.013,162.0626,18957
2022-04-04 12:05:00,162.0758,162.1618,161.9783,162.0626,20820
2022-04-04 12:10:00,162.0527,162.0924,161.9635,161.9833,15758
2022-04-04 12:15:00,161.9635,161.9635,161.7231,161.73,23002
2022-04-04 12:20:00,161.7255,161.7255,161.5172,161.6065,36044
2022-04-04 12:25:00,161.5838,161.6759,161.5838,161.6561,45720
2022-04-04 12:30:00,161.6561,161.7255,161.6263,161.6957,19430
2022-04-04 12:35:00,161.6957,161.6957,161.5272,161.5569,23949
2022-04-04 12:40:00,161.5569,161.5966,161.4578,161.4578,19786
2022-04-04 12:45:00,161.4776,161.6065,161.4578,161.5073,30905
2022-04-04 12:50:00,161.5024,161.5219,161.3784,161.4379,35221
2022-04-04 12:55:00,161.4477,161.6065,161.3834,161.6005,91199
2022-04-04 13:00:00,161.5966,161.6263,161.309,161.3707,110808
2022-04-04 13:05:00,161.3784,161.5619,161.3685,161.428,17807
2022-04-04 13:10:00,161.4273,161.547,161.3883,161.547,34411
2022-04-04 13:15:00,161.547,161.666,161.4082,161.4181,39348
2022-04-04 13:20:00,161.3883,161.4578,161.3388,161.3487,26963
2022-04-04 13:25:00,161.3586,161.3685,161.2396,161.2892,29276
2022-04-04 13:30:00,161.2793,161.3685,161.195,161.2297,42843
2022-04-04 13:35:00,161.2099,161.3388,161.0512,161.071,45451
2022-04-04 13:40:00,161.081,161.0909,160.9669,161.0016,28815
2022-04-04 13:45:00,161.0016,161.0115,160.8262,160.9223,28489
2022-04-04 13:50:00,160.9273,160.9421,160.8826,160.9124,20882
2022-04-04 13:55:00,160.9223,161.0475,160.8826,161.0475,22864
2022-04-04 14:00:00,161.0611,161.542,161.0611,161.5182,33484
2022-04-04 14:05:00,161.5272,161.5272,161.2148,161.2148,52867
2022-04-04 14:10:00,161.2297,161.2297,160.9613,161.0016,61548
2022-04-04 14:15:00,160.9917,161.0413,160.8926,160.8926,36939
2022-04-04 14:20:00,160.8826,161.0597,160.8727,160.9768,35879
2022-04-04 14:25:00,160.9719,161.0611,160.8231,160.9074,54992
2022-04-04 14:30:00,160.9025,160.9521,160.8628,160.8826,30057
2022-04-04 14:35:00,160.8628,160.8727,160.5455,160.5455,64178
2022-04-04 14:40:00,160.5505,160.5653,160.2282,160.2877,89665
2022-04-04 14:45:00,160.2728,160.4364,160.1885,160.3571,90743
2022-04-04 14:50:00,160.3654,160.4265,160.3174,160.3769,31276
2022-04-04 14:55:00,160.3769,160.6493,160.3769,160.61,50997
2022-04-04 15:00:00,160.61,160.6546,160.4563,160.4662,29422
2022-04-04 15:05:00,160.486,160.5158,160.2586,160.3373,82394
2022-04-04 15:10:00,160.3522,160.3968,160.2034,160.3274,42440
2022-04-04 15:15:00,160.3174,160.3274,160.0996,160.1191,42609
2022-04-04 15:20:00,160.129,160.2877,160.129,160.2877,47899
2022-04-04 15:25:00,160.2917,160.3075,160.1092,160.1985,54637
2022-04-04 15:30:00,160.1985,160.3174,160.1588,160.248,61412
2022-04-04 15:35:00,160.2381,160.2877,160.1092,160.1786,78614
2022-04-04 15:40:00,160.1885,160.3472,160.1885,160.3472,76127
2022-04-04 15:45:00,160.3274,160.5116,160.2728,160.491,103429
2022-04-04 15:50:00,160.486,160.6794,160.4464,160.486,142745
2022-04-04 15:55:00,160.4959,160.605,160.3224,160.5257,297652
2022-04-04 16:00:00,160.5257,160.5257,160.5257,160.5257,1037138
2022-04-04 16:10:00,160.5257,160.5257,160.5257,160.5257,2360
2022-04-04 16:15:00,160.4364,160.4364,160.4364,160.4364,245
2022-04-04 16:30:00,160.5257,160.5257,160.4364,160.4364,1277
2022-04-04 16:35:00,160.5257,160.5257,160.5257,160.5257,2385
2022-04-04 18:05:00,160.5257,160.5257,160.5257,160.5257,126
2022-04-04 19:45:00,160.5257,160.5257,160.5257,160.5257,100
2022-04-05 04:00:00,160.7438,160.7438,160.7438,160.7438,216
2022-04-05 04:45:00,160.3869,160.3869,160.139,160.139,507
2022-04-05 05:35:00,159.9307,159.9307,159.9307,159.9307,186
2022-04-05 07:30:00,160.0894,160.0894,160.0894,160.0894,483
2022-04-05 08:30:00,160.3373,160.5257,160.3373,160.5257,1571
2022-04-05 09:20:00,160.68,160.68,160.68,160.68,100
2022-04-05 09:25:00,160.3373,160.3373,160.3373,160.3373,700
2022-04-05 09:30:00,160.5257,161.6362,160.4761,161.5662,172398
2022-04-05 09:35:00,161.5867,162.7666,161.542,162.4791,93811
2022-04-05 09:40:00,162.489,163.3318,162.4592,163.193,112601
2022-04-05 09:45:00,163.1533,163.788,163.1335,163.5698,153792
2022-04-05 09:50:00,163.6194,164.1647,163.4359,163.9119,73787
2022-04-05 09:55:00,163.8772,164.0837,163.7638,163.9763,77427
2022-04-05 10:00:00,163.9516,164.2837,163.9416,164.2837,65863
2022-04-05 10:05:00,164.2837,164.3531,163.5351,163.788,84720
2022-04-05 10:10:00,163.788,164.3631,163.7656,164.353,50061
2022-04-05 10:15:00,164.3234,164.3531,163.9367,164.3135,76820
2022-04-05 10:20:00,164.2937,164.3135,163.5301,163.5301,58998
2022-04-05 10:25:00,163.4744,163.8574,163.3616,163.8177,52696
2022-04-05 10:30:00,163.8078,163.8673,163.5401,163.5404,29599
2022-04-05 10:35:00,163.55,163.7582,163.55,163.6491,39447
2022-04-05 10:40:00,163.6392,164.0755,163.6095,163.9466,41232
2022-04-05 10:45:00,163.9466,164.3383,163.897,164.3135,47737
2022-04-05 10:50:00,164.3036,164.4402,164.2441,164.3531,43560
2022-04-05 10:55:00,164.3419,164.4638,164.2044,164.2949,53142
2022-04-05 11:00:00,164.2738,164.5614,164.2738,164.4487,39486
2022-04-05 11:05:00,164.4622,164.4622,164.0358,164.1647,42342
2022-04-05 11:10:00,164.1747,164.2639,164.0755,164.1647,52964
2022-04-05 11:15:00,164.1449,164.2143,163.9268,164.1251,69725
2022-04-05 11:20:00,164.1053,164.3135,164.0606,164.0696,44563
2022-04-05 11:25:00,164.0656,164.0755,163.7681,163.8375,31225
2022-04-05 11:30:00,163.8474,163.9268,163.6789,163.7681,25751
2022-04-05 11:35:00,163.7682,163.8673,163.6392,163.7086,30198
2022-04-05 11:40:00,163.7285,164.2066,163.7285,164.1846,41027
2022-04-05 11:45:00,164.1846,164.2044,163.9863,164.0358,25154
2022-04-05 11:50:00,164.0259,164.0755,163.8177,163.9664,28098
2022-04-05 11:55:00,163.9962,163.9962,163.7483,163.7483,23116
2022-04-05 12:00:00,163.7483,163.8375,163.6888,163.8261,19493
2022-04-05 12:05:00,163.8474,163.9169,163.7483,163.7649,20754
2022-04-05 12:10:00,163.778,163.8871,163.6293,163.8474,52423
2022-04-05 12:15:00,163.8436,163.9466,163.7582,163.9369,22898
2022-04-05 12:20:00,163.9466,163.9466,163.6719,163.6987,15064
2022-04-05 12:25:00,163.669,163.6887,163.3913,163.4012,21494
2022-04-05 12:30:00,163.3913,163.4706,163.3021,163.4507,15788
2022-04-05 12:35:00,163.4211,163.4607,163.1732,163.3417,26466
2022-04-05 12:40:00,163.3616,163.3913,163.2178,163.2538,23644
2022-04-05 12:45:00,163.2723,163.4508,163.2475,163.4408,19536
2022-04-05 12:50:00,163.4112,163.4806,163.3417,163.4806,18790
2022-04-05 12:55:00,163.4607,163.4607,163.2128,163.3715,127382
2022-04-05 13:00:00,163.3517,163.4508,163.3318,163.3814,84173
2022-04-05 13:05:00,163.3913,163.5797,163.3715,163.5401,37150
2022-04-05 13:10:00,163.5401,163.5818,163.4508,163.4806,30650
2022-04-05 13:15:00,163.4806,163.5698,163.426,163.5599,27038
2022-04-05 13:20:00,163.5797,163.6095,163.4607,163.4607,33316
2022-04-05 13:25:00,163.4508,163.4706,163.2029,163.2575,29985
2022-04-05 13:30:00,163.2624,163.2922,163.0839,163.198,31801
2022-04-05 13:35:00,163.2028,163.2624,163.1583,163.1981,19503
2022-04-05 13:40:00,163.1981,163.3219,163.1732,163.2416,21449
2022-04-05 13:45:00,163.2426,163.2723,163.1137,163.1137,16856
2022-04-05 13:50:00,163.0839,163.1137,162.9536,162.9649,21962
2022-04-05 13:55:00,162.9649,163.1732,162.96,163.1533,17374
2022-04-05 14:00:00,163.1633,163.2228,163.0839,163.0938,17063
2022-04-05 14:05:00,163.0839,163.2029,163.074,163.1434,18668
2022-04-05 14:10:00,163.1534,163.1534,162.9649,162.973,11180
2022-04-05 14:15:00,162.9649,163.0244,162.9178,163.0244,19389
2022-04-05 14:20:00,163.0244,163.1236,162.9947,163.0833,13838
2022-04-05 14:25:00,163.0938,163.1732,162.9848,163.0145,23089
2022-04-05 14:30:00,163.0241,163.0839,162.8658,162.8658,103078
2022-04-05 14:35:00,162.846,162.955,162.6972,162.7171,39634
2022-04-05 14:40:00,162.7071,162.7518,162.608,162.6972,46055
2022-04-05 14:45:00,162.6972,162.727,162.5981,162.6278,20499
2022-04-05 14:50:00,162.6278,162.7765,162.6278,162.6923,51303
2022-04-05 14:55:00,162.6972,162.9947,162.6576,162.6724,79144
2022-04-05 15:00:00,162.6774,162.7567,162.5485,162.5485,18510
2022-04-05 15:05:00,162.5287,162.5485,162.2014,162.3452,111036
2022-04-05 15:10:00,162.3403,162.3403,162.0626,162.0924,36791
2022-04-05 15:15:00,162.1023,162.1902,162.0428,162.1221,26561
2022-04-05 15:20:00,162.0924,162.3502,162.0626,162.3502,70343
2022-04-05 15:25:00,162.3668,162.37,162.2213,162.3006,39483
2022-04-05 15:30:00,162.3006,162.3204,161.9238,161.9734,88836
2022-04-05 15:35:00,161.9734,162.1464,161.9337,162.0725,50551
2022-04-05 15:40:00,162.0626,162.2213,162.0407,162.1568,51838
2022-04-05 15:45:00,162.1519,162.1519,161.8246,161.8742,57416
2022-04-05 15:50:00,161.8643,162.1419,161.8246,161.9982,110969
2022-04-05 15:55:00,161.9932,162.1519,161.8643,162.0626,311040
2022-04-05 16:00:00,162.0527,162.0527,162.0527,162.0527,1065175
2022-04-05 16:05:00,162.0527,162.0725,162.0527,162.0527,2735
2022-04-05 16:10:00,162.0527,162.0527,162.0527,162.0527,1080
2022-04-05 16:15:00,162.0527,162.0527,162.0527,162.0527,250
2022-04-05 16:25:00,162.023,162.0626,162.023,162.0538,300
2022-04-05 16:35:00,161.9238,161.9238,161.9238,161.9238,100
2022-04-05 16:40:00,162.0527,162.0527,162.0527,162.0527,7463
2022-04-05 16:55:00,162.0626,162.0626,162.0626,162.0626,290
2022-04-05 17:40:00,162.0824,162.0824,162.0824,162.0824,250
2022-04-05 17:50:00,162.4196,162.4196,162.4196,162.4196,100
2022-04-05 17:55:00,162.1023,162.1023,162.1023,162.1023,100
2022-04-05 18:35:00,162.0527,162.0527,162.0527,162.0527,351
2022-04-06 05:20:00,161.6263,161.6263,161.6263,161.6263,154
2022-04-06 07:25:00,161.6263,161.6263,161.6263,161.6263,491
2022-04-06 07:30:00,161.6263,161.6263,161.6263,161.6263,100
2022-04-06 07:45:00,161.5867,161.5867,161.5767,161.5767,200
2022-04-06 08:00:00,161.5272,161.6263,161.5272,161.6263,250
2022-04-06 09:05:00,161.6263,161.6263,161.6263,161.6263,195
2022-04-06 09:20:00,161.6462,161.6462,161.6462,161.6462,396
2022-04-06 09:25:00,162.4196,162.8559,162.4196,162.8559,5194
2022-04-06 09:30:00,163.1038,163.4706,162.4592,162.7865,318396
2022-04-06 09:35:00,162.7865,163.8871,162.4196,163.8574,135065
2022-04-06 09:40:00,163.8871,163.9466,163.5599,163.8018,105439
2022-04-06 09:45:00,163.8078,164.591,163.4112,164.5118,100295
2022-04-06 09:50:00,164.5316,165.0175,164.3928,164.9977,126939
2022-04-06 09:55:00,164.9878,165.5331,164.958,165.4637,100690
2022-04-06 10:00:00,165.5133,165.662,165.1762,165.3993,93391
2022-04-06 10:05:00,165.3993,165.7265,165.1365,165.1365,75425
2022-04-06 10:10:00,165.1563,165.9099,165.0968,165.7513,87367
2022-04-06 10:15:00,165.7413,165.9892,165.6918,165.7439,68524
2022-04-06 10:20:00,165.7335,165.9185,165.6422,165.8603,55633
2022-04-06 10:25:00,165.8901,166.2173,165.3745,165.385,58284
2022-04-06 10:30:00,165.3943,165.4895,164.9398,165.296,50901
2022-04-06 10:35:00,165.315,165.6918,165.315,165.5678,40911
2022-04-06 10:40:00,165.6124,165.8628,165.5331,165.6273,27402
2022-04-06 10:45:00,165.6124,165.667,165.2852,165.4042,37256
2022-04-06 10:50:00,165.424,165.434,165.0373,165.1192,40974
2022-04-06 10:55:00,165.1365,165.5926,165.134,165.4736,47208
2022-04-06 11:00:00,165.4736,165.7513,165.3646,165.7017,44710
2022-04-06 11:05:00,165.7017,165.7616,165.5034,165.6025,56373
2022-04-06 11:10:00,165.6025,165.6521,165.2555,165.3249,48997
2022-04-06 11:15:00,165.3249,165.6719,165.1167,165.6719,143936
2022-04-06 11:20:00,165.6918,166.0091,165.424,165.5331,35612
2022-04-06 11:25:00,165.5629,165.7413,165.3745,165.4439,32748
2022-04-06 11:30:00,165.5232,165.7017,165.4835,165.6963,40386
2022-04-06 11:35:00,165.7017,166.0091,165.7017,165.9446,47336
2022-04-06 11:40:00,165.9198,166.0088,165.8446,165.9694,36918
2022-04-06 11:45:00,165.9694,166.1975,165.9397,166.1578,44410
2022-04-06 11:50:00,166.1677,166.2471,166.0487,166.2272,48117
2022-04-06 11:55:00,166.2173,166.376,166.1776,166.336,50910
2022-04-06 12:00:00,166.3363,166.3363,165.9496,165.9694,35976
2022-04-06 12:05:00,165.9595,166.2074,165.781,166.1578,48483
2022-04-06 12:10:00,166.1578,166.366,166.1578,166.2339,43352
2022-04-06 12:15:00,166.2471,166.3313,166.1082,166.133,31216
2022-04-06 12:20:00,166.1181,166.366,165.9952,166.3165,36250
2022-04-06 12:25:00,166.3025,166.3958,166.2768,166.3065,28609
2022-04-06 12:30:00,166.3115,166.4454,166.138,166.1479,42077
2022-04-06 12:35:00,166.1429,166.3165,166.0487,166.0785,35105
2022-04-06 12:40:00,166.0735,166.2074,166.0239,166.1578,39343
2022-04-06 12:45:00,166.138,166.1429,165.8207,165.8306,35033
2022-04-06 12:50:00,165.8306,165.8306,165.6124,165.7513,51196
2022-04-06 12:55:00,165.7612,165.8355,165.6918,165.8306,33825
2022-04-06 13:00:00,165.8207,165.9892,165.7512,165.9793,100470
2022-04-06 13:05:00,165.9843,166.0686,165.9496,166.0438,38991
2022-04-06 13:10:00,166.0388,166.3561,166.0091,166.3561,38855
2022-04-06 13:15:00,166.3561,166.366,166.0785,166.1181,31201
2022-04-06 13:20:00,166.1181,166.3264,166.0587,166.2976,23111
2022-04-06 13:25:00,166.2867,166.3958,166.227,166.3065,27771
2022-04-06 13:30:00,166.2986,166.3958,166.1677,166.2768,26230
2022-04-06 13:35:00,166.2745,166.4454,166.2471,166.3363,42503
2022-04-06 13:40:00,166.3561,166.4751,166.2768,166.3561,40443
2022-04-06 13:45:00,166.3512,166.3859,166.0686,166.0983,22011
2022-04-06 13:50:00,166.0983,166.1985,166.0295,166.1195,32420
2022-04-06 13:55:00,166.119,166.2471,166.0091,166.0289,27577
2022-04-06 14:00:00,166.0487,166.4057,165.9793,166.2558,54200
2022-04-06 14:05:00,166.257,166.257,165.9694,166.0317,47335
2022-04-06 14:10:00,166.0091,166.0289,165.8405,165.8901,55244
2022-04-06 14:15:00,165.8703,166.1975,165.8108,166.1677,42476
2022-04-06 14:20:00,166.1876,166.4454,166.1479,166.2471,52966
2022-04-06 14:25:00,166.2421,166.4057,166.1082,166.366,37625
2022-04-06 14:30:00,166.376,166.485,166.3065,166.3484,54301
2022-04-06 14:35:00,166.3462,166.3958,166.2371,166.3165,40850
2022-04-06 14:40:00,166.3065,166.4751,166.257,166.4553,42354
2022-04-06 14:45:00,166.4454,166.8036,166.4454,166.7032,69309
2022-04-06 14:50:00,166.7131,166.8569,166.6933,166.7825,34108
2022-04-06 14:55:00,166.7726,167.0006,166.7627,166.9907,49758
2022-04-06 15:00:00,167.0006,167.1395,166.9808,167.1196,56504
2022-04-06 15:05:00,167.1097,167.1494,166.9808,167.0701,42123
2022-04-06 15:10:00,167.08,167.3576,167.0106,167.2287,78609
2022-04-06 15:15:00,167.2342,167.2585,166.8916,166.8916,67495
2022-04-06 15:20:00,166.8817,167.0899,166.7875,166.8073,64237
2022-04-06 15:25:00,166.8222,166.8717,166.5594,166.6933,76480
2022-04-06 15:30:00,166.7032,167.1097,166.6437,167.1097,77886
2022-04-06 15:35:00,167.1295,167.3774,167.1147,167.2872,114148
2022-04-06 15:40:00,167.2684,167.3474,167.1494,167.2089,87046
2022-04-06 15:45:00,167.199,167.6898,167.1593,167.665,154748
2022-04-06 15:50:00,167.6848,167.8435,167.5361,167.5361,179131
2022-04-06 15:55:00,167.5361,167.665,167.4369,167.4865,322788
2022-04-06 16:00:00,167.4865,167.4865,167.4865,167.4865,1110011
2022-04-06 16:05:00,167.4865,167.4865,167.4865,167.4865,3063
2022-04-06 16:10:00,167.08,167.08,167.08,167.08,100
2022-04-06 16:15:00,166.9808,166.9808,166.9808,166.9808,100
2022-04-06 16:20:00,167.4865,167.4865,167.4865,167.4865,12552
2022-04-06 16:25:00,167.08,167.08,167.08,167.08,500
2022-04-06 16:50:00,167.08,167.08,167.08,167.08,208
2022-04-06 16:55:00,167.4631,167.4631,167.4631,167.4631,300
2022-04-06 17:05:00,167.4865,167.4865,167.4708,167.4766,463
2022-04-06 17:20:00,167.4766,167.4766,167.4766,167.4766,100
2022-04-06 17:25:00,167.2783,167.4766,167.2783,167.4766,490
2022-04-06 17:35:00,167.4766,167.4766,167.4766,167.4766,700
2022-04-06 17:40:00,167.4766,167.4766,167.4766,167.4766,100
2022-04-06 17:45:00,166.5941,166.6301,166.5941,166.6301,2900
2022-04-06 17:55:00,167.4766,167.4766,167.4766,167.4766,200
2022-04-06 18:05:00,167.4766,167.4766,167.4766,167.4766,300
2022-04-06 18:15:00,166.9808,166.9808,166.9808,166.9808,154
2022-04-06 18:20:00,166.7825,166.7825,166.7825,166.7825,122
2022-04-06 18:30:00,167.3279,167.3279,167.308,167.3279,305
2022-04-06 18:45:00,167.3477,167.3477,167.3477,167.3477,100
2022-04-06 18:50:00,167.4766,167.4766,167.4766,167.4766,250
2022-04-06 19:00:00,167.4766,167.4766,167.4766,167.4766,100
2022-04-06 19:50:00,167.0304,167.0304,167.0304,167.0304,131
2022-04-07 04:00:00,167.9724,167.9724,167.9724,167.9724,121
2022-04-07 04:10:00,167.5063,167.5063,167.5063,167.5063,1278
2022-04-07 06:50:00,168.2699,168.2699,168.2699,168.2699,100
2022-04-07 07:45:00,168.5673,168.5673,168.5673,168.5673,250
2022-04-07 08:00:00,168.1806,168.2004,168.1806,168.2004,1380
2022-04-07 08:05:00,168.9243,168.9243,168.9243,168.9243,200
2022-04-07 08:25:00,167.8831,167.8831,167.8732,167.8732,318
2022-04-07 08:35:00,167.8137,167.8137,167.7542,167.7542,640
2022-04-07 08:40:00,167.4865,167.4865,167.4865,167.4865,100
2022-04-07 08:45:00,167.5559,167.5758,167.5559,167.5559,310
2022-04-07 09:00:00,167.5758,167.5758,167.5758,167.5758,1100
2022-04-07 09:15:00,167.5758,167.5758,167.5758,167.5758,100
2022-04-07 09:20:00,168.0021,168.0021,167.5361,167.5361,514
2022-04-07 09:25:00,167.5262,167.5262,166.7924,166.7924,500
2022-04-07 09:30:00,166.257,167.6252,166.1281,167.3774,229593
2022-04-07 09:35:00,167.308,167.5163,167.1692,167.3675,89877
2022-04-07 09:40:00,167.3378,168.2699,167.3378,168.2493,97780
2022-04-07 09:45:00,168.1806,168.7359,168.0517,168.5777,88842
2022-04-07 09:50:00,168.5624,169.2713,168.5574,169.2218,114618
2022-04-07 09:55:00,169.2317,169.3606,169.0631,169.2813,101690
2022-04-07 10:00:00,169.2763,169.8068,169.2416,169.5242,125204
2022-04-07 10:05:00,169.5044,169.9555,169.4399,169.896,117714
2022-04-07 10:10:00,169.9257,170.1033,169.5688,169.6626,112576
2022-04-07 10:15:00,169.6581,170.334,169.6085,170.1241,68475
2022-04-07 10:20:00,170.1043,170.1043,169.4895,169.6878,64147
2022-04-07 10:25:00,169.668,169.7671,169.5688,169.5787,56658
2022-04-07 10:30:00,169.5787,169.8663,169.5192,169.8663,26461
2022-04-07 10:35:00,169.8564,169.8564,169.4498,169.6581,39965
2022-04-07 10:40:00,169.6878,169.777,169.4695,169.5093,45229
2022-04-07 10:45:00,169.5192,169.906,169.4796,169.906,32379
2022-04-07 10:50:00,169.8564,169.8564,169.4597,169.6382,32713
2022-04-07 10:55:00,169.6481,170.2282,169.6184,169.9704,52619
2022-04-07 11:00:00,169.9654,170.015,169.7473,169.8266,36762
2022-04-07 11:05:00,169.8167,169.8663,169.5787,169.5886,29541
2022-04-07 11:10:00,169.5592,169.8564,169.5391,169.8365,31697
2022-04-07 11:15:00,169.8465,170.0249,169.8068,169.9456,64578
2022-04-07 11:20:00,169.896,170.2828,169.896,170.253,57568
2022-04-07 11:25:00,170.2767,170.3323,170.0101,170.0944,40968
2022-04-07 11:30:00,170.0844,170.1836,169.7374,169.8663,36835
2022-04-07 11:35:00,169.8861,170.0745,169.8861,170.0596,21303
2022-04-07 11:40:00,170.0582,170.4315,170.0582,170.3323,30168
2022-04-07 11:45:00,170.3224,170.5306,170.3026,170.4067,34710
2022-04-07 11:50:00,170.3968,170.7488,170.371,170.7229,58084
2022-04-07 11:55:00,170.7389,170.7488,170.5901,170.6992,44713
2022-04-07 12:00:00,170.6696,170.8777,170.6496,170.7885,33187
2022-04-07 12:05:00,170.7984,171.0165,170.729,170.8671,25626
2022-04-07 12:10:00,170.8611,170.9769,170.8182,170.9769,25434
2022-04-07 12:15:00,170.957,171.076,170.7885,171.0373,35314
2022-04-07 12:20:00,171.0661,171.2643,171.0463,171.1851,39268
2022-04-07 12:25:00,171.1752,171.314,170.9074,170.9223,47278
2022-04-07 12:30:00,170.9273,171.2289,170.9273,171.195,44543
2022-04-07 12:35:00,171.1837,171.3239,171.1603,171.2942,37620
2022-04-07 12:40:00,171.3388,171.6511,171.3172,171.6015,32578
2022-04-07 12:45:00,171.671,171.7453,171.4627,171.4627,39141
2022-04-07 12:50:00,171.4528,171.661,171.4493,171.6089,37154
2022-04-07 12:55:00,171.6146,171.671,171.4772,171.6065,34396
2022-04-07 13:00:00,171.6214,171.7205,171.5024,171.6809,44286
2022-04-07 13:05:00,171.6809,171.7503,171.552,171.6858,48157
2022-04-07 13:10:00,171.6809,172.0477,171.6412,171.8693,63480
2022-04-07 13:15:00,171.8792,171.8831,171.6214,171.7205,22908
2022-04-07 13:20:00,171.7106,171.8494,171.5619,171.7503,43344
2022-04-07 13:25:00,171.7404,171.8494,171.6313,171.8395,31410
2022-04-07 13:30:00,171.8792,171.9089,171.7007,171.7999,46312
2022-04-07 13:35:00,171.8296,172.0031,171.7308,171.9982,56223
2022-04-07 13:40:00,171.9684,172.0874,171.9387,172.0626,33256
2022-04-07 13:45:00,172.0577,172.4047,172.0279,172.256,40724
2022-04-07 13:50:00,172.2463,172.5535,172.2163,172.3264,72477
2022-04-07 13:55:00,172.3651,172.7121,172.256,172.6179,47217
2022-04-07 14:00:00,172.5634,172.603,172.1866,172.2659,56521
2022-04-07 14:05:00,172.2461,172.5851,172.2262,172.5851,108954
2022-04-07 14:10:00,172.603,172.9402,172.5723,172.9203,104604
2022-04-07 14:15:00,172.9253,173.1186,172.7914,172.955,162004
2022-04-07 14:20:00,172.955,173.0569,172.6599,172.965,145890
2022-04-07 14:25:00,172.9848,172.9997,172.6312,172.6774,68481
2022-04-07 14:30:00,172.7022,172.7914,172.484,172.5336,61370
2022-04-07 14:35:00,172.5138,172.5187,172.1767,172.375,39877
2022-04-07 14:40:00,172.3998,172.5237,172.2461,172.494,29889
2022-04-07 14:45:00,172.489,172.5634,172.4146,172.4146,35191
2022-04-07 14:50:00,172.3998,172.5237,172.1965,172.2956,42186
2022-04-07 14:55:00,172.3155,172.5138,172.2606,172.3551,43968
2022-04-07 15:00:00,172.3849,172.4444,172.256,172.2956,36665
2022-04-07 15:05:00,172.3006,172.3551,172.1072,172.3551,59133
2022-04-07 15:10:00,172.3353,172.3849,172.2461,172.3254,44380
2022-04-07 15:15:00,172.3303,172.4345,172.2361,172.2461,43414
2022-04-07 15:20:00,172.2659,172.3272,172.1568,172.2659,37367
2022-04-07 15:25:00,172.2709,172.3105,171.8594,171.9288,49758
2022-04-07 15:30:00,171.9387,172.1568,171.8891,172.1271,55676
2022-04-07 15:35:00,172.1469,172.2163,172.0279,172.0973,39745
2022-04-07 15:40:00,172.0973,172.1915,172.0279,172.1072,60786
2022-04-07 15:45:00,172.0775,172.2064,172.0577,172.1325,85739
2022-04-07 15:50:00,172.1122,172.1667,171.8296,171.8594,151138
2022-04-07 15:55:00,171.8494,171.9139,171.7404,171.8197,321955
2022-04-07 16:00:00,171.8395,171.8693,171.661,171.661,796474
2022-04-07 16:05:00,171.6511,171.8197,171.542,171.542,2110
2022-04-07 16:20:00,171.8197,171.8197,171.78,171.78,7557
2022-04-07 16:40:00,171.7404,171.7404,171.7404,171.7404,200
2022-04-07 16:45:00,171.78,171.78,171.78,171.78,275
2022-04-07 16:50:00,171.8197,171.8197,171.78,171.78,83078
2022-04-07 16:55:00,171.78,171.78,171.78,171.78,100
2022-04-07 17:00:00,171.8891,171.8891,171.8891,171.8891,250
2022-04-07 17:05:00,171.8891,171.8891,171.8891,171.8891,130
2022-04-07 17:15:00,171.8891,171.8891,171.8891,171.8891,200
2022-04-07 17:35:00,171.7404,171.7404,171.7404,171.7404,194
2022-04-07 18:00:00,171.889,171.889,171.889,171.889,100
2022-04-07 18:55:00,172.2659,172.2659,172.2659,172.2659,150
2022-04-07 19:25:00,172.2659,172.2659,172.2659,172.2659,100
2022-04-07 19:35:00,172.2857,172.2857,172.2857,172.2857,188
2022-04-07 19:40:00,172.2361,172.2361,172.2361,172.2361,182
2022-04-07 19:45:00,171.8594,171.8594,171.8594,171.8594,270
2022-04-08 04:05:00,172.5336,172.5336,172.5336,172.5336,300
2022-04-08 06:00:00,171.542,171.542,171.542,171.542,714
2022-04-08 06:05:00,171.542,171.542,171.542,171.542,999
2022-04-08 06:20:00,172.2361,172.2361,172.2361,172.2361,120
2022-04-08 07:05:00,172.2956,172.2956,172.2956,172.2956,922
2022-04-08 07:40:00,171.8594,171.8594,171.8594,171.8594,100
2022-04-08 08:00:00,172.0378,172.5634,172.0378,172.5634,300
2022-04-08 08:05:00,172.5535,172.5535,172.5535,172.5535,100
2022-04-08 08:10:00,172.256,172.256,172.256,172.256,150
2022-04-08 08:25:00,172.2361,172.2361,172.2361,172.2361,122
2022-04-08 08:30:00,172.2659,172.2659,172.2659,172.2659,317
2022-04-08 08:50:00,172.3849,172.3849,172.3452,172.3452,1643
2022-04-08 08:55:00,172.3452,172.3452,172.345,172.345,2080
2022-04-08 09:00:00,172.137,172.137,172.137,172.137,444
2022-04-08 09:10:00,171.8395,171.8891,171.8395,171.8891,1021
2022-04-08 09:15:00,171.8395,171.8395,171.7899,171.7899,900
2022-04-08 09:20:00,172.0378,172.0378,172.0378,172.0378,116
2022-04-08 09:25:00,171.9387,171.9883,171.542,171.9883,2044
2022-04-08 09:30:00,171.542,172.018,171.0486,171.7602,189568
2022-04-08 09:35:00,171.7602,172.841,171.7007,172.841,109319
2022-04-08 09:40:00,172.7914,172.7914,171.8891,172.0279,141660
2022-04-08 09:45:00,172.0577,172.3962,171.8197,171.9089,70747
2022-04-08 09:50:00,171.9337,172.7716,171.9188,172.5535,70333
2022-04-08 09:55:00,172.5674,172.9698,172.4245,172.6724,92349
2022-04-08 10:00:00,172.6328,173.4449,172.6328,173.198,92095
2022-04-08 10:05:00,173.193,173.2228,172.8113,172.9402,59290
2022-04-08 10:10:00,172.9104,172.9501,172.6129,172.6919,63551
2022-04-08 10:15:00,172.6626,172.6626,172.1915,172.2956,43800
2022-04-08 10:20:00,172.2857,172.3452,171.9536,172.1271,72298
2022-04-08 10:25:00,172.1023,172.1469,171.5123,171.7404,60044
2022-04-08 10:30:00,171.7404,172.1072,171.552,172.0874,45445
2022-04-08 10:35:00,172.1072,172.2361,171.9486,172.137,53355
2022-04-08 10:40:00,172.1078,172.3849,171.9387,172.2956,26592
2022-04-08 10:45:00,172.3204,172.5336,172.1424,172.2361,29812
2022-04-08 10:50:00,172.2242,172.2758,172.0279,172.2758,36380
2022-04-08 10:55:00,172.2659,172.8311,172.2659,172.8113,37128
2022-04-08 11:00:00,172.8013,172.891,172.7237,172.7419,22634
2022-04-08 11:05:00,172.7518,172.7518,172.4345,172.6774,47936
2022-04-08 11:10:00,172.6754,172.9104,172.5544,172.9104,55846
2022-04-08 11:15:00,172.8708,172.8989,172.7022,172.841,25694
2022-04-08 11:20:00,172.841,173.0195,172.8072,172.8072,36479
2022-04-08 11:25:00,172.8121,172.9897,172.7121,172.9005,25567
2022-04-08 11:30:00,172.9203,173.0889,172.8162,172.9994,26568
2022-04-08 11:35:00,172.9848,173.0592,172.9005,172.9203,31212
2022-04-08 11:40:00,172.9055,172.9203,172.6774,172.7319,23860
2022-04-08 11:45:00,172.7071,172.9302,172.6923,172.7955,21233
2022-04-08 11:50:00,172.7815,173.0096,172.7815,173.0096,22845
2022-04-08 11:55:00,173.0096,173.0691,172.8311,172.8509,36582
2022-04-08 12:00:00,172.8311,172.8906,172.7319,172.841,37604
2022-04-08 12:05:00,172.841,173.0988,172.841,173.079,27427
2022-04-08 12:10:00,173.0889,173.1186,172.9005,172.9005,25382
2022-04-08 12:15:00,172.8906,172.9897,172.7815,172.9402,32525
2022-04-08 12:20:00,172.9402,173.1633,172.9203,173.0965,38008
2022-04-08 12:25:00,173.0889,173.2674,172.9998,173.2426,23318
2022-04-08 12:30:00,173.2525,173.2674,173.0889,173.2178,23986
2022-04-08 12:35:00,173.2228,173.3269,173.2178,173.2575,19289
2022-04-08 12:40:00,173.2773,173.4062,173.2178,173.3837,34012
2022-04-08 12:45:00,173.3765,173.4459,173.2945,173.317,22449
2022-04-08 12:50:00,173.3368,173.3963,173.2277,173.3814,22896
2022-04-08 12:55:00,173.3834,173.7524,173.341,173.7384,71711
2022-04-08 13:00:00,173.7533,173.8078,173.6516,173.7285,29270
2022-04-08 13:05:00,173.7136,173.7929,173.6392,173.7824,24063
2022-04-08 13:10:00,173.8028,174.0794,173.7661,174.0408,42913
2022-04-08 13:15:00,174.0507,174.0706,173.8921,173.9317,33256
2022-04-08 13:20:00,173.9134,174.249,173.9032,174.1995,23378
2022-04-08 13:25:00,174.1945,174.2986,174.0738,174.2193,31264
2022-04-08 13:30:00,174.2292,174.3234,174.1598,174.2788,36872
2022-04-08 13:35:00,174.2986,174.4275,174.2937,174.3085,27076
2022-04-08 13:40:00,174.2986,174.3432,174.1895,174.254,18614
2022-04-08 13:45:00,174.2391,174.2391,174.1003,174.1895,28753
2022-04-08 13:50:00,174.1895,174.1995,174.0706,174.1003,15362
2022-04-08 13:55:00,174.0904,174.1003,173.8227,173.8772,26488
2022-04-08 14:00:00,173.8722,173.8921,173.6045,173.7086,65754
2022-04-08 14:05:00,173.7086,173.806,173.6739,173.7533,34596
2022-04-08 14:10:00,173.7632,174.0011,173.6739,173.9863,92411
2022-04-08 14:15:00,173.9714,173.9912,173.8127,173.9147,53967
2022-04-08 14:20:00,173.9119,173.9367,173.783,173.8078,39989
2022-04-08 14:25:00,173.8212,173.8212,173.5252,173.5748,41648
2022-04-08 14:30:00,173.5748,173.5797,173.436,173.5698,28978
2022-04-08 14:35:00,173.545,173.5847,173.4559,173.5054,33514
2022-04-08 14:40:00,173.5054,173.5548,173.4617,173.4954,20994
2022-04-08 14:45:00,173.4855,173.5103,173.3566,173.4855,35965
2022-04-08 14:50:00,173.4855,173.6244,173.4855,173.5549,34238
2022-04-08 14:55:00,173.55,173.6045,173.3765,173.4161,32912
2022-04-08 15:00:00,173.4187,173.5153,173.3665,173.4161,33756
2022-04-08 15:05:00,173.3973,173.4954,173.3665,173.4062,26667
2022-04-08 15:10:00,173.3963,173.6144,173.3269,173.5085,53628
2022-04-08 15:15:00,173.4756,173.6144,173.4161,173.5252,96263
2022-04-08 15:20:00,173.5252,173.6179,173.436,173.5252,70343
2022-04-08 15:25:00,173.5351,173.9714,173.5351,173.9714,50326
2022-04-08 15:30:00,173.9813,174.0408,173.7632,173.7632,60059
2022-04-08 15:35:00,173.7632,173.9317,173.6938,173.8425,117957
2022-04-08 15:40:00,173.8574,173.8574,173.7136,173.8475,46880
2022-04-08 15:45:00,173.8623,173.897,173.7235,173.7731,59556
2022-04-08 15:50:00,173.7632,173.8127,173.4664,173.5946,154352
2022-04-08 15:55:00,173.5847,173.6343,173.1682,173.6343,269727
2022-04-08 16:00:00,173.4855,173.4855,173.4855,173.4855,855838
2022-04-08 16:05:00,173.0691,173.0691,173.0691,173.0691,271
2022-04-08 16:10:00,173.4855,173.4855,173.4855,173.4855,644
2022-04-08 16:15:00,173.4855,173.5153,173.4855,173.5153,1739
2022-04-08 16:25:00,173.1224,173.4855,173.1224,173.4855,733
2022-04-08 16:30:00,173.4062,173.4062,173.4062,173.4062,100
2022-04-08 17:30:00,173.5118,173.5118,173.5118,173.5118,200
2022-04-08 17:40:00,173.0889,173.0889,173.0889,173.0889,107
2022-04-08 17:45:00,173.4855,173.4855,173.4855,173.4855,200
2022-04-08 18:00:00,173.5153,173.5251,173.5153,173.5251,278
2022-04-08 18:50:00,173.1286,173.1286,173.1286,173.1286,100
2022-04-11 04:20:00,172.5931,172.5931,172.5931,172.5931,154
2022-04-11 07:05:00,173.0294,173.0294,173.0294,173.0294,100
2022-04-11 08:00:00,173.0294,173.2277,172.8311,173.0294,1722
2022-04-11 08:15:00,172.841,172.841,172.841,172.841,430
2022-04-11 08:20:00,173.0294,173.0294,172.8311,172.8311,579
2022-04-11 08:25:00,172.8311,172.8311,172.8311,172.8311,100
2022-04-11 08:30:00,173.4062,173.4062,173.3269,173.3269,1975
2022-04-11 08:35:00,173.317,173.317,172.8311,172.8311,1900
2022-04-11 08:40:00,173.317,173.317,172.7815,172.7815,2229
2022-04-11 08:45:00,172.5336,172.5336,172.5336,172.5336,183
2022-04-11 08:50:00,172.5535,172.5535,172.5535,172.5535,100
2022-04-11 08:55:00,173.3169,173.3169,173.3169,173.3169,125
2022-04-11 09:20:00,173.0294,173.0294,173.0294,173.0294,100
2022-04-11 09:25:00,173.1781,173.426,173.1781,173.426,520
2022-04-11 09:30:00,173.426,173.5649,173.1286,173.1583,263943
2022-04-11 09:35:00,173.2198,173.317,171.1553,171.2842,161515
2022-04-11 09:40:00,171.2594,171.2594,170.6612,170.838,115841
2022-04-11 09:45:00,170.8182,170.8182,170.1845,170.4989,152627
2022-04-11 09:50:00,170.4612,170.5207,169.5986,169.6729,104635
2022-04-11 09:55:00,169.6779,169.7671,169.0434,169.2218,95855
2022-04-11 10:00:00,169.1771,169.1821,167.8931,168.9023,248992
2022-04-11 10:05:00,168.8787,169.43,168.8152,169.3903,168349
2022-04-11 10:10:00,169.3903,169.5192,168.7855,169.3847,72073
2022-04-11 10:15:00,169.3705,170.0051,169.0929,169.8812,81604
2022-04-11 10:20:00,169.8365,170.2332,169.5589,170.1538,42730
2022-04-11 10:25:00,170.1291,170.3208,169.7572,169.8465,60562
2022-04-11 10:30:00,169.7969,169.7969,168.9243,169.202,93452
2022-04-11 10:35:00,169.2217,170.1545,169.1325,170.0349,50128
2022-04-11 10:40:00,170.0249,170.3403,169.9952,170.0448,53128
2022-04-11 10:45:00,170.0051,170.2629,169.9735,170.0666,48641
2022-04-11 10:50:00,170.1092,170.3472,170.017,170.3075,69360
2022-04-11 10:55:00,170.3075,170.7389,170.1698,170.6024,78476
2022-04-11 11:00:00,170.5802,171.2148,170.5802,170.7093,66378
2022-04-11 11:05:00,170.6695,170.8083,170.4414,170.5406,66489
2022-04-11 11:10:00,170.5009,170.5206,170.3472,170.486,120663
2022-04-11 11:15:00,170.4909,170.665,170.4455,170.5207,33570
2022-04-11 11:20:00,170.491,170.9074,170.4533,170.8975,31520
2022-04-11 11:25:00,170.9074,170.9967,170.6695,170.6695,28776
2022-04-11 11:30:00,170.6595,170.8677,170.4837,170.8479,46986
2022-04-11 11:35:00,170.8678,170.9967,170.6595,170.6744,24458
2022-04-11 11:40:00,170.6794,170.9322,170.5901,170.8975,39303
2022-04-11 11:45:00,170.9074,171.1553,170.9074,171.0413,28876
2022-04-11 11:50:00,171.0562,171.2942,171.0562,171.0661,36124
2022-04-11 11:55:00,171.0711,171.195,170.8777,170.8777,18708
2022-04-11 12:00:00,170.8479,170.9932,170.7091,170.7389,32127
2022-04-11 12:05:00,170.7686,170.8182,170.6695,170.7984,39432
2022-04-11 12:10:00,170.7984,170.7984,170.1935,170.248,199824
2022-04-11 12:15:00,170.248,170.4117,170.2431,170.3918,69425
2022-04-11 12:20:00,170.4117,170.5009,170.2629,170.4464,25896
2022-04-11 12:25:00,170.4513,170.4563,169.8365,170.1325,89080
2022-04-11 12:30:00,170.0944,170.2828,169.9159,170.248,29569
2022-04-11 12:35:00,170.2485,170.2485,170.0547,170.134,117180
2022-04-11 12:40:00,170.1244,170.1244,169.7473,169.8316,47225
2022-04-11 12:45:00,169.8167,170.0745,169.7969,170.0686,43631
2022-04-11 12:50:00,170.0547,170.0832,169.8861,169.9456,30271
2022-04-11 12:55:00,169.9654,170.0051,169.8663,169.9555,22080
2022-04-11 13:00:00,169.9555,170.015,169.8861,169.9902,20193
2022-04-11 13:05:00,169.9853,170.0249,169.7969,169.8438,33907
2022-04-11 13:10:00,169.8564,169.9555,169.4399,169.549,44238
2022-04-11 13:15:00,169.5589,169.6134,169.2515,169.3705,42995
2022-04-11 13:20:00,169.4003,169.4003,168.8053,168.8053,40669
2022-04-11 13:25:00,168.8251,169.0631,168.6764,169.0334,48027
2022-04-11 13:30:00,169.0135,169.1424,168.9441,169.0829,35003
2022-04-11 13:35:00,169.0929,169.1524,168.954,168.9838,27709
2022-04-11 13:40:00,168.9788,168.9937,168.6268,168.6467,49575
2022-04-11 13:45:00,168.6467,168.7656,168.5951,168.7359,55995
2022-04-11 13:50:00,168.7551,168.8351,168.3095,168.3095,99935
2022-04-11 13:55:00,168.3046,168.3095,168.1509,168.2748,52207
2022-04-11 14:00:00,168.2798,168.3095,167.9724,168.0539,94655
2022-04-11 14:05:00,168.0418,168.4781,168.0418,168.4583,47196
2022-04-11 14:10:00,168.4822,168.6314,168.369,168.3913,40377
2022-04-11 14:15:00,168.3988,168.4781,168.3046,168.3938,26456
2022-04-11 14:20:00,168.4087,168.9094,168.4087,168.9094,39225
2022-04-11 14:25:00,168.8945,169.0135,168.7855,168.8598,20320
2022-04-11 14:30:00,168.845,168.8549,168.6814,168.7557,28263
2022-04-11 14:35:00,168.7551,168.964,168.6814,168.954,24077
2022-04-11 14:40:00,168.9838,169.2515,168.9838,169.1623,60432
2022-04-11 14:45:00,169.1403,169.1405,168.8053,168.845,44044
2022-04-11 14:50:00,168.8549,168.9441,168.7954,168.8251,43026
2022-04-11 14:55:00,168.8251,168.9838,168.8152,168.9342,38534
2022-04-11 15:00:00,168.954,169.3011,168.9342,168.9774,66102
2022-04-11 15:05:00,168.9788,169.1722,168.8648,169.1226,38615
2022-04-11 15:10:00,169.1424,169.1623,168.9739,169.0582,64135
2022-04-11 15:15:00,169.073,169.0829,168.6837,168.7805,57951
2022-04-11 15:20:00,168.7756,168.9243,168.7359,168.8053,36935
2022-04-11 15:25:00,168.8053,168.8351,168.6774,168.726,59128
2022-04-11 15:30:00,168.7458,168.8797,168.6367,168.6367,63564
2022-04-11 15:35:00,168.6268,168.8747,168.6268,168.7359,68649
2022-04-11 15:40:00,168.7458,168.7855,168.3194,168.488,133926
2022-04-11 15:45:00,168.4979,168.5673,168.3888,168.488,100742
2022-04-11 15:50:00,168.483,168.7458,168.3789,168.3789,143309
2022-04-11 15:55:00,168.369,168.6566,168.2302,168.5376,276912
2022-04-11 16:00:00,168.3988,168.3988,168.3988,168.3988,858482
2022-04-11 16:05:00,168.3988,168.3988,168.3988,168.3988,122332
2022-04-11 16:20:00,168.3194,168.964,168.3194,168.964,1300
2022-04-11 16:25:00,168.3297,168.3297,168.3294,168.3294,331
2022-04-11 16:45:00,168.5673,168.5673,168.5673,168.5673,500
2022-04-11 16:50:00,168.3988,168.4186,168.3988,168.3988,5822
2022-04-11 16:55:00,168.964,168.964,168.964,168.964,100
2022-04-11 17:00:00,168.9639,168.9639,168.9639,168.9639,207
2022-04-11 17:20:00,168.5574,168.5574,168.5574,168.5574,207
2022-04-11 17:35:00,168.964,168.964,168.964,168.964,196
2022-04-11 17:45:00,168.5673,168.5673,168.5673,168.5673,100
2022-04-11 18:25:00,169.0135,169.0135,169.0135,169.0135,300
2022-04-11 19:25:00,168.5673,168.5673,168.5673,168.5673,340
2022-04-11 19:40:00,168.8152,168.8152,168.8152,168.8152,1000
2022-04-11 19:55:00,168.4781,168.4781,168.4682,168.4682,704
2022-04-12 07:00:00,168.8152,168.8152,168.5178,168.5178,979
2022-04-12 07:50:00,168.4682,168.4682,168.4682,168.4682,100
2022-04-12 08:00:00,168.0716,168.4682,168.0716,168.4682,1937
2022-04-12 08:05:00,168.3988,168.3988,168.3988,168.3988,600
2022-04-12 08:20:00,168.3888,168.5673,168.3888,168.5673,985
2022-04-12 08:25:00,168.4483,168.4483,168.4483,168.4483,100
2022-04-12 08:35:00,168.8945,168.8945,168.8945,168.8945,100
2022-04-12 08:40:00,168.6764,168.6764,168.5673,168.5673,607
2022-04-12 08:50:00,168.3194,168.3194,168.3194,168.3194,201
2022-04-12 08:55:00,168.3194,168.3194,168.0715,168.0715,400
2022-04-12 09:10:00,168.2192,168.2192,168.2192,168.2192,100
2022-04-12 09:15:00,168.2699,168.3492,167.9823,167.9823,989
2022-04-12 09:25:00,168.022,168.2699,167.5063,167.5063,1036
2022-04-12 09:30:00,167.8831,168.7457,167.4865,168.0815,308756
2022-04-12 09:35:00,168.0517,169.1225,167.9823,168.8946,90705
2022-04-12 09:40:00,168.964,168.9977,168.4037,168.7855,93416
2022-04-12 09:45:00,168.7458,168.8648,167.9922,168.3789,80723
2022-04-12 09:50:00,168.369,168.4781,167.9615,168.0517,68160
2022-04-12 09:55:00,168.0517,168.0517,166.2768,166.2768,217516
2022-04-12 10:00:00,166.2867,166.5247,165.0175,165.4343,291200
2022-04-12 10:05:00,165.4538,166.0884,165.3646,165.9099,150094
2022-04-12 10:10:00,165.8802,166.4751,165.6323,166.4057,115059
2022-04-12 10:15:00,166.3661,166.5272,166.1677,166.3363,69895
2022-04-12 10:20:00,166.3363,166.3363,165.3051,165.3051,96188
2022-04-12 10:25:00,165.2753,165.414,165.0486,165.1573,99418
2022-04-12 10:30:00,165.1563,165.4439,164.8093,165.0125,112877
2022-04-12 10:35:00,165.077,165.662,165.0375,165.4207,50803
2022-04-12 10:40:00,165.4439,165.8008,165.3943,165.7116,60478
2022-04-12 10:45:00,165.7018,166.7329,165.6719,166.7329,97797
2022-04-12 10:50:00,166.7329,166.9808,166.4652,166.9313,69252
2022-04-12 10:55:00,166.9709,167.2386,166.8817,167.0006,89716
2022-04-12 11:00:00,167.0106,167.08,166.7537,167.0701,41576
2022-04-12 11:05:00,167.0601,167.3973,167.0601,167.2284,47450
2022-04-12 11:10:00,167.2138,167.4865,167.1097,167.4865,66290
2022-04-12 11:15:00,167.4766,167.5262,167.2783,167.4235,38101
2022-04-12 11:20:00,167.3973,167.5163,167.3368,167.4072,42917
2022-04-12 11:25:00,167.4469,167.6353,167.3179,167.3774,37056
2022-04-12 11:30:00,167.3725,167.546,167.1791,167.4964,45252
2022-04-12 11:35:00,167.546,167.546,167.0998,167.1791,40727
2022-04-12 11:40:00,167.1791,167.3725,167.1395,167.199,40237
2022-04-12 11:45:00,167.1791,167.2585,166.9511,167.2297,38897
2022-04-12 11:50:00,167.2684,167.2684,167.0998,167.1494,34296
2022-04-12 11:55:00,167.189,167.3998,167.0985,167.1495,27655
2022-04-12 12:00:00,167.1395,167.3774,166.9808,167.3675,37125
2022-04-12 12:05:00,167.3378,167.4171,167.0408,167.08,28834
2022-04-12 12:10:00,167.1196,167.1295,166.8817,167.0998,35296
2022-04-12 12:15:00,167.1097,167.2485,167.0502,167.1295,31029
2022-04-12 12:20:00,167.1196,167.2188,166.9709,167.1097,29809
2022-04-12 12:25:00,167.133,167.2089,166.9015,166.9412,29937
2022-04-12 12:30:00,166.9511,167.0403,166.9019,167.0006,21059
2022-04-12 12:35:00,166.9943,167.0502,166.9114,166.9907,31468
2022-04-12 12:40:00,167.0006,167.0006,166.723,166.7726,22315
2022-04-12 12:45:00,166.8023,166.8817,166.7428,166.842,19059
2022-04-12 12:50:00,166.8916,166.9708,166.8519,166.8817,22262
2022-04-12 12:55:00,166.9114,167.0085,166.8717,166.9709,32968
2022-04-12 13:00:00,166.961,167.0205,166.7702,166.842,33065
2022-04-12 13:05:00,166.8618,166.9312,166.7428,166.7726,25717
2022-04-12 13:10:00,166.7428,166.815,166.6833,166.733,46361
2022-04-12 13:15:00,166.7329,167.06,166.723,166.9808,25658
2022-04-12 13:20:00,167.0304,167.1494,167.0006,167.0304,30294
2022-04-12 13:25:00,167.0601,167.0899,166.9085,166.9709,40219
2022-04-12 13:30:00,166.961,167.0998,166.8222,167.0402,36145
2022-04-12 13:35:00,167.0308,167.0701,166.8817,166.9585,31574
2022-04-12 13:40:00,166.9808,167.0059,166.8618,166.8717,20376
2022-04-12 13:45:00,166.8767,166.9294,166.723,166.7924,30681
2022-04-12 13:50:00,166.7775,166.8618,166.604,166.7042,41242
2022-04-12 13:55:00,166.718,166.718,166.604,166.6784,40180
2022-04-12 14:00:00,166.6933,166.8916,166.6635,166.8817,43137
2022-04-12 14:05:00,166.8866,167.0205,166.8866,166.9412,41265
2022-04-12 14:10:00,166.9511,167.0651,166.7627,166.9759,30205
2022-04-12 14:15:00,166.9907,166.9957,166.7924,166.9164,33973
2022-04-12 14:20:00,166.9164,167.0811,166.8023,166.8122,31171
2022-04-12 14:25:00,166.8023,166.8916,166.7627,166.7974,40080
2022-04-12 14:30:00,166.8073,166.9114,166.728,166.8618,43851
2022-04-12 14:35:00,166.8668,167.1196,166.8122,167.0106,34594
2022-04-12 14:40:00,167.0006,167.0304,166.7131,166.8519,53280
2022-04-12 14:45:00,166.8519,167.0701,166.8172,166.8817,37911
2022-04-12 14:50:00,166.8866,167.1494,166.8618,167.1295,57157
2022-04-12 14:55:00,167.1444,167.2733,167.0304,167.0849,40327
2022-04-12 15:00:00,167.0899,167.1395,166.6139,166.6139,44217
2022-04-12 15:05:00,166.6536,166.7726,166.485,166.485,46539
2022-04-12 15:10:00,166.485,166.5049,166.1776,166.2718,60926
2022-04-12 15:15:00,166.2656,166.2867,165.9297,165.9992,61824
2022-04-12 15:20:00,165.9992,166.0785,165.8703,166.0091,69382
2022-04-12 15:25:00,165.9892,165.9992,165.7513,165.8108,44120
2022-04-12 15:30:00,165.8108,165.8504,165.6382,165.7513,73455
2022-04-12 15:35:00,165.7711,165.9496,165.7188,165.9099,69917
2022-04-12 15:40:00,165.9198,166.1776,165.9,166.1181,57694
2022-04-12 15:45:00,166.1181,166.1826,165.9398,166.0636,129118
2022-04-12 15:50:00,166.0686,166.2173,165.7653,165.7909,229204
2022-04-12 15:55:00,165.8008,166.138,165.7017,165.9793,500679
2022-04-12 16:00:00,165.9793,165.9793,165.9,165.9,889545
2022-04-12 16:05:00,165.9,165.9,165.9,165.9,1224
2022-04-12 16:20:00,165.9,165.9,165.9,165.9,3683
2022-04-12 16:25:00,165.9,165.9,165.9,165.9,837
2022-04-12 16:50:00,165.9,165.9,165.9,165.9,100
2022-04-12 17:10:00,165.9397,165.9397,165.9,165.9,290
2022-04-12 17:40:00,166.7329,166.7329,166.7329,166.7329,100
2022-04-12 17:45:00,165.9,165.9,165.9,165.9,100
2022-04-12 18:15:00,165.9,165.9,165.9,165.9,41478
2022-04-12 18:20:00,165.9,165.9,165.9,165.9,200
2022-04-12 18:30:00,165.9892,165.9892,165.9892,165.9892,100
2022-04-12 18:40:00,165.9892,165.9892,165.9892,165.9892,100
2022-04-12 18:50:00,165.9892,165.9892,165.9892,165.9892,300
2022-04-12 19:05:00,166.257,166.257,166.257,166.257,200
2022-04-12 19:15:00,166.5644,166.5644,166.5644,166.5644,213
2022-04-13 05:10:00,167.2,167.32,167.2,167.32,200
2022-04-13 06:30:00,166.03,166.03,166.03,166.03,371
2022-04-13 07:00:00,166.1,166.1,166.1,166.1,300
2022-04-13 08:00:00,166.004,166.2,166.0,166.15,2152
2022-04-13 08:05:00,166.1,166.1,166.1,166.1,500
2022-04-13 08:20:00,166.1,166.4,166.0,166.4,4702
2022-04-13 08:25:00,166.45,166.45,166.45,166.45,118
2022-04-13 08:30:00,165.9,166.38,165.9,166.15,868
2022-04-13 08:35:00,166.0,166.0,165.9,165.9,818
2022-04-13 08:40:00,165.75,165.75,165.75,165.75,292
2022-04-13 08:45:00,165.9,165.9,165.5927,165.5927,920
2022-04-13 08:55:00,165.6,165.6,165.1146,165.3,850
2022-04-13 09:05:00,165.1,165.1,165.1,165.1,143
2022-04-13 09:10:00,165.1,165.1,165.1,165.1,160
2022-04-13 09:15:00,165.09,165.09,165.09,165.09,150
2022-04-13 09:20:00,165.1,165.33,165.1,165.26,798
2022-04-13 09:25:00,165.12,165.12,164.67,164.78,9592
2022-04-13 09:30:00,165.0,165.0,162.76,163.2218,572857
2022-04-13 09:35:00,163.3,163.9,162.93,163.75,219262
2022-04-13 09:40:00,163.74,164.43,163.7,164.02,137507
2022-04-13 09:45:00,164.09,164.16,163.17,163.4001,129475
2022-04-13 09:50:00,163.4654,163.5,162.73,162.939,116922
2022-04-13 09:55:00,162.94,162.99,162.12,162.52,164315
2022-04-13 10:00:00,162.52,162.89,162.23,162.28,110097
2022-04-13 10:05:00,162.3097,162.33,161.4,161.4777,197448
2022-04-13 10:10:00,161.47,162.08,161.34,161.6,187110
2022-04-13 10:15:00,161.58,161.58,160.73,161.09,265869
2022-04-13 10:20:00,161.1,161.57,160.8,160.85,218533
2022-04-13 10:25:00,160.9,161.13,160.74,161.09,153057
2022-04-13 10:30:00,161.03,161.2208,160.39,161.03,172910
2022-04-13 10:35:00,161.01,161.315,160.98,161.12,83927
2022-04-13 10:40:00,161.14,161.155,160.67,160.81,113865
2022-04-13 10:45:00,160.86,161.06,160.62,160.6208,66916
2022-04-13 10:50:00,160.6074,160.85,160.42,160.52,107314
2022-04-13 10:55:00,160.5305,160.65,160.1,160.42,208065
2022-04-13 11:00:00,160.42,160.56,160.13,160.16,163039
2022-04-13 11:05:00,160.185,160.19,159.3679,159.38,235280
2022-04-13 11:10:00,159.39,159.4,158.65,158.788,250845
2022-04-13 11:15:00,158.8,158.93,158.42,158.62,185450
2022-04-13 11:20:00,158.61,158.63,157.69,158.4087,288050
2022-04-13 11:25:00,158.39,159.02,158.33,158.74,318229
2022-04-13 11:30:00,158.765,159.11,158.73,158.895,210629
2022-04-13 11:35:00,158.9,159.05,158.2,158.49,163503
2022-04-13 11:40:00,158.44,158.6266,158.24,158.35,124816
2022-04-13 11:45:00,158.3842,158.3842,157.532,157.56,180715
2022-04-13 11:50:00,157.57,157.63,156.73,157.31,452510
2022-04-13 11:55:00,157.27,157.5797,156.95,156.98,177409
2022-04-13 12:00:00,156.96,157.15,156.52,156.65,213158
2022-04-13 12:05:00,156.625,157.1412,156.445,157.11,233244
2022-04-13 12:10:00,157.09,157.57,156.83,157.4,195136
2022-04-13 12:15:00,157.4,157.55,156.6,156.69,185868
2022-04-13 12:20:00,156.66,157.5,156.6,156.99,181995
2022-04-13 12:25:00,156.96,157.705,156.75,157.655,164227
2022-04-13 12:30:00,157.66,158.14,157.6301,158.06,182883
2022-04-13 12:35:00,158.08,158.4715,157.95,158.29,157499
2022-04-13 12:40:00,158.29,158.301,157.98,158.22,127011
2022-04-13 12:45:00,158.23,158.8,157.95,158.05,168536
2022-04-13 12:50:00,158.021,158.5532,157.89,158.54,132612
2022-04-13 12:55:00,158.54,158.64,158.23,158.325,58637
2022-04-13 13:00:00,158.35,158.97,158.235,158.87,99658
2022-04-13 13:05:00,158.85,159.42,158.77,159.35,112424
2022-04-13 13:10:00,159.3535,159.5,159.15,159.16,111889
2022-04-13 13:15:00,159.13,159.18,158.8,158.8761,82851
2022-04-13 13:20:00,158.86,159.34,158.81,159.3,101605
2022-04-13 13:25:00,159.285,159.42,158.95,159.06,67370
2022-04-13 13:30:00,159.08,159.23,158.7218,158.7774,59637
2022-04-13 13:35:00,158.79,158.85,158.53,158.685,95067
2022-04-13 13:40:00,158.69,158.77,158.5,158.5,78703
2022-04-13 13:45:00,158.485,158.82,158.372,158.77,78136
2022-04-13 13:50:00,158.7783,159.12,158.6406,158.89,75997
2022-04-13 13:55:00,158.9,158.97,158.52,158.55,105330
2022-04-13 14:00:00,158.55,158.57,158.24,158.37,64004
2022-04-13 14:05:00,158.3858,158.65,158.31,158.435,87243
2022-04-13 14:10:00,158.42,158.43,158.05,158.185,143856
2022-04-13 14:15:00,158.206,158.515,158.12,158.49,79808
2022-04-13 14:20:00,158.485,158.72,158.485,158.66,121129
2022-04-13 14:25:00,158.66,158.86,158.59,158.72,75684
2022-04-13 14:30:00,158.735,159.185,158.71,158.95,202838
2022-04-13 14:35:00,158.9501,159.315,158.95,158.9701,91536
2022-04-13 14:40:00,158.97,159.105,158.85,158.9,143615
2022-04-13 14:45:00,158.92,159.2,158.83,159.005,104511
2022-04-13 14:50:00,159.02,159.105,158.91,158.9801,86116
2022-04-13 14:55:00,158.97,159.065,158.81,159.0362,79994
2022-04-13 15:00:00,159.0,159.15,158.98,159.15,64515
2022-04-13 15:05:00,159.14,159.32,159.13,159.2,102681
2022-04-13 15:10:00,159.205,159.22,158.87,158.8811,78469
2022-04-13 15:15:00,158.87,158.97,158.775,158.88,86853
2022-04-13 15:20:00,158.88,159.11,158.875,158.98,82033
2022-04-13 15:25:00,159.0,159.0,158.73,158.79,90398
2022-04-13 15:30:00,158.79,158.82,158.6,158.76,283792
2022-04-13 15:35:00,158.77,158.89,158.47,158.57,112705
2022-04-13 15:40:00,158.5655,158.96,158.545,158.94,147187
2022-04-13 15:45:00,158.95,159.07,158.78,159.03,233922
2022-04-13 15:50:00,159.01,159.01,158.65,158.68,219080
2022-04-13 15:55:00,158.685,158.97,158.56,158.87,581428
2022-04-13 16:00:00,158.7,158.95,158.51,158.5101,2626208
2022-04-13 16:05:00,158.75,158.95,158.74,158.75,7918
2022-04-13 16:10:00,158.75,158.75,158.7,158.75,534
2022-04-13 16:15:00,158.5483,158.5483,158.5483,158.5483,125
2022-04-13 16:25:00,158.56,158.56,158.55,158.55,1044
2022-04-13 16:30:00,158.67,158.67,158.67,158.67,178
2022-04-13 16:35:00,158.561,158.561,158.561,158.561,100
2022-04-13 16:40:00,158.6999,158.75,158.6999,158.75,410
2022-04-13 16:45:00,158.7,158.95,158.7,158.95,14002
2022-04-13 16:55:00,158.65,158.65,158.65,158.65,102
2022-04-13 17:00:00,158.6499,158.65,158.6499,158.65,200
2022-04-13 17:05:00,158.56,158.56,158.56,158.56,200
2022-04-13 17:10:00,158.95,158.95,158.95,158.95,1316
2022-04-13 17:15:00,158.6799,158.68,158.6799,158.68,200
2022-04-13 17:25:00,158.68,158.68,158.68,158.68,100
2022-04-13 17:30:00,158.68,158.68,158.52,158.52,2584
2022-04-13 17:40:00,158.5,158.5,158.5,158.5,1100
2022-04-13 18:00:00,158.46,158.68,158.46,158.68,400
2022-04-13 18:10:00,158.45,158.45,158.45,158.45,100
2022-04-13 18:20:00,158.21,158.21,158.0,158.0,296
2022-04-13 18:30:00,158.4,158.4,158.4,158.4,300
2022-04-13 18:35:00,158.2,158.22,158.2,158.22,736
2022-04-13 18:45:00,158.32,158.32,158.32,158.32,157
2022-04-13 19:00:00,158.64,158.64,158.64,158.64,300
2022-04-13 19:05:00,158.64,158.64,158.64,158.64,481
2022-04-13 19:10:00,158.68,158.68,158.68,158.68,105
2022-04-13 19:20:00,158.46,158.46,158.46,158.46,298
2022-04-13 19:30:00,158.38,158.38,158.38,158.38,133
2022-04-13 19:55:00,158.3,158.3,158.3,158.3,100
2022-04-14 04:00:00,155.83,155.83,155.83,155.83,100
2022-04-14 04:05:00,156.71,156.71,156.71,156.71,100
2022-04-14 04:10:00,158.0,158.0,158.0,158.0,101
2022-04-14 05:05:00,158.18,158.18,157.92,157.92,275
2022-04-14 05:40:00,158.19,158.19,158.19,158.19,101
2022-04-14 05:55:00,158.18,158.18,158.18,158.18,166
2022-04-14 06:30:00,158.17,158.19,158.17,158.19,300
2022-04-14 06:45:00,157.95,157.95,157.95,157.95,100
2022-04-14 07:00:00,157.95,158.1,157.95,158.1,203
2022-04-14 07:05:00,158.18,158.18,158.18,158.18,100
2022-04-14 07:25:00,158.01,158.01,158.01,158.01,368
2022-04-14 07:35:00,158.12,158.12,158.12,158.12,980
2022-04-14 07:45:00,158.15,158.15,158.15,158.15,100
2022-04-14 08:00:00,157.8019,158.18,157.75,158.18,2467
2022-04-14 08:35:00,158.18,158.19,158.12,158.12,1322
2022-04-14 08:40:00,158.06,158.06,158.06,158.06,416
2022-04-14 09:10:00,158.18,158.18,158.18,158.18,919
2022-04-14 09:25:00,158.08,158.08,157.24,157.24,10174
2022-04-14 09:30:00,157.85,158.19,156.82,157.68,514436
2022-04-14 09:35:00,157.76,159.645,157.72,159.39,156560
2022-04-14 09:40:00,159.38,160.2314,159.17,159.69,155879
2022-04-14 09:45:00,159.7,160.455,159.61,160.24,123410
2022-04-14 09:50:00,160.225,160.515,159.665,160.26,138475
2022-04-14 09:55:00,160.24,160.57,160.09,160.51,200183
2022-04-14 10:00:00,160.5,160.53,159.65,160.01,136092
2022-04-14 10:05:00,160.03,160.5,159.725,159.725,123228
2022-04-14 10:10:00,159.71,160.31,159.665,160.2105,107821
2022-04-14 10:15:00,160.24,160.4789,159.91,160.25,105994
2022-04-14 10:20:00,160.29,160.819,160.135,160.165,115074
2022-04-14 10:25:00,160.185,160.94,160.15,160.9,215112
2022-04-14 10:30:00,160.915,161.56,160.85,161.4535,124585
2022-04-14 10:35:00,161.47,162.28,161.41,161.8585,195980
2022-04-14 10:40:00,161.875,162.4,161.74,162.28,116626
2022-04-14 10:45:00,162.289,162.92,162.25,162.775,135134
2022-04-14 10:50:00,162.775,163.575,162.652,163.43,220732
2022-04-14 10:55:00,163.445,163.5983,163.22,163.33,160876
2022-04-14 11:00:00,163.3167,163.535,162.87,162.87,149647
2022-04-14 11:05:00,162.9,162.9799,162.45,162.85,101031
2022-04-14 11:10:00,162.8201,163.37,162.8201,162.9114,72937
2022-04-14 11:15:00,162.91,162.9991,162.63,162.66,62130
2022-04-14 11:20:00,162.665,162.6972,162.16,162.67,79894
2022-04-14 11:25:00,162.665,162.841,162.52,162.545,57881
2022-04-14 11:30:00,162.59,162.94,162.3572,162.815,55175
2022-04-14 11:35:00,162.83,163.13,162.74,162.76,59399
2022-04-14 11:40:00,162.76,162.9595,162.6,162.71,50624
2022-04-14 11:45:00,162.7055,162.7738,162.5093,162.67,27584
2022-04-14 11:50:00,162.67,162.75,162.501,162.69,28132
2022-04-14 11:55:00,162.665,162.95,162.625,162.86,45837
2022-04-14 12:00:00,162.85,162.9123,162.61,162.815,25411
2022-04-14 12:05:00,162.84,163.04,162.84,162.8995,56103
2022-04-14 12:10:00,162.9,163.05,162.9,163.0,35595
2022-04-14 12:15:00,163.0,163.01,162.89,162.9503,27432
2022-04-14 12:20:00,162.965,162.965,162.62,162.76,23982
2022-04-14 12:25:00,162.775,162.94,162.775,162.81,26916
2022-04-14 12:30:00,162.84,162.9,162.62,162.665,31986
2022-04-14 12:35:00,162.66,162.84,162.5506,162.62,26204
2022-04-14 12:40:00,162.635,162.73,162.57,162.625,24577
2022-04-14 12:45:00,162.64,162.8,162.6,162.6908,32757
2022-04-14 12:50:00,162.675,162.83,162.6,162.765,40072
2022-04-14 12:55:00,162.74,162.98,162.7,162.87,39853
2022-04-14 13:00:00,162.86,162.99,162.85,162.91,39651
2022-04-14 13:05:00,162.915,163.05,162.84,163.03,64169
2022-04-14 13:10:00,163.04,163.44,163.04,163.25,76931
2022-04-14 13:15:00,163.235,163.33,162.8913,162.91,38208
2022-04-14 13:20:00,162.9,163.07,162.82,163.01,32036
2022-04-14 13:25:00,163.01,163.39,162.97,163.39,53815
2022-04-14 13:30:00,163.37,163.385,163.12,163.13,107069
2022-04-14 13:35:00,163.12,163.2,163.04,163.04,104232
2022-04-14 13:40:00,163.045,163.4,162.97,163.255,104181
2022-04-14 13:45:00,163.28,163.56,163.18,163.3,74740
2022-04-14 13:50:00,163.3,163.445,163.2001,163.37,39602
2022-04-14 13:55:00,163.39,163.51,163.37,163.46,30637
2022-04-14 14:00:00,163.45,163.87,163.41,163.835,61920
2022-04-14 14:05:00,163.85,163.85,163.39,163.39,38828
2022-04-14 14:10:00,163.41,163.415,163.165,163.25,30494
2022-04-14 14:15:00,163.26,163.37,163.17,163.19,52980
2022-04-14 14:20:00,163.175,163.295,163.082,163.18,39704
2022-04-14 14:25:00,163.1856,163.41,163.16,163.3101,33362
2022-04-14 14:30:00,163.35,163.53,163.32,163.43,63361
2022-04-14 14:35:00,163.4523,163.48,163.3,163.33,32342
2022-04-14 14:40:00,163.34,163.5,163.32,163.47,49576
2022-04-14 14:45:00,163.465,163.6,163.3424,163.43,75369
2022-04-14 14:50:00,163.46,163.4617,163.17,163.18,69166
2022-04-14 14:55:00,163.22,163.225,163.04,163.04,42994
2022-04-14 15:00:00,163.06,163.17,163.04,163.08,48470
2022-04-14 15:05:00,163.08,163.175,163.03,163.03,32007
2022-04-14 15:10:00,163.04,163.04,162.9237,162.96,48614
2022-04-14 15:15:00,162.96,163.2,162.93,163.2,101718
2022-04-14 15:20:00,163.19,163.3,163.08,163.155,41038
2022-04-14 15:25:00,163.17,163.18,162.94,162.965,39730
2022-04-14 15:30:00,162.97,162.97,162.505,162.505,57767
2022-04-14 15:35:00,162.5,162.6,162.39,162.415,62729
2022-04-14 15:40:00,162.44,162.55,162.34,162.55,63643
2022-04-14 15:45:00,162.5559,162.585,162.15,162.27,126160
2022-04-14 15:50:00,162.25,162.27,161.83,161.99,240099
2022-04-14 15:55:00,161.98,162.49,161.7,162.12,472318
2022-04-14 16:00:00,162.1,162.31,161.51,162.31,1978645
2022-04-14 16:05:00,161.88,162.31,161.702,161.702,7139
2022-04-14 16:10:00,162.23,162.23,162.23,162.23,462
2022-04-14 16:15:00,162.25,162.25,162.25,162.25,300
2022-04-14 16:20:00,162.31,162.31,162.31,162.31,11121
2022-04-14 16:40:00,162.31,162.31,162.31,162.31,185000
2022-04-14 16:45:00,162.31,162.31,162.31,162.31,27100
2022-04-14 17:00:00,161.5729,161.5729,161.5729,161.5729,182
2022-04-14 17:15:00,161.58,161.75,161.58,161.75,300
2022-04-14 17:20:00,162.0,162.01,162.0,162.01,400
2022-04-14 17:25:00,162.0,162.1,162.0,162.05,870
