2022-04-01 05:00:00,459.2,459.2,459.2,459.2,200
2022-04-01 05:45:00,460.0,460.0,460.0,460.0,100
2022-04-01 08:30:00,459.0,459.0,459.0,459.0,100
2022-04-01 08:40:00,459.99,459.99,459.99,459.99,100
2022-04-01 09:00:00,457.35,457.35,457.35,457.35,100
2022-04-01 09:05:00,457.18,457.19,457.18,457.19,264
2022-04-01 09:25:00,459.98,459.99,458.5,459.99,956
2022-04-01 09:30:00,455.11,457.89,450.96,455.38,88008
2022-04-01 09:35:00,455.5,458.545,454.11,457.06,22705
2022-04-01 09:40:00,456.94,460.75,456.85,458.56,20308
2022-04-01 09:45:00,458.665,459.27,457.19,458.39,14397
2022-04-01 09:50:00,458.045,458.45,455.91,457.19,15562
2022-04-01 09:55:00,456.985,460.48,456.985,460.45,15712
2022-04-01 10:00:00,460.8,460.8,457.485,457.97,28758
2022-04-01 10:05:00,458.31,458.87,457.5252,457.71,20180
2022-04-01 10:10:00,457.5,460.09,457.18,459.1801,17896
2022-04-01 10:15:00,459.295,460.33,458.82,458.99,10121
2022-04-01 10:20:00,458.895,460.1353,458.4923,460.1353,9215
2022-04-01 10:25:00,459.75,460.62,459.3,460.2523,9560
2022-04-01 10:30:00,460.586,461.55,460.1,460.14,10581
2022-04-01 10:35:00,460.7,461.235,459.15,459.15,11627
2022-04-01 10:40:00,459.01,459.38,457.98,458.81,8118
2022-04-01 10:45:00,459.045,460.14,458.77,459.12,14862
2022-04-01 10:50:00,459.19,459.995,458.44,459.61,10093
2022-04-01 10:55:00,459.48,460.2997,459.36,459.51,12676
2022-04-01 11:00:00,459.28,459.83,458.8701,459.34,15398
2022-04-01 11:05:00,459.5,460.65,458.9,460.3,8645
2022-04-01 11:10:00,460.15,460.4,458.46,458.815,24138
2022-04-01 11:15:00,458.75,459.72,458.3,459.3306,12165
2022-04-01 11:20:00,459.0561,459.93,458.61,458.78,31744
2022-04-01 11:25:00,458.74,458.9,457.56,457.58,18963
2022-04-01 11:30:00,457.55,457.55,456.413,456.413,7353
2022-04-01 11:35:00,456.0,456.0,454.22,454.47,18178
2022-04-01 11:40:00,454.48,455.4,454.36,455.15,6956
2022-04-01 11:45:00,455.24,455.43,454.95,455.195,5527
2022-04-01 11:50:00,455.3794,455.73,454.85,455.29,9816
2022-04-01 11:55:00,455.315,455.315,453.66,454.37,10370
2022-04-01 12:00:00,454.36,454.36,453.56,453.895,7512
2022-04-01 12:05:00,453.89,455.51,453.74,455.41,15083
2022-04-01 12:10:00,455.23,455.95,455.0377,455.875,11769
2022-04-01 12:15:00,455.8204,456.16,454.8,454.8,8466
2022-04-01 12:20:00,454.8,455.79,454.77,455.4901,4361
2022-04-01 12:25:00,455.9,456.06,455.0301,455.725,5332
2022-04-01 12:30:00,455.76,455.76,454.14,454.14,5334
2022-04-01 12:35:00,454.19,454.65,454.07,454.49,2470
2022-04-01 12:40:00,454.5,455.2,454.4,455.2,2497
2022-04-01 12:45:00,455.155,455.32,454.5,455.15,4332
2022-04-01 12:50:00,455.08,455.08,454.14,454.45,4718
2022-04-01 12:55:00,454.67,454.67,453.74,453.9612,3665
2022-04-01 13:00:00,453.91,454.46,453.77,453.9953,6570
2022-04-01 13:05:00,454.2,454.65,453.865,453.865,8664
2022-04-01 13:10:00,453.82,454.06,453.234,453.6,6056
2022-04-01 13:15:00,453.47,454.58,453.4,454.38,5690
2022-04-01 13:20:00,454.33,454.985,454.17,454.6,6911
2022-04-01 13:25:00,454.4,454.719,454.28,454.28,2832
2022-04-01 13:30:00,454.22,454.79,454.05,454.1201,5750
2022-04-01 13:35:00,454.12,455.345,454.12,455.08,7927
2022-04-01 13:40:00,455.03,456.02,455.02,455.225,8112
2022-04-01 13:45:00,455.13,455.55,454.96,455.55,6267
2022-04-01 13:50:00,455.64,455.64,454.76,454.955,22818
2022-04-01 13:55:00,454.84,455.31,454.6557,454.78,10538
2022-04-01 14:00:00,454.63,455.32,454.215,455.21,18278
2022-04-01 14:05:00,455.245,456.0,454.63,454.63,7421
2022-04-01 14:10:00,454.4,454.8595,454.04,454.8595,7496
2022-04-01 14:15:00,455.0,455.335,454.93,455.12,9541
2022-04-01 14:20:00,455.15,455.18,454.35,454.47,11779
2022-04-01 14:25:00,454.48,455.17,454.36,454.98,4314
2022-04-01 14:30:00,455.1,456.025,454.9,456.025,9102
2022-04-01 14:35:00,456.085,456.4,455.4882,455.495,8907
2022-04-01 14:40:00,455.7,456.72,455.59,456.395,6102
2022-04-01 14:45:00,456.395,456.84,456.38,456.52,5771
2022-04-01 14:50:00,456.56,456.805,456.095,456.38,11035
2022-04-01 14:55:00,456.1701,456.81,455.95,456.21,7716
2022-04-01 15:00:00,455.995,456.69,455.987,456.055,8546
2022-04-01 15:05:00,456.2,456.42,455.455,455.455,5880
2022-04-01 15:10:00,455.495,455.56,454.8,455.52,10509
2022-04-01 15:15:00,455.36,455.8,454.28,454.28,15305
2022-04-01 15:20:00,454.32,454.6,454.14,454.48,9011
2022-04-01 15:25:00,454.45,454.74,454.245,454.56,6670
2022-04-01 15:30:00,454.6,454.73,453.8,454.07,10315
2022-04-01 15:35:00,454.18,454.39,453.495,454.25,17787
2022-04-01 15:40:00,454.07,454.75,453.31,453.47,19721
2022-04-01 15:45:00,453.57,453.8275,453.17,453.371,35541
2022-04-01 15:50:00,453.68,457.48,453.65,457.28,57758
2022-04-01 15:55:00,457.5,458.65,457.31,458.19,113834
2022-04-01 16:00:00,458.19,458.19,458.19,458.19,387463
2022-04-01 16:05:00,458.19,458.19,458.19,458.19,1342
2022-04-01 16:10:00,457.45,457.45,457.45,457.45,149
2022-04-01 16:35:00,458.19,458.19,458.19,458.19,1145
2022-04-01 16:40:00,457.49,457.49,457.49,457.49,235
2022-04-01 16:55:00,457.72,457.72,457.72,457.72,180
2022-04-01 18:00:00,457.5,457.5,457.5,457.5,892
2022-04-01 19:50:00,457.8,457.8,457.8,457.8,230
2022-04-04 07:20:00,461.4,461.4,461.4,461.4,100
2022-04-04 08:05:00,461.0,461.0,461.0,461.0,232
2022-04-04 08:10:00,461.01,461.01,461.01,461.01,100
2022-04-04 08:15:00,461.2,461.2,461.2,461.2,100
2022-04-04 08:55:00,459.32,459.32,459.2,459.2,224
2022-04-04 09:15:00,460.5,460.5,460.5,460.5,1000
2022-04-04 09:30:00,461.04,464.61,460.61,464.31,79150
2022-04-04 09:35:00,464.05,469.0,463.9,468.81,40914
2022-04-04 09:40:00,469.03,473.49,469.03,472.765,79834
2022-04-04 09:45:00,473.46,473.4776,470.3121,471.9,44328
2022-04-04 09:50:00,471.65,472.944,470.99,471.02,31659
2022-04-04 09:55:00,471.09,471.99,470.3579,471.32,12513
2022-04-04 10:00:00,471.58,471.82,469.15,469.19,24125
2022-04-04 10:05:00,468.88,469.7788,468.35,468.77,15669
2022-04-04 10:10:00,469.0,470.41,466.49,466.925,19975
2022-04-04 10:15:00,466.9,467.23,465.3422,465.64,28883
2022-04-04 10:20:00,465.45,466.31,465.3,465.695,7164
2022-04-04 10:25:00,465.79,466.02,464.38,465.14,10056
2022-04-04 10:30:00,465.0,466.35,464.99,466.12,26593
2022-04-04 10:35:00,466.0348,468.31,465.6,468.1819,11746
2022-04-04 10:40:00,467.95,467.95,466.985,467.39,9853
2022-04-04 10:45:00,467.38,468.01,466.905,467.69,8872
2022-04-04 10:50:00,467.73,468.44,467.375,467.76,7245
2022-04-04 10:55:00,467.87,468.4,467.53,468.07,8676
2022-04-04 11:00:00,467.89,469.37,467.84,468.7351,8259
2022-04-04 11:05:00,468.86,469.15,468.455,469.15,6969
2022-04-04 11:10:00,469.04,469.3,467.8068,468.3,13208
2022-04-04 11:15:00,468.12,468.23,466.65,467.28,16113
2022-04-04 11:20:00,467.41,467.445,465.93,466.24,12140
2022-04-04 11:25:00,466.41,467.09,465.6,466.0,18552
2022-04-04 11:30:00,466.25,466.3,464.8,465.05,17060
2022-04-04 11:35:00,465.04,465.44,464.86,464.99,9196
2022-04-04 11:40:00,464.89,467.93,464.89,467.63,17060
2022-04-04 11:45:00,467.55,468.12,467.2022,467.65,11396
2022-04-04 11:50:00,467.63,468.36,467.15,467.508,7351
2022-04-04 11:55:00,467.495,467.85,467.0,467.81,8135
2022-04-04 12:00:00,467.67,468.46,467.4572,467.51,10303
2022-04-04 12:05:00,467.5076,468.42,467.46,467.93,9469
2022-04-04 12:10:00,468.02,468.87,467.905,468.87,8422
2022-04-04 12:15:00,468.77,469.51,468.31,468.495,9108
2022-04-04 12:20:00,468.495,468.67,467.93,468.56,9316
2022-04-04 12:25:00,468.49,469.4501,468.3,469.4501,11079
2022-04-04 12:30:00,469.32,470.5899,469.31,470.55,13302
2022-04-04 12:35:00,470.59,470.9063,470.315,470.7,9834
2022-04-04 12:40:00,470.73,471.185,469.895,470.14,15503
2022-04-04 12:45:00,470.095,470.095,469.32,469.43,7236
2022-04-04 12:50:00,469.6,470.24,469.6,469.76,7720
2022-04-04 12:55:00,469.67,469.7288,469.04,469.25,3730
2022-04-04 13:00:00,469.1,469.4199,468.7,469.12,5709
2022-04-04 13:05:00,469.23,469.29,468.91,469.2,3223
2022-04-04 13:10:00,469.0,469.16,468.61,468.89,8413
2022-04-04 13:15:00,468.69,469.14,468.57,469.11,3357
2022-04-04 13:20:00,468.9504,468.9504,468.36,468.74,6940
2022-04-04 13:25:00,468.9803,469.0052,467.35,467.5,10707
2022-04-04 13:30:00,467.5,467.9677,466.6221,467.645,10368
2022-04-04 13:35:00,467.595,467.6193,467.14,467.205,9650
2022-04-04 13:40:00,467.175,467.29,466.995,467.2698,3337
2022-04-04 13:45:00,467.36,467.36,467.095,467.245,9482
2022-04-04 13:50:00,467.27,467.72,467.2,467.4,7214
2022-04-04 13:55:00,467.5,467.865,467.3456,467.73,11071
2022-04-04 14:00:00,467.6,467.6,466.8,467.01,8889
2022-04-04 14:05:00,466.92,467.15,465.665,465.665,9114
2022-04-04 14:10:00,465.71,466.2068,465.6401,465.69,9909
2022-04-04 14:15:00,465.69,466.418,465.64,465.895,7087
2022-04-04 14:20:00,466.01,466.0811,465.8055,465.91,9573
2022-04-04 14:25:00,465.82,466.83,465.61,466.8,9833
2022-04-04 14:30:00,466.93,467.2044,466.4872,467.15,7146
2022-04-04 14:35:00,467.25,467.87,467.25,467.86,6306
2022-04-04 14:40:00,467.91,468.72,467.7,468.2,11038
2022-04-04 14:45:00,468.2001,468.6,467.85,467.85,7664
2022-04-04 14:50:00,467.98,467.98,467.18,467.83,5176
2022-04-04 14:55:00,467.97,467.97,467.3456,467.6,4303
2022-04-04 15:00:00,467.54,468.03,467.31,467.74,6978
2022-04-04 15:05:00,467.77,468.0,467.58,468.0,5452
2022-04-04 15:10:00,467.99,468.18,467.28,467.57,8286
2022-04-04 15:15:00,467.53,467.83,467.4393,467.765,11341
2022-04-04 15:20:00,467.805,468.5,467.805,468.24,10491
2022-04-04 15:25:00,468.26,468.37,467.995,468.3195,5081
2022-04-04 15:30:00,468.2,468.6,468.02,468.5,7803
2022-04-04 15:35:00,468.47,468.7,468.27,468.7,12037
2022-04-04 15:40:00,468.65,468.92,468.105,468.15,25320
2022-04-04 15:45:00,468.09,468.71,467.995,468.4,18164
2022-04-04 15:50:00,468.46,469.14,468.41,469.0,29666
2022-04-04 15:55:00,468.66,469.25,467.8,468.98,59904
2022-04-04 16:00:00,468.81,468.81,468.81,468.81,457855
2022-04-04 16:10:00,468.81,468.81,468.81,468.81,2926
2022-04-04 16:30:00,468.81,468.81,468.81,468.81,2334
2022-04-04 16:35:00,469.2,469.2,469.1,469.1,300
2022-04-04 16:40:00,468.81,468.81,468.81,468.81,140000
2022-04-04 16:45:00,469.89,469.89,469.89,469.89,200
2022-04-04 17:40:00,468.81,468.81,468.81,468.81,341
2022-04-04 18:10:00,468.8,468.8,468.8,468.8,100
2022-04-04 19:30:00,468.08,468.08,468.08,468.08,200
2022-04-05 05:30:00,470.29,470.29,470.29,470.29,100
2022-04-05 05:40:00,469.25,469.25,469.0,469.0,333
2022-04-05 05:50:00,469.35,469.35,469.35,469.35,100
2022-04-05 08:40:00,468.7,468.7,468.7,468.7,200
2022-04-05 08:55:00,467.0,467.0,467.0,467.0,197
2022-04-05 09:25:00,468.56,470.36,468.56,470.36,1313
2022-04-05 09:30:00,469.37,471.76,466.5,468.155,88062
2022-04-05 09:35:00,469.15,469.6599,467.02,467.78,13227
2022-04-05 09:40:00,467.78,467.78,465.57,465.83,16105
2022-04-05 09:45:00,465.88,467.14,465.3291,467.035,10769
2022-04-05 09:50:00,467.33,467.33,464.53,464.53,11069
2022-04-05 09:55:00,464.47,464.83,463.3,464.19,19799
2022-04-05 10:00:00,464.24,464.95,462.7,463.56,14358
2022-04-05 10:05:00,463.42,463.44,459.54,459.81,22266
2022-04-05 10:10:00,459.705,460.7826,459.5,459.8082,20922
2022-04-05 10:15:00,459.56,460.02,458.69,459.0,12849
2022-04-05 10:20:00,458.935,459.67,458.23,459.56,24655
2022-04-05 10:25:00,459.53,460.35,458.86,460.35,16460
2022-04-05 10:30:00,460.4499,460.82,459.2,459.51,8358
2022-04-05 10:35:00,459.51,459.9,458.16,458.3738,8775
2022-04-05 10:40:00,458.59,458.74,458.15,458.5,12144
2022-04-05 10:45:00,458.45,458.9,458.293,458.86,27644
2022-04-05 10:50:00,459.06,461.38,459.06,461.38,7076
2022-04-05 10:55:00,461.25,461.9,460.47,461.815,22637
2022-04-05 11:00:00,462.05,462.68,460.705,461.275,17772
2022-04-05 11:05:00,461.86,462.525,460.985,461.4771,9942
2022-04-05 11:10:00,461.3,463.07,460.62,462.3487,14200
2022-04-05 11:15:00,462.4,462.585,461.05,461.2886,8291
2022-04-05 11:20:00,461.33,462.06,461.32,461.73,4920
2022-04-05 11:25:00,461.71,462.09,461.12,461.14,12855
2022-04-05 11:30:00,461.12,461.45,460.76,461.055,7597
2022-04-05 11:35:00,460.93,460.93,458.865,458.98,14416
2022-04-05 11:40:00,458.98,459.22,458.54,458.8,10082
2022-04-05 11:45:00,458.92,459.015,458.65,458.79,5144
2022-04-05 11:50:00,458.98,459.8678,458.98,459.5075,5806
2022-04-05 11:55:00,459.64,459.705,458.26,458.26,13052
2022-04-05 12:00:00,458.24,458.52,457.33,457.5,16647
2022-04-05 12:05:00,457.4,457.9,457.3,457.8974,7133
2022-04-05 12:10:00,457.73,458.49,457.73,458.32,4545
2022-04-05 12:15:00,458.28,458.54,457.13,457.195,4566
2022-04-05 12:20:00,457.15,457.29,456.39,456.61,8003
2022-04-05 12:25:00,456.55,457.43,456.35,457.2514,4456
2022-04-05 12:30:00,457.3372,457.98,457.15,457.3,7911
2022-04-05 12:35:00,457.16,458.05,457.12,457.995,4815
2022-04-05 12:40:00,458.07,458.47,457.92,458.11,4507
2022-04-05 12:45:00,458.14,459.095,458.11,459.095,4548
2022-04-05 12:50:00,459.24,459.58,458.96,459.0529,8323
2022-04-05 12:55:00,459.05,459.62,458.95,459.21,3577
2022-04-05 13:00:00,459.16,459.59,459.105,459.37,3368
2022-04-05 13:05:00,459.32,459.84,459.02,459.84,3395
2022-04-05 13:10:00,460.0,460.68,459.95,460.68,5875
2022-04-05 13:15:00,460.68,461.0,460.31,460.59,4737
2022-04-05 13:20:00,460.6,460.6,460.125,460.42,1718
2022-04-05 13:25:00,460.42,460.515,459.32,459.63,10449
2022-04-05 13:30:00,459.62,459.62,459.14,459.42,4136
2022-04-05 13:35:00,459.26,459.27,458.68,458.68,4427
2022-04-05 13:40:00,458.62,458.71,457.38,457.54,10041
2022-04-05 13:45:00,457.54,457.7876,457.25,457.55,6191
2022-04-05 13:50:00,457.32,457.58,456.91,457.52,4347
2022-04-05 13:55:00,457.4,458.09,457.4,457.97,2640
2022-04-05 14:00:00,457.89,457.99,457.38,457.525,3183
2022-04-05 14:05:00,457.6369,457.74,457.205,457.32,4430
2022-04-05 14:10:00,457.425,457.645,456.89,457.645,5179
2022-04-05 14:15:00,457.71,458.37,457.71,458.37,10894
2022-04-05 14:20:00,458.26,458.45,457.99,458.31,2860
2022-04-05 14:25:00,458.195,459.15,458.195,458.445,16891
2022-04-05 14:30:00,458.37,459.0,458.2,458.58,10665
2022-04-05 14:35:00,458.775,459.51,458.12,458.305,10590
2022-04-05 14:40:00,458.0623,459.5,458.0623,459.38,5177
2022-04-05 14:45:00,459.44,459.86,459.165,459.47,4812
2022-04-05 14:50:00,459.72,459.82,458.82,458.97,8801
2022-04-05 14:55:00,458.985,459.36,458.38,458.58,5323
2022-04-05 15:00:00,458.6,459.06,457.79,457.84,5946
2022-04-05 15:05:00,457.84,457.96,457.475,457.475,5235
2022-04-05 15:10:00,457.61,457.68,456.85,457.445,15575
2022-04-05 15:15:00,457.5,457.7,457.16,457.485,5246
2022-04-05 15:20:00,457.515,458.05,457.23,457.95,21159
2022-04-05 15:25:00,457.945,457.9747,457.04,457.77,18648
2022-04-05 15:30:00,457.5,457.5,456.33,456.645,11757
2022-04-05 15:35:00,456.655,457.09,456.38,456.65,16997
2022-04-05 15:40:00,456.79,457.215,456.54,456.89,25934
2022-04-05 15:45:00,457.0,457.1,455.91,456.11,27217
2022-04-05 15:50:00,455.91,457.72,455.07,457.38,62608
2022-04-05 15:55:00,457.52,458.87,457.4,458.59,82004
2022-04-05 16:00:00,458.58,458.58,458.58,458.58,299543
2022-04-05 16:05:00,459.19,459.19,458.58,458.58,471
2022-04-05 16:10:00,458.58,458.58,458.58,458.58,2002
2022-04-05 16:20:00,459.2,459.2,459.2,459.2,288
2022-04-05 16:25:00,459.18,459.2,458.58,458.58,421
2022-04-05 16:35:00,459.01,459.01,459.01,459.01,930
2022-04-05 16:40:00,458.59,458.59,458.58,458.58,2361
2022-04-05 16:55:00,458.89,458.89,458.89,458.89,100
2022-04-05 19:35:00,458.32,458.32,458.32,458.32,100
2022-04-06 05:00:00,454.48,454.48,454.48,454.48,100
2022-04-06 05:55:00,452.05,452.05,452.04,452.04,241
2022-04-06 07:10:00,451.0,451.0,451.0,451.0,100
2022-04-06 07:55:00,450.19,450.19,450.19,450.19,249
2022-04-06 08:00:00,451.79,451.79,450.19,450.19,1009
2022-04-06 08:05:00,447.8,447.8,445.44,445.44,321
2022-04-06 08:10:00,448.0,448.0,448.0,448.0,213
2022-04-06 08:45:00,448.65,448.65,448.65,448.65,100
2022-04-06 09:15:00,449.9,449.9,449.9,449.9,141
2022-04-06 09:20:00,450.18,450.18,449.9,449.9,588
2022-04-06 09:25:00,449.0,449.9,447.35,447.63,2756
2022-04-06 09:30:00,448.57,450.01,446.0,448.64,93736
2022-04-06 09:35:00,448.25,448.46,446.43,447.46,25972
2022-04-06 09:40:00,447.14,448.2562,444.63,444.73,32693
2022-04-06 09:45:00,444.94,445.91,444.145,444.84,21870
2022-04-06 09:50:00,444.43,444.71,442.75,442.86,29749
2022-04-06 09:55:00,442.705,445.18,442.32,444.855,32515
2022-04-06 10:00:00,444.7,445.61,442.49,443.11,23472
2022-04-06 10:05:00,443.11,444.24,443.05,443.19,24476
2022-04-06 10:10:00,443.08,444.99,442.325,444.69,23033
2022-04-06 10:15:00,444.65,446.61,444.03,445.81,27547
2022-04-06 10:20:00,445.52,446.19,444.945,445.88,18397
2022-04-06 10:25:00,445.825,446.15,444.26,444.26,36194
2022-04-06 10:30:00,444.48,445.9,443.21,443.79,46299
2022-04-06 10:35:00,444.07,444.4299,443.21,444.0242,17216
2022-04-06 10:40:00,443.68,445.41,442.84,444.11,24801
2022-04-06 10:45:00,443.92,445.85,443.67,444.025,20301
2022-04-06 10:50:00,444.23,444.37,443.26,443.4105,12618
2022-04-06 10:55:00,443.7,444.4233,443.62,443.67,16690
2022-04-06 11:00:00,443.57,444.9,443.08,444.46,36406
2022-04-06 11:05:00,444.48,444.48,442.53,442.53,18768
2022-04-06 11:10:00,442.72,444.14,442.5461,443.7,19397
2022-04-06 11:15:00,443.8371,444.7776,443.09,443.56,14400
2022-04-06 11:20:00,443.55,445.32,443.5,444.75,10815
2022-04-06 11:25:00,444.88,445.92,444.49,445.6,7822
2022-04-06 11:30:00,445.9,445.9,444.22,444.23,11267
2022-04-06 11:35:00,444.235,444.43,443.525,443.77,15387
2022-04-06 11:40:00,443.74,444.83,443.6,444.5,15738
2022-04-06 11:45:00,444.77,445.11,443.855,444.92,24718
2022-04-06 11:50:00,444.96,445.16,444.05,444.2552,12555
2022-04-06 11:55:00,444.4,444.58,443.46,444.01,19369
2022-04-06 12:00:00,444.08,444.2,443.11,443.45,23258
2022-04-06 12:05:00,443.48,443.48,442.745,442.87,9207
2022-04-06 12:10:00,442.9,443.04,441.8101,442.04,15415
2022-04-06 12:15:00,441.77,442.23,441.5,441.78,15178
2022-04-06 12:20:00,441.74,441.742,440.9901,441.56,9665
2022-04-06 12:25:00,441.58,441.64,441.04,441.64,12589
2022-04-06 12:30:00,441.34,442.22,441.18,441.79,15843
2022-04-06 12:35:00,441.695,441.93,441.46,441.78,9967
2022-04-06 12:40:00,441.65,442.245,441.52,441.97,5706
2022-04-06 12:45:00,442.01,442.11,440.97,441.505,7383
2022-04-06 12:50:00,441.67,442.47,441.56,442.0563,7448
2022-04-06 12:55:00,442.09,442.12,441.54,441.645,9312
2022-04-06 13:00:00,441.57,441.77,441.05,441.28,9835
2022-04-06 13:05:00,441.5,441.99,441.4118,441.77,7897
2022-04-06 13:10:00,441.875,441.93,441.47,441.86,8180
2022-04-06 13:15:00,441.77,443.24,441.51,443.2,11931
2022-04-06 13:20:00,443.3,443.68,443.22,443.22,6329
2022-04-06 13:25:00,443.34,443.58,442.91,443.58,8825
2022-04-06 13:30:00,443.74,443.765,442.64,443.44,29852
2022-04-06 13:35:00,443.49,444.05,442.85,444.05,17592
2022-04-06 13:40:00,444.06,445.13,443.88,444.355,13072
2022-04-06 13:45:00,444.3857,445.74,443.895,445.74,13590
2022-04-06 13:50:00,445.63,445.666,444.56,444.765,8800
2022-04-06 13:55:00,444.59,444.95,443.91,443.91,9030
2022-04-06 14:00:00,443.53,447.84,442.7567,446.84,20412
2022-04-06 14:05:00,446.3958,446.42,443.15,443.46,20974
2022-04-06 14:10:00,443.1757,443.67,441.91,441.91,20455
2022-04-06 14:15:00,441.89,441.89,439.57,439.68,34204
2022-04-06 14:20:00,439.79,441.61,439.7,441.47,17622
2022-04-06 14:25:00,441.64,443.235,441.41,442.37,15033
2022-04-06 14:30:00,442.29,446.2,442.14,446.115,19252
2022-04-06 14:35:00,446.11,446.53,444.29,445.19,14035
2022-04-06 14:40:00,445.11,445.65,443.04,445.34,15734
2022-04-06 14:45:00,445.14,446.3773,443.87,444.47,15944
2022-04-06 14:50:00,444.86,446.19,444.45,445.9,15329
2022-04-06 14:55:00,446.08,448.24,446.08,448.095,13644
2022-04-06 15:00:00,448.12,449.33,448.12,448.84,12976
2022-04-06 15:05:00,448.89,448.89,446.85,446.87,9669
2022-04-06 15:10:00,447.21,448.13,446.3254,447.39,17222
2022-04-06 15:15:00,447.34,448.134,446.39,446.39,33067
2022-04-06 15:20:00,446.37,446.37,444.685,445.13,12384
2022-04-06 15:25:00,445.27,445.29,443.87,444.175,11703
2022-04-06 15:30:00,443.98,445.095,443.08,443.24,13198
2022-04-06 15:35:00,443.41,445.91,443.07,445.775,19689
2022-04-06 15:40:00,445.65,446.355,444.865,446.27,17687
2022-04-06 15:45:00,446.11,447.33,445.45,446.86,50739
2022-04-06 15:50:00,446.98,447.23,444.67,444.86,57343
2022-04-06 15:55:00,444.74,445.32,443.79,444.05,127699
2022-04-06 16:00:00,444.33,444.33,443.75,444.33,577378
2022-04-06 16:05:00,444.33,444.3301,444.33,444.3301,3376
2022-04-06 16:10:00,444.74,444.74,444.74,444.74,103
2022-04-06 16:20:00,444.33,444.33,444.33,444.33,1770
2022-04-06 17:00:00,444.1976,444.1976,444.1976,444.1976,100
2022-04-06 17:05:00,445.0,445.0,445.0,445.0,100
2022-04-06 17:30:00,445.0,445.0,445.0,445.0,150
2022-04-06 19:40:00,444.07,444.07,444.07,444.07,195
2022-04-07 08:00:00,446.0,447.137,446.0,447.137,365
2022-04-07 09:25:00,444.69,444.69,444.69,444.69,201
2022-04-07 09:30:00,443.51,446.85,443.02,446.03,82095
2022-04-07 09:35:00,445.76,448.11,444.63,445.37,25424
2022-04-07 09:40:00,445.58,446.52,443.69,443.69,17792
2022-04-07 09:45:00,444.34,445.38,442.51,442.9099,17235
2022-04-07 09:50:00,442.56,446.22,442.56,445.84,12235
2022-04-07 09:55:00,445.6,447.6,445.44,447.6,15352
2022-04-07 10:00:00,447.9,449.17,446.53,447.97,11915
2022-04-07 10:05:00,447.8,448.13,446.0601,446.41,16107
2022-04-07 10:10:00,446.47,447.0753,444.39,446.8,11662
2022-04-07 10:15:00,446.57,446.59,444.5752,444.85,10861
2022-04-07 10:20:00,444.81,445.09,443.74,444.69,9376
2022-04-07 10:25:00,445.34,445.79,444.4,445.0,7944
2022-04-07 10:30:00,445.58,445.99,444.29,444.65,7863
2022-04-07 10:35:00,444.91,446.24,443.35,443.35,13958
2022-04-07 10:40:00,443.05,443.05,441.55,442.18,16266
2022-04-07 10:45:00,442.21,442.7899,441.5143,442.005,17831
2022-04-07 10:50:00,442.45,444.0,442.43,443.6697,8762
2022-04-07 10:55:00,443.4,444.19,443.19,444.1,14397
2022-04-07 11:00:00,444.02,445.0,444.015,444.278,6267
2022-04-07 11:05:00,444.35,444.44,443.26,443.26,5561
2022-04-07 11:10:00,443.34,443.95,442.921,443.41,6639
2022-04-07 11:15:00,443.2491,443.6,442.6911,443.11,12185
2022-04-07 11:20:00,443.2,443.75,442.6344,443.33,7081
2022-04-07 11:25:00,443.18,443.96,442.33,443.17,6602
2022-04-07 11:30:00,443.2147,443.2147,441.365,441.75,7960
2022-04-07 11:35:00,441.75,442.8,441.71,442.53,5378
2022-04-07 11:40:00,442.405,442.6899,442.07,442.51,10626
2022-04-07 11:45:00,442.32,443.19,441.84,442.12,12623
2022-04-07 11:50:00,441.96,442.58,441.72,441.72,5908
2022-04-07 11:55:00,441.64,442.2,441.3601,442.1299,8581
2022-04-07 12:00:00,441.87,443.0,441.74,441.74,22307
2022-04-07 12:05:00,441.83,442.86,441.77,442.72,5146
2022-04-07 12:10:00,442.88,443.82,442.49,443.82,33651
2022-04-07 12:15:00,443.64,443.64,442.7329,443.12,5097
2022-04-07 12:20:00,443.12,444.105,443.01,443.37,9465
2022-04-07 12:25:00,443.26,443.5375,442.6101,443.32,7396
2022-04-07 12:30:00,443.3,443.65,443.01,443.22,5952
2022-04-07 12:35:00,442.91,443.7,442.6158,442.6158,4395
2022-04-07 12:40:00,442.3617,442.4,441.52,441.52,8679
2022-04-07 12:45:00,441.6376,442.02,440.76,440.915,6843
2022-04-07 12:50:00,441.09,442.51,441.09,442.37,5174
2022-04-07 12:55:00,442.22,443.04,441.93,442.77,6454
2022-04-07 13:00:00,442.62,444.46,442.62,444.12,30174
2022-04-07 13:05:00,444.13,445.06,443.79,444.4997,13861
2022-04-07 13:10:00,444.645,445.85,444.35,445.14,13656
2022-04-07 13:15:00,445.045,446.6983,445.015,446.2283,6782
2022-04-07 13:20:00,446.28,447.06,446.28,446.62,9111
2022-04-07 13:25:00,446.71,447.665,446.66,447.295,8243
2022-04-07 13:30:00,447.42,448.55,447.36,447.8025,17254
2022-04-07 13:35:00,447.97,448.145,447.22,447.445,11131
2022-04-07 13:40:00,447.73,448.11,447.52,447.59,5225
2022-04-07 13:45:00,447.58,448.27,446.64,446.7845,6457
2022-04-07 13:50:00,446.82,448.17,446.62,447.75,12536
2022-04-07 13:55:00,448.3,450.0,448.14,449.67,7558
2022-04-07 14:00:00,449.88,450.32,449.31,449.31,12048
2022-04-07 14:05:00,449.33,450.14,448.6904,450.14,12696
2022-04-07 14:10:00,450.125,450.36,449.4501,449.9,24875
2022-04-07 14:15:00,450.04,450.0714,449.53,449.73,15527
2022-04-07 14:20:00,450.02,450.57,449.77,450.365,11093
2022-04-07 14:25:00,450.575,451.64,449.74,449.9261,19545
2022-04-07 14:30:00,449.84,450.15,449.21,449.5,9454
2022-04-07 14:35:00,449.51,450.065,449.26,449.93,9146
2022-04-07 14:40:00,449.77,450.0,449.02,450.0,32098
2022-04-07 14:45:00,449.95,450.85,449.38,450.435,17270
2022-04-07 14:50:00,450.43,451.98,450.1124,451.26,13630
2022-04-07 14:55:00,451.51,453.0,451.51,452.805,20557
2022-04-07 15:00:00,452.71,453.96,452.59,453.62,29329
2022-04-07 15:05:00,453.635,454.66,453.585,454.44,27632
2022-04-07 15:10:00,454.48,455.78,454.375,455.64,11498
2022-04-07 15:15:00,455.66,455.9199,454.8,455.04,14379
2022-04-07 15:20:00,455.01,455.23,454.0807,454.8125,18999
2022-04-07 15:25:00,454.74,455.15,454.19,454.265,18617
2022-04-07 15:30:00,454.492,455.48,454.33,455.37,16581
2022-04-07 15:35:00,455.385,455.47,454.65,454.75,18538
2022-04-07 15:40:00,455.08,455.41,454.29,454.72,18288
2022-04-07 15:45:00,454.66,455.385,453.56,453.96,26554
2022-04-07 15:50:00,453.89,454.45,452.29,452.99,47272
2022-04-07 15:55:00,453.01,453.56,452.18,452.71,153333
2022-04-07 16:00:00,452.72,453.09,452.72,452.72,390557
2022-04-07 16:05:00,453.0,453.0,452.72,453.0,1527
2022-04-07 16:20:00,452.72,453.0,452.72,453.0,4065
2022-04-07 16:30:00,452.72,452.72,452.72,452.72,2043
2022-04-07 16:35:00,452.72,452.72,452.72,452.72,100
2022-04-08 08:00:00,454.2,454.2,454.2,454.2,286
2022-04-08 09:25:00,451.72,451.72,451.72,451.72,128
2022-04-08 09:30:00,449.13,450.42,447.04,447.04,56612
2022-04-08 09:35:00,447.26,447.3712,445.98,447.175,9645
2022-04-08 09:40:00,446.97,448.884,446.03,447.77,12823
2022-04-08 09:45:00,447.5,448.69,446.52,446.52,9128
2022-04-08 09:50:00,446.5,447.04,444.36,444.82,12925
2022-04-08 09:55:00,444.7,445.25,444.08,444.19,9727
2022-04-08 10:00:00,444.03,446.7,443.98,446.45,13045
2022-04-08 10:05:00,446.725,448.544,446.52,448.3,16242
2022-04-08 10:10:00,448.03,448.685,447.25,448.36,8349
2022-04-08 10:15:00,448.12,449.0,447.15,448.94,10135
2022-04-08 10:20:00,449.71,452.2383,449.34,451.97,20776
2022-04-08 10:25:00,452.1,453.5,451.72,451.75,23893
2022-04-08 10:30:00,452.25,454.41,452.04,453.88,20773
2022-04-08 10:35:00,453.88,454.24,452.63,453.38,9543
2022-04-08 10:40:00,453.0,453.1,450.66,451.165,15937
2022-04-08 10:45:00,451.14,452.595,450.92,451.61,30836
2022-04-08 10:50:00,451.595,453.45,451.43,452.89,14299
2022-04-08 10:55:00,452.87,453.82,451.92,453.82,14502
2022-04-08 11:00:00,453.93,454.2784,452.935,452.935,7852
2022-04-08 11:05:00,453.13,453.31,452.245,452.86,16176
2022-04-08 11:10:00,452.845,453.49,452.07,452.455,15200
2022-04-08 11:15:00,452.4,452.525,451.0,451.0,14622
2022-04-08 11:20:00,451.0,451.3,450.14,450.645,14563
2022-04-08 11:25:00,450.745,450.9799,449.84,450.55,11158
2022-04-08 11:30:00,450.33,451.12,450.28,450.28,8250
2022-04-08 11:35:00,450.23,451.27,449.51,450.87,10929
2022-04-08 11:40:00,451.26,451.62,450.83,451.27,3727
2022-04-08 11:45:00,451.2125,452.41,451.02,451.59,7927
2022-04-08 11:50:00,451.29,451.98,451.07,451.2762,6737
2022-04-08 11:55:00,451.18,451.65,450.66,451.595,5867
2022-04-08 12:00:00,451.74,452.3872,451.17,451.4,6628
2022-04-08 12:05:00,451.24,451.528,450.82,451.04,7060
2022-04-08 12:10:00,450.97,451.58,450.36,450.58,5823
2022-04-08 12:15:00,450.58,451.87,450.3,451.65,2820
2022-04-08 12:20:00,451.838,452.22,451.51,451.83,2200
2022-04-08 12:25:00,451.83,452.88,451.83,452.72,7143
2022-04-08 12:30:00,452.48,452.48,451.48,451.615,4929
2022-04-08 12:35:00,451.74,451.81,451.23,451.8,3887
2022-04-08 12:40:00,451.825,451.93,451.09,451.3679,7017
2022-04-08 12:45:00,451.08,451.31,450.6,450.6,3169
2022-04-08 12:50:00,450.78,451.55,450.46,451.55,4209
2022-04-08 12:55:00,451.29,451.96,451.14,451.96,2033
2022-04-08 13:00:00,451.76,451.8,450.975,451.15,3075
2022-04-08 13:05:00,451.41,451.54,450.875,451.37,2930
2022-04-08 13:10:00,451.3065,451.31,450.67,450.81,5238
2022-04-08 13:15:00,450.55,450.82,449.19,449.39,8936
2022-04-08 13:20:00,449.5,449.815,448.88,448.88,8366
2022-04-08 13:25:00,448.71,448.905,448.05,448.81,5354
2022-04-08 13:30:00,448.88,448.88,448.07,448.275,4191
2022-04-08 13:35:00,447.96,448.6046,447.74,448.27,5427
2022-04-08 13:40:00,448.1608,448.8899,447.94,448.8585,5038
2022-04-08 13:45:00,448.95,449.0,448.21,448.4391,5035
2022-04-08 13:50:00,448.33,449.79,448.27,449.4,7001
2022-04-08 13:55:00,448.9,449.17,448.555,449.03,5687
2022-04-08 14:00:00,448.68,449.2698,448.15,448.325,4812
2022-04-08 14:05:00,448.21,448.85,448.21,448.715,2664
2022-04-08 14:10:00,448.9,449.195,448.85,448.92,2075
2022-04-08 14:15:00,448.92,448.92,448.41,448.515,9139
2022-04-08 14:20:00,448.75,449.0,447.5,447.59,5924
2022-04-08 14:25:00,447.31,447.31,446.3,446.74,8018
2022-04-08 14:30:00,446.665,446.76,445.65,445.85,13139
2022-04-08 14:35:00,445.68,445.75,445.01,445.65,12045
2022-04-08 14:40:00,445.5,446.055,445.24,445.3495,11615
2022-04-08 14:45:00,445.67,446.42,445.39,446.28,4630
2022-04-08 14:50:00,446.35,447.26,446.26,446.75,13008
2022-04-08 14:55:00,446.59,446.6,445.76,446.39,3437
2022-04-08 15:00:00,446.24,446.9,446.0,446.62,8215
2022-04-08 15:05:00,446.63,446.93,445.97,446.07,4893
2022-04-08 15:10:00,446.0701,447.73,446.0701,446.96,7543
2022-04-08 15:15:00,447.04,447.96,446.5063,446.5063,5589
2022-04-08 15:20:00,446.51,446.975,446.26,446.67,6245
2022-04-08 15:25:00,446.77,447.01,446.59,446.98,6582
2022-04-08 15:30:00,447.1,447.34,446.56,446.56,19909
2022-04-08 15:35:00,446.65,446.65,445.56,445.695,8003
2022-04-08 15:40:00,445.78,446.64,445.6,446.64,14098
2022-04-08 15:45:00,446.645,446.74,444.84,444.915,103586
2022-04-08 15:50:00,444.77,445.14,443.37,444.36,60970
2022-04-08 15:55:00,444.55,445.48,444.405,445.4,73700
2022-04-08 16:00:00,445.34,445.34,445.34,445.34,240012
2022-04-08 16:10:00,445.34,447.4,445.34,447.4,1787
2022-04-08 16:15:00,445.34,446.7,445.34,446.7,518
2022-04-08 16:20:00,446.64,446.64,445.34,445.34,15939
2022-04-08 16:25:00,445.34,445.34,445.34,445.34,110
2022-04-08 16:35:00,446.52,446.52,446.52,446.52,102
2022-04-08 17:05:00,446.0,446.0,446.0,446.0,500
2022-04-08 17:10:00,445.39,445.39,445.39,445.39,100
2022-04-08 17:15:00,445.34,445.34,445.34,445.34,103
2022-04-08 17:55:00,445.01,445.01,445.0,445.0,200
2022-04-11 04:00:00,441.7,441.7,441.7,441.7,100
2022-04-11 07:05:00,441.69,442.0,441.69,442.0,300
2022-04-11 08:35:00,439.48,439.48,439.48,439.48,170
2022-04-11 08:40:00,437.85,437.85,437.85,437.85,100
2022-04-11 09:00:00,438.65,438.65,437.86,437.86,215
2022-04-11 09:25:00,438.03,438.03,437.61,437.61,330
2022-04-11 09:30:00,438.55,440.0,435.09,435.84,71855
2022-04-11 09:35:00,435.35,436.3,433.58,433.96,27148
2022-04-11 09:40:00,433.99,437.6094,433.53,436.88,20397
2022-04-11 09:45:00,437.15,438.565,436.12,437.33,21969
2022-04-11 09:50:00,437.1,438.32,435.9,436.85,24111
2022-04-11 09:55:00,436.97,437.26,433.94,434.21,28545
2022-04-11 10:00:00,434.13,436.471,433.66,434.87,20237
2022-04-11 10:05:00,434.6,435.14,433.58,435.09,16963
2022-04-11 10:10:00,435.14,436.21,432.8692,433.35,15694
2022-04-11 10:15:00,433.64,434.83,432.2145,432.9439,14329
2022-04-11 10:20:00,432.97,434.5,432.85,433.7,15505
2022-04-11 10:25:00,433.91,434.31,431.9723,432.78,18871
2022-04-11 10:30:00,433.0,434.0,430.0,433.55,155805
2022-04-11 10:35:00,433.635,433.635,431.44,431.51,28084
2022-04-11 10:40:00,431.45,431.64,430.535,430.66,22444
2022-04-11 10:45:00,430.8,431.0,429.74,429.875,23022
2022-04-11 10:50:00,429.99,431.5,429.8,431.37,19504
2022-04-11 10:55:00,431.39,432.17,430.54,430.93,9695
2022-04-11 11:00:00,430.85,431.15,430.1,430.285,18092
2022-04-11 11:05:00,430.41,431.15,430.13,430.87,15519
2022-04-11 11:10:00,430.67,431.3,429.88,430.18,18607
2022-04-11 11:15:00,430.05,431.22,429.94,430.86,22440
2022-04-11 11:20:00,430.765,431.45,430.61,430.93,8007
2022-04-11 11:25:00,430.82,432.37,430.82,432.27,16216
2022-04-11 11:30:00,432.33,433.5,432.33,433.09,22760
2022-04-11 11:35:00,432.9,433.45,432.805,433.13,11091
2022-04-11 11:40:00,433.15,434.33,433.15,434.105,16237
2022-04-11 11:45:00,434.15,434.645,432.61,432.875,23937
2022-04-11 11:50:00,432.88,434.15,432.12,433.85,16227
2022-04-11 11:55:00,433.875,434.0845,433.36,433.74,7289
2022-04-11 12:00:00,433.66,433.675,433.16,433.36,7119
2022-04-11 12:05:00,433.3,433.65,432.46,432.75,14967
2022-04-11 12:10:00,432.91,433.25,432.32,432.38,11271
2022-04-11 12:15:00,432.5,433.0,432.36,432.9,11425
2022-04-11 12:20:00,433.01,433.24,432.52,432.9,9785
2022-04-11 12:25:00,432.8101,433.36,432.205,432.46,6593
2022-04-11 12:30:00,432.47,433.25,432.47,433.17,6136
2022-04-11 12:35:00,433.205,433.38,432.92,433.23,3529
2022-04-11 12:40:00,433.21,433.5,432.99,433.3,7977
2022-04-11 12:45:00,433.47,434.0625,433.385,433.87,7974
2022-04-11 12:50:00,433.81,434.25,433.56,433.8,9799
2022-04-11 12:55:00,433.865,434.8,433.77,434.78,7287
2022-04-11 13:00:00,434.8,436.5,434.8,436.24,11742
2022-04-11 13:05:00,436.2301,436.67,435.95,436.43,5510
2022-04-11 13:10:00,436.52,436.79,436.11,436.735,10993
2022-04-11 13:15:00,436.72,436.72,435.61,436.06,8754
2022-04-11 13:20:00,436.2,436.49,435.69,436.34,6719
2022-04-11 13:25:00,436.34,436.7,436.06,436.16,6304
2022-04-11 13:30:00,436.355,436.85,436.09,436.775,13540
2022-04-11 13:35:00,436.795,437.015,436.06,436.22,14962
2022-04-11 13:40:00,436.17,436.545,435.61,435.69,6007
2022-04-11 13:45:00,435.65,436.1,435.445,435.62,7040
2022-04-11 13:50:00,435.63,436.1,435.61,435.8,7133
2022-04-11 13:55:00,435.67,436.6,435.5541,436.58,8170
2022-04-11 14:00:00,436.535,436.78,435.7843,436.28,6630
2022-04-11 14:05:00,436.45,437.6,436.23,437.345,9695
2022-04-11 14:10:00,437.24,437.2763,435.55,435.645,5784
2022-04-11 14:15:00,435.65,435.6837,435.27,435.4,7399
2022-04-11 14:20:00,435.39,435.52,434.96,435.0,8665
2022-04-11 14:25:00,435.06,435.73,434.955,435.62,11104
2022-04-11 14:30:00,435.53,436.22,435.25,436.2,7905
2022-04-11 14:35:00,436.1,436.33,435.74,436.2,4775
2022-04-11 14:40:00,436.26,436.45,436.05,436.27,4767
2022-04-11 14:45:00,436.505,437.51,436.4601,437.48,5050
2022-04-11 14:50:00,437.38,438.19,437.31,437.4,11909
2022-04-11 14:55:00,437.735,437.77,437.355,437.575,5742
2022-04-11 15:00:00,437.88,438.275,436.7813,436.945,8633
2022-04-11 15:05:00,436.98,437.335,436.68,436.991,8084
2022-04-11 15:10:00,437.12,437.31,436.37,436.5,7435
2022-04-11 15:15:00,436.38,437.265,436.09,436.8,8271
2022-04-11 15:20:00,436.805,436.9,436.26,436.62,7221
2022-04-11 15:25:00,436.48,436.48,435.84,436.0527,9960
2022-04-11 15:30:00,436.11,436.2,435.04,435.245,8846
2022-04-11 15:35:00,435.25,435.68,434.94,435.47,13380
2022-04-11 15:40:00,435.57,435.89,435.03,435.335,11392
2022-04-11 15:45:00,435.35,435.91,434.94,435.14,16329
2022-04-11 15:50:00,435.0,435.74,434.26,434.33,33346
2022-04-11 15:55:00,434.23,434.915,434.13,434.44,119576
2022-04-11 16:00:00,434.44,434.44,434.44,434.44,431534
2022-04-11 16:05:00,434.44,434.44,434.44,434.44,2015
2022-04-11 16:50:00,434.44,434.44,434.44,434.44,2158
2022-04-11 17:05:00,437.0,437.0,437.0,437.0,100
2022-04-11 17:55:00,434.5,434.5,434.5,434.5,854
2022-04-11 19:55:00,434.0,434.0,434.0,434.0,195
2022-04-12 08:05:00,437.39,437.39,437.39,437.39,1014
2022-04-12 08:20:00,436.0,436.0,436.0,436.0,100
2022-04-12 08:25:00,437.09,437.09,437.09,437.09,734
2022-04-12 08:30:00,442.0,442.0,442.0,442.0,100
2022-04-12 08:35:00,441.0,441.0,441.0,441.0,100
2022-04-12 08:40:00,442.0,442.0,442.0,442.0,242
2022-04-12 08:45:00,445.77,445.77,445.71,445.71,4100
2022-04-12 08:50:00,445.77,445.77,444.0,445.4,3275
2022-04-12 08:55:00,445.77,448.1134,445.77,448.1134,200
2022-04-12 09:05:00,446.12,446.44,446.12,446.12,300
2022-04-12 09:10:00,444.0,444.0,444.0,444.0,359
2022-04-12 09:15:00,443.09,443.09,443.09,443.09,152
2022-04-12 09:25:00,442.08,442.08,442.08,442.08,100
2022-04-12 09:30:00,442.44,444.44,440.12,442.5,60689
2022-04-12 09:35:00,442.71,442.72,438.97,440.37,23021
2022-04-12 09:40:00,440.48,441.13,438.12,440.5,15129
2022-04-12 09:45:00,441.13,443.095,440.285,441.5,13495
2022-04-12 09:50:00,441.98,443.73,441.98,442.57,16547
2022-04-12 09:55:00,442.58,442.9,441.59,442.9,12291
2022-04-12 10:00:00,443.24,443.24,441.79,443.02,10802
2022-04-12 10:05:00,443.1,443.73,441.72,442.785,6108
2022-04-12 10:10:00,443.1,443.8684,441.68,442.32,7703
2022-04-12 10:15:00,441.97,442.1698,438.65,439.215,5994
2022-04-12 10:20:00,439.22,439.75,438.01,438.68,8807
2022-04-12 10:25:00,438.61,439.1626,438.0,438.725,8718
2022-04-12 10:30:00,438.68,439.28,437.82,438.45,11185
2022-04-12 10:35:00,438.1,438.11,436.18,436.61,9307
2022-04-12 10:40:00,436.35,437.4946,436.18,437.02,7037
2022-04-12 10:45:00,436.83,438.0,436.38,436.78,14060
2022-04-12 10:50:00,436.61,437.66,436.3,437.21,6399
2022-04-12 10:55:00,437.19,438.02,436.52,437.71,6128
2022-04-12 11:00:00,437.51,438.92,436.84,437.86,8435
2022-04-12 11:05:00,437.89,438.04,436.01,436.35,6362
2022-04-12 11:10:00,436.1874,437.8,436.1874,437.57,6402
2022-04-12 11:15:00,437.85,438.1419,437.27,437.855,4634
2022-04-12 11:20:00,438.1,438.56,437.37,437.77,6771
2022-04-12 11:25:00,437.77,438.38,437.57,437.63,6597
2022-04-12 11:30:00,437.91,438.68,437.91,438.14,7100
2022-04-12 11:35:00,438.1,438.5,437.46,437.745,5371
2022-04-12 11:40:00,437.72,438.22,437.19,437.52,5062
2022-04-12 11:45:00,437.63,437.68,436.57,436.57,6697
2022-04-12 11:50:00,436.8,437.37,436.36,437.2,5303
2022-04-12 11:55:00,437.26,437.26,436.3966,436.3966,4919
2022-04-12 12:00:00,436.51,436.56,435.93,435.97,4055
2022-04-12 12:05:00,436.07,436.1,434.75,435.28,9777
2022-04-12 12:10:00,435.27,435.27,434.29,434.83,4418
2022-04-12 12:15:00,434.5986,436.23,434.3015,435.4395,5668
2022-04-12 12:20:00,435.19,435.2655,434.3,434.49,5955
2022-04-12 12:25:00,434.33,434.33,433.19,433.48,4795
2022-04-12 12:30:00,433.63,434.17,433.42,433.42,7165
2022-04-12 12:35:00,433.66,434.23,433.5,433.64,6795
2022-04-12 12:40:00,433.68,434.2,433.13,433.63,4395
2022-04-12 12:45:00,433.95,434.08,432.58,434.0485,5023
2022-04-12 12:50:00,433.835,434.99,433.835,434.21,4954
2022-04-12 12:55:00,434.34,434.68,434.06,434.22,3368
2022-04-12 13:00:00,434.4267,434.79,433.1,433.375,4887
2022-04-12 13:05:00,433.49,433.74,433.03,433.26,8995
2022-04-12 13:10:00,433.68,435.26,433.344,434.4601,5390
2022-04-12 13:15:00,434.45,434.88,433.38,434.57,2806
2022-04-12 13:20:00,434.67,435.43,433.58,433.89,4532
2022-04-12 13:25:00,433.9,434.12,433.12,433.48,5891
2022-04-12 13:30:00,433.63,434.3799,433.1,434.19,4399
2022-04-12 13:35:00,434.04,434.324,433.0,433.0,3426
2022-04-12 13:40:00,433.07,433.3977,432.1001,432.34,13713
2022-04-12 13:45:00,432.305,432.5,431.645,431.8912,6906
2022-04-12 13:50:00,431.83,431.95,430.83,430.98,14053
2022-04-12 13:55:00,430.94,431.308,430.61,430.75,9875
2022-04-12 14:00:00,430.61,431.36,430.28,431.345,7933
2022-04-12 14:05:00,431.3,432.19,430.7251,431.35,6205
2022-04-12 14:10:00,431.17,431.34,430.19,430.32,7055
2022-04-12 14:15:00,430.28,430.54,429.3,429.58,19023
2022-04-12 14:20:00,429.48,429.75,429.1,429.525,12474
2022-04-12 14:25:00,429.35,429.77,429.21,429.25,8037
2022-04-12 14:30:00,429.23,429.39,427.83,428.23,33861
2022-04-12 14:35:00,428.16,428.55,427.7,427.76,21381
2022-04-12 14:40:00,427.728,428.01,427.04,427.22,13632
2022-04-12 14:45:00,427.425,429.08,427.425,428.09,11929
2022-04-12 14:50:00,428.01,428.4,427.59,428.22,6512
2022-04-12 14:55:00,428.3084,428.51,427.63,427.75,13195
2022-04-12 15:00:00,427.7,428.05,426.14,426.39,8838
2022-04-12 15:05:00,426.47,426.49,425.21,425.24,12763
2022-04-12 15:10:00,425.22,425.99,425.16,425.5668,6048
2022-04-12 15:15:00,425.61,426.48,425.41,426.48,10144
2022-04-12 15:20:00,426.59,427.2,426.5,426.8,10098
2022-04-12 15:25:00,426.59,426.61,425.67,426.09,11376
2022-04-12 15:30:00,425.92,426.39,425.64,426.21,12835
2022-04-12 15:35:00,426.2398,427.84,426.15,427.7,17517
2022-04-12 15:40:00,427.54,428.06,427.15,427.5,19046
2022-04-12 15:45:00,427.07,427.93,426.55,427.33,51431
2022-04-12 15:50:00,427.0,427.44,426.46,427.19,31218
2022-04-12 15:55:00,427.24,427.56,426.04,426.75,59519
2022-04-12 16:00:00,426.77,426.77,426.77,426.77,188656
2022-04-12 16:05:00,426.79,426.79,426.77,426.78,1624
2022-04-12 16:20:00,426.77,426.77,426.77,426.77,1764
2022-04-12 17:30:00,426.78,426.78,426.78,426.78,119
2022-04-13 04:00:00,432.0,432.0,432.0,432.0,115
2022-04-13 05:40:00,430.0,430.0,430.0,430.0,177
2022-04-13 05:45:00,429.0,429.0,429.0,429.0,100
2022-04-13 08:00:00,429.06,429.06,429.06,429.06,100
2022-04-13 08:55:00,427.15,427.15,427.0,427.0,386
2022-04-13 09:30:00,427.3,429.06,426.47,427.44,53377
2022-04-13 09:35:00,428.27,429.89,426.83,427.265,15665
2022-04-13 09:40:00,427.305,428.64,425.94,428.18,19323
2022-04-13 09:45:00,428.275,430.95,428.09,429.7,17678
2022-04-13 09:50:00,429.14,429.7,428.3018,428.71,15191
2022-04-13 09:55:00,428.65,428.98,427.5,427.53,11180
2022-04-13 10:00:00,427.51,427.51,425.75,427.24,15896
2022-04-13 10:05:00,427.39,427.93,425.91,426.245,10480
2022-04-13 10:10:00,426.24,426.55,425.67,426.24,11437
2022-04-13 10:15:00,426.62,428.135,426.48,427.69,14124
2022-04-13 10:20:00,427.56,428.63,427.35,428.63,7054
2022-04-13 10:25:00,428.48,429.72,427.96,428.905,18156
2022-04-13 10:30:00,428.85,430.735,428.59,428.71,18032
2022-04-13 10:35:00,428.71,428.81,427.77,427.91,18354
2022-04-13 10:40:00,428.0,429.26,427.69,428.97,17759
2022-04-13 10:45:00,429.1,429.52,427.75,427.91,11985
2022-04-13 10:50:00,427.995,428.15,427.16,427.625,7141
2022-04-13 10:55:00,427.38,427.59,426.07,426.43,17929
2022-04-13 11:00:00,426.29,429.5,426.29,429.27,11829
2022-04-13 11:05:00,429.3,429.735,428.8,429.38,11956
2022-04-13 11:10:00,429.37,429.57,428.63,429.475,15644
2022-04-13 11:15:00,429.4419,430.085,429.35,430.085,16397
2022-04-13 11:20:00,430.23,431.28,430.18,431.28,21933
2022-04-13 11:25:00,431.32,431.62,431.19,431.52,10454
2022-04-13 11:30:00,431.7,432.1,431.35,431.75,13099
2022-04-13 11:35:00,431.82,431.82,430.77,431.055,13604
2022-04-13 11:40:00,431.145,431.39,430.345,430.345,12388
2022-04-13 11:45:00,430.15,430.15,429.67,430.095,4302
2022-04-13 11:50:00,429.99,430.55,429.4,430.435,13313
2022-04-13 11:55:00,430.39,430.43,429.9946,430.14,9887
2022-04-13 12:00:00,430.23,430.435,429.63,430.365,4751
2022-04-13 12:05:00,430.4,430.42,429.485,429.785,7737
2022-04-13 12:10:00,429.92,429.92,428.87,429.4499,7461
2022-04-13 12:15:00,429.72,430.205,429.53,430.07,9985
2022-04-13 12:20:00,429.92,430.33,429.91,430.0693,4556
2022-04-13 12:25:00,430.15,430.54,429.9,430.0739,4775
2022-04-13 12:30:00,429.89,430.0,429.54,429.66,5101
2022-04-13 12:35:00,429.72,430.28,429.66,430.28,6165
2022-04-13 12:40:00,430.24,430.71,430.04,430.51,6954
2022-04-13 12:45:00,430.41,430.82,429.935,430.1,7234
2022-04-13 12:50:00,430.21,430.71,430.05,430.71,8904
2022-04-13 12:55:00,430.625,430.74,430.32,430.485,11608
2022-04-13 13:00:00,430.58,430.93,430.3472,430.7,6354
2022-04-13 13:05:00,430.61,430.74,429.89,430.37,9381
2022-04-13 13:10:00,430.35,431.175,430.35,430.54,5266
2022-04-13 13:15:00,430.49,430.6,429.855,429.97,8677
2022-04-13 13:20:00,430.07,431.32,430.07,431.095,6386
2022-04-13 13:25:00,430.85,430.93,430.12,430.93,9454
2022-04-13 13:30:00,430.84,430.85,430.31,430.4,5132
2022-04-13 13:35:00,430.49,430.49,429.5,429.76,8959
2022-04-13 13:40:00,429.92,430.02,429.29,429.655,7815
2022-04-13 13:45:00,429.74,430.34,429.74,430.34,10913
2022-04-13 13:50:00,430.245,430.28,429.365,429.64,5496
2022-04-13 13:55:00,429.73,430.35,429.57,430.35,7532
2022-04-13 14:00:00,430.47,430.47,429.95,430.07,8199
2022-04-13 14:05:00,430.28,430.925,430.28,430.705,6188
2022-04-13 14:10:00,430.67,430.67,429.72,429.965,7148
2022-04-13 14:15:00,430.06,430.75,430.045,430.58,5609
2022-04-13 14:20:00,430.58,431.0,430.46,430.7359,4948
2022-04-13 14:25:00,430.83,430.84,430.41,430.63,11714
2022-04-13 14:30:00,430.55,430.885,430.31,430.46,9666
2022-04-13 14:35:00,430.46,431.25,430.2,431.24,7002
2022-04-13 14:40:00,431.25,431.4691,431.12,431.41,8530
2022-04-13 14:45:00,431.39,431.64,431.26,431.42,11873
2022-04-13 14:50:00,431.6497,432.18,431.48,431.8,16012
2022-04-13 14:55:00,431.8,433.1,431.55,432.84,23040
2022-04-13 15:00:00,432.75,432.93,431.575,431.865,6898
2022-04-13 15:05:00,431.86,432.99,431.86,432.86,6087
2022-04-13 15:10:00,432.815,432.815,432.19,432.745,18452
2022-04-13 15:15:00,432.75,433.2,432.75,432.83,9343
2022-04-13 15:20:00,432.77,432.83,432.6,432.73,12307
2022-04-13 15:25:00,432.79,432.9,432.475,432.835,8900
2022-04-13 15:30:00,432.74,433.25,432.39,433.25,13134
2022-04-13 15:35:00,433.31,433.52,432.931,433.1,18585
2022-04-13 15:40:00,433.155,433.155,432.47,432.59,19185
2022-04-13 15:45:00,432.59,433.058,432.49,432.82,43477
2022-04-13 15:50:00,433.11,433.11,431.53,431.76,94682
2022-04-13 15:55:00,431.69,432.16,430.93,431.97,127912
2022-04-13 16:00:00,431.67,431.67,431.67,431.67,337122
2022-04-13 16:05:00,431.67,431.67,431.67,431.67,837
2022-04-13 16:15:00,431.667,431.667,431.667,431.667,100
2022-04-13 16:20:00,431.669,431.669,431.669,431.669,100
2022-04-13 16:25:00,430.8918,430.8918,430.8918,430.8918,100
2022-04-13 16:45:00,431.67,431.67,431.67,431.67,943
2022-04-13 18:25:00,431.67,431.67,431.67,431.67,120
2022-04-13 19:35:00,431.67,431.67,431.67,431.67,112
2022-04-14 06:25:00,434.8,434.8,434.8,434.8,100
2022-04-14 07:50:00,432.11,432.11,432.11,432.11,100
2022-04-14 08:00:00,430.591,430.591,430.591,430.591,100
2022-04-14 08:30:00,432.25,432.25,432.25,432.25,300
2022-04-14 09:25:00,431.87,438.99,431.5,435.66,7083
2022-04-14 09:30:00,435.86,436.79,431.86,433.09,152184
2022-04-14 09:35:00,433.95,433.95,431.2,431.33,31112
2022-04-14 09:40:00,431.55,432.305,430.35,430.35,47837
2022-04-14 09:45:00,430.47,431.31,429.16,430.51,29747
2022-04-14 09:50:00,430.3,430.57,428.33,429.0,17914
2022-04-14 09:55:00,429.0,429.69,428.99,429.42,31124
2022-04-14 10:00:00,429.375,430.07,429.25,429.93,19382
2022-04-14 10:05:00,429.935,429.96,426.12,426.51,14125
2022-04-14 10:10:00,426.42,427.01,426.0,427.01,7576
2022-04-14 10:15:00,427.11,427.91,426.49,426.49,8061
2022-04-14 10:20:00,426.35,427.63,425.98,427.25,21683
2022-04-14 10:25:00,427.4,428.11,427.24,428.0,27407
2022-04-14 10:30:00,428.21,428.245,426.94,427.69,30059
2022-04-14 10:35:00,427.76,427.76,426.0,426.77,7972
2022-04-14 10:40:00,426.65,427.53,426.5,426.5,12714
2022-04-14 10:45:00,426.66,427.23,426.275,426.43,21645
2022-04-14 10:50:00,426.115,426.42,425.3224,426.42,12325
2022-04-14 10:55:00,426.61,427.18,426.43,426.56,12141
2022-04-14 11:00:00,426.32,427.3099,426.0777,426.84,12887
2022-04-14 11:05:00,427.0899,427.0899,425.35,425.35,7157
2022-04-14 11:10:00,425.56,426.32,425.06,425.3,9856
2022-04-14 11:15:00,425.35,426.003,424.7,424.81,20614
2022-04-14 11:20:00,424.94,426.095,424.48,426.05,7868
2022-04-14 11:25:00,426.7,426.7,425.9,426.31,6636
2022-04-14 11:30:00,426.14,426.4074,425.24,425.35,7087
2022-04-14 11:35:00,425.0,425.24,424.28,424.28,6735
2022-04-14 11:40:00,424.25,424.64,423.5,423.63,10638
2022-04-14 11:45:00,424.0,424.52,423.93,424.52,5453
2022-04-14 11:50:00,424.72,424.86,424.26,424.27,7805
2022-04-14 11:55:00,424.34,424.9,424.29,424.53,7959
2022-04-14 12:00:00,424.4,424.6547,423.86,423.87,6960
2022-04-14 12:05:00,423.71,424.51,423.63,424.29,5491
2022-04-14 12:10:00,424.16,424.51,423.83,423.92,4341
2022-04-14 12:15:00,423.92,424.5652,423.73,424.5652,8640
2022-04-14 12:20:00,424.54,424.7543,423.97,424.7543,6338
2022-04-14 12:25:00,424.955,424.97,423.5,423.5339,6004
2022-04-14 12:30:00,423.415,424.15,423.31,423.8,10011
2022-04-14 12:35:00,423.725,423.8871,423.455,423.5,5846
2022-04-14 12:40:00,423.43,423.44,422.6787,422.9359,6201
2022-04-14 12:45:00,422.895,423.0682,422.5601,422.5601,7863
2022-04-14 12:50:00,422.65,422.83,422.31,422.31,7043
2022-04-14 12:55:00,422.4,423.25,422.3383,423.04,4302
2022-04-14 13:00:00,423.42,423.42,422.72,422.72,4406
2022-04-14 13:05:00,422.86,423.275,422.86,422.9863,4705
2022-04-14 13:10:00,422.95,423.18,422.41,422.66,4669
2022-04-14 13:15:00,422.67,423.04,422.37,422.83,4236
2022-04-14 13:20:00,423.02,423.1,422.72,422.86,4207
2022-04-14 13:25:00,422.815,422.995,422.6,422.88,5571
2022-04-14 13:30:00,422.9,423.34,422.88,423.25,5820
2022-04-14 13:35:00,423.25,423.65,423.25,423.375,4911
2022-04-14 13:40:00,423.48,424.22,423.48,423.81,4155
2022-04-14 13:45:00,423.86,424.57,423.82,424.02,26414
2022-04-14 13:50:00,424.01,424.37,423.58,423.58,7513
2022-04-14 13:55:00,423.58,423.98,423.25,423.87,5115
2022-04-14 14:00:00,424.13,424.69,423.77,424.425,7107
2022-04-14 14:05:00,424.4,424.43,424.0,424.21,11688
2022-04-14 14:10:00,424.17,424.38,423.773,424.22,7709
2022-04-14 14:15:00,424.295,424.43,423.8,423.8733,7678
2022-04-14 14:20:00,423.74,423.82,423.16,423.4,13469
2022-04-14 14:25:00,423.43,424.4378,423.355,423.87,18888
2022-04-14 14:30:00,423.93,424.14,423.18,423.245,7054
2022-04-14 14:35:00,423.385,423.41,423.0,423.23,4329
2022-04-14 14:40:00,423.26,423.2799,422.92,422.94,4753
2022-04-14 14:45:00,423.19,423.2,422.5,422.5,7816
2022-04-14 14:50:00,422.555,422.56,421.28,421.28,9894
2022-04-14 14:55:00,421.24,421.3184,420.95,421.14,10010
2022-04-14 15:00:00,421.0,421.61,420.7681,421.19,7994
2022-04-14 15:05:00,421.21,421.315,420.47,420.62,16033
2022-04-14 15:10:00,420.75,421.36,420.67,421.23,6476
2022-04-14 15:15:00,421.26,422.15,421.25,421.925,20818
2022-04-14 15:20:00,422.04,422.43,421.9051,422.21,17914
2022-04-14 15:25:00,422.02,422.22,421.26,421.57,10215
2022-04-14 15:30:00,421.69,421.87,421.05,421.45,19765
2022-04-14 15:35:00,421.575,422.0,421.35,421.7,14448
2022-04-14 15:40:00,421.61,422.505,421.47,422.43,9776
2022-04-14 15:45:00,422.5,422.72,421.85,421.98,22404
2022-04-14 15:50:00,421.89,421.89,420.36,420.89,44327
2022-04-14 15:55:00,420.92,421.22,420.03,420.46,85571
2022-04-14 16:00:00,420.44,420.44,420.44,420.44,391069
2022-04-14 16:05:00,420.44,420.44,420.44,420.44,3279
2022-04-14 16:15:00,420.45,420.45,420.44,420.44,700
2022-04-14 16:20:00,420.44,420.44,420.44,420.44,2360
2022-04-14 16:30:00,420.44,420.44,420.44,420.44,100
2022-04-14 16:45:00,420.46,420.51,420.44,420.51,16779
2022-04-14 17:00:00,420.71,420.71,420.71,420.71,648
