2022-04-01 08:10:00,188.465,188.465,188.465,188.465,100
2022-04-01 09:10:00,186.5405,186.5405,186.5405,186.5405,100
2022-04-01 09:25:00,187.6673,187.6673,187.6673,187.6673,132
2022-04-01 09:30:00,187.6673,188.1958,187.6673,187.9465,510
2022-04-01 09:35:00,188.3753,188.4451,188.1659,188.2955,3091
2022-04-01 09:40:00,188.485,188.4949,187.4679,187.8169,62677
2022-04-01 09:45:00,187.8667,188.3354,187.3382,187.9964,40819
2022-04-01 09:50:00,187.9964,188.7741,187.6389,188.7343,35873
2022-04-01 09:55:00,188.824,188.8796,188.3339,188.4551,44575
2022-04-01 10:00:00,188.3872,188.485,187.6274,187.8867,16930
2022-04-01 10:05:00,187.8966,187.8966,186.9543,187.2784,21257
2022-04-01 10:10:00,187.3781,187.5177,187.1587,187.2585,14202
2022-04-01 10:15:00,187.3582,187.3681,186.9792,187.0889,16842
2022-04-01 10:20:00,187.0889,187.1188,186.7806,186.9094,16213
2022-04-01 10:25:00,186.9792,187.0989,186.73,186.9194,18879
2022-04-01 10:30:00,186.9194,187.3981,186.7399,187.3981,25197
2022-04-01 10:35:00,187.4479,187.5775,187.2186,187.2385,14833
2022-04-01 10:40:00,187.2086,187.3482,186.6601,186.7599,13573
2022-04-01 10:45:00,186.7798,187.1459,186.7798,187.0191,15478
2022-04-01 10:50:00,187.069,187.5177,186.8995,187.3681,16551
2022-04-01 10:55:00,187.418,187.418,186.9375,187.0441,13168
2022-04-01 11:00:00,187.0191,187.2186,187.0087,187.0391,7385
2022-04-01 11:05:00,187.049,187.408,186.9792,187.408,27809
2022-04-01 11:10:00,187.408,187.4379,187.0191,187.1926,8031
2022-04-01 11:15:00,187.1986,187.3183,187.0092,187.2485,11557
2022-04-01 11:20:00,187.2485,187.6174,187.2485,187.4878,15690
2022-04-01 11:25:00,187.4978,187.6374,187.3931,187.4171,6259
2022-04-01 11:30:00,187.403,187.428,187.1313,187.2285,13815
2022-04-01 11:35:00,187.2186,187.2684,186.9394,186.9394,14146
2022-04-01 11:40:00,186.8895,187.0889,186.8895,187.0411,9707
2022-04-01 11:45:00,187.0889,187.2186,186.8297,186.8596,18778
2022-04-01 11:50:00,186.8297,187.4479,186.6203,187.3532,24556
2022-04-01 11:55:00,187.3283,187.3283,186.9394,187.079,29867
2022-04-01 12:00:00,187.049,187.049,186.6502,186.705,21390
2022-04-01 12:05:00,186.682,186.7798,186.5405,186.7,18383
2022-04-01 12:10:00,186.72,186.8696,186.6302,186.7798,9607
2022-04-01 12:15:00,186.8895,186.9194,186.6103,186.7698,10458
2022-04-01 12:20:00,186.7998,186.9992,186.6902,186.8237,8797
2022-04-01 12:25:00,186.8696,187.0678,186.8696,187.0191,9323
2022-04-01 12:30:00,186.9792,186.9992,186.5636,186.72,20929
2022-04-01 12:35:00,186.7,186.7898,186.4807,186.7698,13508
2022-04-01 12:40:00,186.7499,186.9394,186.6901,186.8696,22117
2022-04-01 12:45:00,186.8696,186.9094,186.7399,186.8097,11209
2022-04-01 12:50:00,186.7798,186.7898,186.5505,186.7399,7524
2022-04-01 12:55:00,186.7,186.9094,186.7,186.7449,13102
2022-04-01 13:00:00,186.8097,186.8097,186.5405,186.5405,9651
2022-04-01 13:05:00,186.5903,186.7898,186.5505,186.6601,12494
2022-04-01 13:10:00,186.6003,186.6203,186.4208,186.5205,17922
2022-04-01 13:15:00,186.5106,186.5305,186.4009,186.4607,6611
2022-04-01 13:20:00,186.4308,186.6901,186.1815,186.6502,14359
2022-04-01 13:25:00,186.6302,186.7948,186.4807,186.7399,10299
2022-04-01 13:30:00,186.7898,186.9693,186.7698,186.8197,6989
2022-04-01 13:35:00,186.8097,187.2579,186.8097,187.1657,8441
2022-04-01 13:40:00,187.1986,187.4928,187.1637,187.4479,10696
2022-04-01 13:45:00,187.408,187.408,187.0989,187.2086,18848
2022-04-01 13:50:00,187.1787,187.1787,186.8995,187.0092,10898
2022-04-01 13:55:00,187.0141,187.1986,186.9792,187.079,11055
2022-04-01 14:00:00,187.079,187.3083,187.0291,187.2485,18960
2022-04-01 14:05:00,187.2385,187.2884,187.0595,187.1673,19442
2022-04-01 14:10:00,187.0889,187.1886,187.0291,187.1886,6498
2022-04-01 14:15:00,187.1687,187.2285,187.0391,187.059,7468
2022-04-01 14:20:00,187.079,187.1288,186.9094,186.9942,7885
2022-04-01 14:25:00,186.9506,187.3881,186.9394,187.3681,8130
2022-04-01 14:30:00,187.3681,187.7271,187.3681,187.6673,8442
2022-04-01 14:35:00,187.6573,187.6673,187.3981,187.4479,58753
2022-04-01 14:40:00,187.4541,187.5377,187.2385,187.3482,6158
2022-04-01 14:45:00,187.3582,187.4679,187.2086,187.2285,5648
2022-04-01 14:50:00,187.2585,187.2585,187.079,187.1687,4647
2022-04-01 14:55:00,187.1388,187.2186,186.8546,186.9294,8316
2022-04-01 15:00:00,186.9194,187.2086,186.9194,187.2086,7415
2022-04-01 15:05:00,187.1388,187.2385,186.8945,186.8945,6218
2022-04-01 15:10:00,186.9094,186.9693,186.5505,186.71,7880
2022-04-01 15:15:00,186.7698,186.7748,186.2796,186.2796,9614
2022-04-01 15:20:00,186.2314,186.3211,186.1815,186.2314,11647
2022-04-01 15:25:00,186.2713,186.351,186.2015,186.2713,11495
2022-04-01 15:30:00,186.2713,186.4009,185.9721,186.0918,14447
2022-04-01 15:35:00,186.1815,186.1815,185.8425,185.9322,20122
2022-04-01 15:40:00,185.9522,186.0967,185.7727,185.9023,25721
2022-04-01 15:45:00,185.9023,186.002,185.7527,186.002,34391
2022-04-01 15:50:00,186.002,186.6502,186.002,186.4657,78449
2022-04-01 15:55:00,186.5006,186.9942,186.371,186.6402,165939
2022-04-01 16:00:00,186.6402,186.6402,186.6402,186.6402,367700
2022-04-01 16:05:00,186.6402,186.6402,186.6402,186.6402,16276
2022-04-01 16:10:00,186.6601,186.6601,186.6601,186.6601,200
2022-04-01 16:20:00,186.6502,186.6502,186.6502,186.6502,320
2022-04-01 16:25:00,186.6502,186.6502,186.6502,186.6502,108
2022-04-01 16:35:00,186.6402,186.6402,186.6402,186.6402,108
2022-04-01 16:45:00,186.6402,186.6402,186.6402,186.6402,213
2022-04-01 18:10:00,186.0618,186.0618,186.0618,186.0618,118
2022-04-04 08:20:00,186.7,186.7,186.6402,186.6402,551
2022-04-04 08:30:00,186.9693,187.4679,186.9693,187.4679,4731
2022-04-04 08:45:00,186.5305,186.5305,186.5305,186.5305,823
2022-04-04 09:30:00,187.0889,187.0889,185.6032,185.6032,51179
2022-04-04 09:35:00,185.5333,185.7727,185.0647,185.4336,24070
2022-04-04 09:40:00,185.4187,186.6698,185.4187,186.6502,17785
2022-04-04 09:45:00,186.6502,187.4679,186.2613,187.3133,16382
2022-04-04 09:50:00,187.5177,187.9664,187.1488,187.5875,16433
2022-04-04 09:55:00,187.6274,187.8617,187.3981,187.418,13425
2022-04-04 10:00:00,187.418,187.4579,186.5804,187.0391,10927
2022-04-04 10:05:00,187.0191,187.5975,186.9892,187.5825,13398
2022-04-04 10:10:00,187.5875,187.767,187.3273,187.5426,30872
2022-04-04 10:15:00,187.5476,187.8169,187.2734,187.7969,17033
2022-04-04 10:20:00,187.9058,187.9066,187.6228,187.8667,14391
2022-04-04 10:25:00,187.8368,187.8966,187.5576,187.6274,10064
2022-04-04 10:30:00,187.6573,187.6815,187.1986,187.2385,17646
2022-04-04 10:35:00,187.2485,187.4842,187.049,187.049,8922
2022-04-04 10:40:00,187.0989,187.0989,186.5704,186.5704,9438
2022-04-04 10:45:00,186.6103,187.049,186.5804,187.0391,11298
2022-04-04 10:50:00,187.0191,187.3283,186.9394,186.9493,18918
2022-04-04 10:55:00,186.8496,187.059,186.3211,186.3211,14617
2022-04-04 11:00:00,186.2015,186.371,186.0618,186.3012,11427
2022-04-04 11:05:00,186.2812,186.5604,186.2413,186.4607,10077
2022-04-04 11:10:00,186.4009,186.5006,186.0718,186.2912,25238
2022-04-04 11:15:00,186.2912,186.2912,185.8923,185.8923,23138
2022-04-04 11:20:00,185.8325,186.2912,185.7826,186.2015,13937
2022-04-04 11:25:00,186.2114,186.2214,185.9621,186.0967,13033
2022-04-04 11:30:00,186.0918,186.1616,185.9272,185.9272,16397
2022-04-04 11:35:00,185.9123,186.1217,185.8923,186.0918,10335
2022-04-04 11:40:00,186.0818,186.0818,185.8524,185.9721,9563
2022-04-04 11:45:00,185.9422,185.9821,185.8046,185.8475,9891
2022-04-04 11:50:00,185.8026,186.2015,185.7826,186.1117,15337
2022-04-04 11:55:00,186.0718,186.1316,185.9422,186.0319,12250
2022-04-04 12:00:00,186.0319,186.0918,185.9222,186.0618,9980
2022-04-04 12:05:00,186.0718,186.4707,185.9721,186.4208,19928
2022-04-04 12:10:00,186.4208,186.8297,186.4109,186.71,70389
2022-04-04 12:15:00,186.71,186.7499,186.5255,186.725,11647
2022-04-04 12:20:00,186.7698,186.8097,186.4408,186.4408,14145
2022-04-04 12:25:00,186.4807,186.73,186.4807,186.5704,8050
2022-04-04 12:30:00,186.5754,186.725,186.5704,186.71,8966
2022-04-04 12:35:00,186.7599,186.8197,186.5505,186.6601,9600
2022-04-04 12:40:00,186.6302,186.6302,186.2812,186.4308,8637
2022-04-04 12:45:00,186.4308,186.5704,186.4109,186.4109,7519
2022-04-04 12:50:00,186.4408,186.6103,186.4208,186.6103,7558
2022-04-04 12:55:00,186.6103,186.6301,186.4906,186.5106,10845
2022-04-04 13:00:00,186.4707,186.6701,186.3859,186.6103,10272
2022-04-04 13:05:00,186.5903,186.6003,186.4258,186.4906,4922
2022-04-04 13:10:00,186.4807,186.4956,186.2912,186.2912,8683
2022-04-04 13:15:00,186.2713,186.3311,186.1316,186.3311,9292
2022-04-04 13:20:00,186.3012,186.3909,186.1715,186.1715,6723
2022-04-04 13:25:00,186.1616,186.2413,186.1217,186.1915,10063
2022-04-04 13:30:00,186.1815,186.4408,186.143,186.4408,6174
2022-04-04 13:35:00,186.4507,186.4607,186.1915,186.1915,11148
2022-04-04 13:40:00,186.2264,186.2413,186.012,186.2214,9477
2022-04-04 13:45:00,186.2563,186.4607,186.2563,186.351,7215
2022-04-04 13:50:00,186.3311,186.3909,186.1915,186.2114,8200
2022-04-04 13:55:00,186.1516,186.3909,186.1316,186.361,8686
2022-04-04 14:00:00,186.361,186.4308,186.2413,186.2413,10504
2022-04-04 14:05:00,186.2713,186.3211,186.012,186.1516,8555
2022-04-04 14:10:00,186.1466,186.2613,186.0569,186.2114,5944
2022-04-04 14:15:00,186.1915,186.4607,186.1915,186.4607,11494
2022-04-04 14:20:00,186.4408,186.5106,186.2713,186.5006,16417
2022-04-04 14:25:00,186.5006,186.6999,186.4707,186.6003,7393
2022-04-04 14:30:00,186.6069,186.6502,186.4807,186.5405,10830
2022-04-04 14:35:00,186.5554,186.6402,186.5006,186.6402,12711
2022-04-04 14:40:00,186.6302,186.6302,186.5205,186.6053,5060
2022-04-04 14:45:00,186.6402,186.8436,186.6302,186.7698,11345
2022-04-04 14:50:00,186.7499,186.9443,186.6751,186.9294,10520
2022-04-04 14:55:00,186.9294,187.1188,186.9194,187.0191,14047
2022-04-04 15:00:00,186.9892,187.2186,186.9792,187.2086,17113
2022-04-04 15:05:00,187.2186,187.4728,187.1388,187.3981,22950
2022-04-04 15:10:00,187.4579,187.4878,187.2435,187.3582,10509
2022-04-04 15:15:00,187.3482,187.3981,187.1338,187.1787,12608
2022-04-04 15:20:00,187.2285,187.2983,187.049,187.0989,6830
2022-04-04 15:25:00,187.1323,187.1323,186.9593,186.9942,12641
2022-04-04 15:30:00,187.0092,187.0391,186.8396,186.8396,13089
2022-04-04 15:35:00,186.8297,186.9593,186.7798,186.8097,16184
2022-04-04 15:40:00,186.8197,186.9493,186.6901,186.73,15995
2022-04-04 15:45:00,186.6801,186.9693,186.6701,186.7599,21618
2022-04-04 15:50:00,186.7898,187.0989,186.7399,186.8706,63973
2022-04-04 15:55:00,186.8496,187.1886,186.6851,187.1288,136816
2022-04-04 16:00:00,187.1288,187.1288,187.1288,187.1288,271499
2022-04-04 16:10:00,187.1288,187.1288,187.1288,187.1288,1033
2022-04-04 16:25:00,187.1288,187.1288,187.1288,187.1288,999
2022-04-04 17:05:00,187.4579,187.4579,187.4579,187.4579,400
2022-04-04 18:00:00,187.1288,187.1288,187.1288,187.1288,200
2022-04-05 05:55:00,186.0718,186.0718,186.0718,186.0718,400
2022-04-05 07:35:00,186.7599,186.7599,186.7599,186.7599,105
2022-04-05 09:20:00,187.3086,187.3086,187.3086,187.3086,300
2022-04-05 09:30:00,186.9593,189.0733,186.9593,189.0534,74028
2022-04-05 09:35:00,188.9935,189.5718,188.4949,189.4024,23235
2022-04-05 09:40:00,189.5021,189.8112,189.0434,189.1232,27325
2022-04-05 09:45:00,189.0035,189.3625,188.8539,189.0434,32154
2022-04-05 09:50:00,189.0434,189.522,189.0434,189.3326,40533
2022-04-05 09:55:00,189.3326,189.7015,189.1132,189.4561,61097
2022-04-05 10:00:00,189.6965,190.2998,189.6217,190.0007,22070
2022-04-05 10:05:00,190.0007,190.0007,188.0961,188.2456,26545
2022-04-05 10:10:00,188.2157,188.3055,186.7698,186.7798,21065
2022-04-05 10:15:00,186.72,187.3731,186.5106,186.8745,18639
2022-04-05 10:20:00,186.8795,187.4379,186.8331,187.2285,12649
2022-04-05 10:25:00,187.2634,187.6573,187.2634,187.4778,15596
2022-04-05 10:30:00,187.5377,187.5377,186.9628,186.9792,16877
2022-04-05 10:35:00,186.9493,187.1488,186.8396,186.9992,9789
2022-04-05 10:40:00,187.059,187.3183,186.9792,187.1089,13764
2022-04-05 10:45:00,187.1288,187.6673,186.9792,187.6274,10933
2022-04-05 10:50:00,187.6573,187.9066,187.5513,187.7022,17742
2022-04-05 10:55:00,187.6773,187.7471,187.408,187.6473,10421
2022-04-05 11:00:00,187.6872,187.7471,187.5327,187.5975,10456
2022-04-05 11:05:00,187.6091,187.8568,187.4928,187.757,13403
2022-04-05 11:10:00,187.757,187.9664,187.4479,187.9266,15091
2022-04-05 11:15:00,187.8966,187.9465,187.4379,187.5676,9144
2022-04-05 11:20:00,187.5177,187.8568,187.4878,187.4878,11781
2022-04-05 11:25:00,187.4479,187.6025,187.2285,187.433,12967
2022-04-05 11:30:00,187.408,187.8069,187.3831,187.7271,8572
2022-04-05 11:35:00,187.7521,187.8767,187.1438,187.3083,10039
2022-04-05 11:40:00,187.2385,187.757,187.2285,187.757,5983
2022-04-05 11:45:00,187.6473,187.6972,187.3981,187.408,9032
2022-04-05 11:50:00,187.3482,187.5875,187.0889,187.1388,8294
2022-04-05 11:55:00,187.1288,187.2285,187.0859,187.2186,7003
2022-04-05 12:00:00,187.2285,187.4123,187.074,187.3781,9177
2022-04-05 12:05:00,187.3632,187.4679,187.3582,187.3781,6926
2022-04-05 12:10:00,187.3283,187.3681,187.0989,187.1787,8404
2022-04-05 12:15:00,187.1388,187.1886,186.6801,186.725,11381
2022-04-05 12:20:00,186.7,186.8297,186.6701,186.8297,8153
2022-04-05 12:25:00,186.8297,186.9791,186.7349,186.9394,15278
2022-04-05 12:30:00,186.8895,187.0191,186.8396,186.9294,18491
2022-04-05 12:35:00,186.9294,187.1388,186.8147,187.1089,13825
2022-04-05 12:40:00,187.069,187.1986,186.9792,186.9892,19070
2022-04-05 12:45:00,186.9942,187.1188,186.8334,187.0241,14389
2022-04-05 12:50:00,187.0241,187.2285,186.9892,187.1488,9436
2022-04-05 12:55:00,187.1787,187.3925,187.1388,187.3632,16910
2022-04-05 13:00:00,187.3083,187.3463,187.0391,187.1268,10488
2022-04-05 13:05:00,187.0989,187.2884,187.049,187.2784,10475
2022-04-05 13:10:00,187.2684,187.4878,187.2684,187.4479,7919
2022-04-05 13:15:00,187.4479,187.5227,187.3881,187.4629,20637
2022-04-05 13:20:00,187.4379,187.4776,187.3681,187.423,11382
2022-04-05 13:25:00,187.423,187.4778,187.2784,187.2834,12936
2022-04-05 13:30:00,187.2585,187.3482,187.1388,187.1488,8407
2022-04-05 13:35:00,187.1787,187.2385,187.1188,187.1188,7807
2022-04-05 13:40:00,187.0989,187.1188,186.8795,186.8995,11126
2022-04-05 13:45:00,186.8895,186.9294,186.5405,186.6103,15909
2022-04-05 13:50:00,186.5554,186.5804,186.3112,186.356,24645
2022-04-05 13:55:00,186.351,186.5205,186.3154,186.4707,18670
2022-04-05 14:00:00,186.4408,186.4906,186.3012,186.371,10345
2022-04-05 14:05:00,186.3411,186.3411,186.0818,186.0918,9197
2022-04-05 14:10:00,186.1017,186.1416,186.0519,186.1316,8297
2022-04-05 14:15:00,186.1316,186.2314,186.0918,186.2015,13231
2022-04-05 14:20:00,186.2114,186.3012,185.9621,185.9671,11382
2022-04-05 14:25:00,185.9671,186.0918,185.7627,185.7627,14771
2022-04-05 14:30:00,185.7727,185.8425,185.6331,185.648,13963
2022-04-05 14:35:00,185.6524,186.007,185.6524,185.7926,14556
2022-04-05 14:40:00,185.8325,186.002,185.7826,185.8923,20897
2022-04-05 14:45:00,185.8923,185.9322,185.5433,185.7079,26477
2022-04-05 14:50:00,185.7128,185.7527,185.5234,185.5732,20635
2022-04-05 14:55:00,185.643,185.7727,185.4137,185.4735,13829
2022-04-05 15:00:00,185.5034,185.7029,185.3937,185.3937,16267
2022-04-05 15:05:00,185.4137,185.4336,185.1843,185.1843,19779
2022-04-05 15:10:00,185.1843,185.2093,184.8802,184.8852,28669
2022-04-05 15:15:00,184.9151,185.2342,184.8952,185.0747,19061
2022-04-05 15:20:00,185.1046,185.294,184.945,185.2641,19792
2022-04-05 15:25:00,185.2342,185.2392,185.0248,185.0447,15586
2022-04-05 15:30:00,185.0048,185.0248,184.7855,184.7855,28556
2022-04-05 15:35:00,184.7954,184.8752,184.6359,184.8154,43974
2022-04-05 15:40:00,184.8453,184.8752,184.5362,184.7506,64388
2022-04-05 15:45:00,184.7406,184.7755,184.2769,184.3268,63120
2022-04-05 15:50:00,184.3367,185.0796,184.3168,184.8254,64685
2022-04-05 15:55:00,184.7855,185.0747,184.7705,184.935,194759
2022-04-05 16:00:00,184.8752,184.8752,184.8752,184.8752,481115
2022-04-05 16:40:00,184.8752,184.8752,184.8752,184.8752,562
2022-04-05 18:25:00,184.8753,184.8753,184.8753,184.8753,150
2022-04-05 19:30:00,184.8752,184.8752,184.8752,184.8752,200
2022-04-05 19:55:00,185.4635,185.4635,185.4635,185.4635,100
2022-04-06 06:40:00,183.9379,183.9778,183.9379,183.9778,262
2022-04-06 07:20:00,183.8282,183.8282,183.4792,183.4792,218
2022-04-06 07:45:00,182.9806,182.9906,182.482,182.482,2178
2022-04-06 08:00:00,183.4793,183.4793,181.8638,181.8638,585
2022-04-06 08:20:00,183.6686,183.6686,183.6686,183.6686,100
2022-04-06 08:30:00,183.6786,183.6786,183.6786,183.6786,100
2022-04-06 09:30:00,183.9678,183.9678,182.0852,182.0852,82864
2022-04-06 09:35:00,182.1928,182.6017,181.3502,181.9884,34589
2022-04-06 09:40:00,181.9535,182.5817,181.5846,182.3075,24085
2022-04-06 09:45:00,182.2925,182.482,181.4866,181.6643,22048
2022-04-06 09:50:00,181.6743,182.2028,181.6394,182.0831,42974
2022-04-06 09:55:00,182.0831,182.2128,181.5945,182.0034,43165
2022-04-06 10:00:00,182.0333,182.5418,182.0333,182.3923,19803
2022-04-06 10:05:00,182.3623,182.7313,182.2527,182.5119,24912
2022-04-06 10:10:00,182.502,183.2199,182.3923,183.2199,33875
2022-04-06 10:15:00,183.2598,183.8481,183.1102,183.7794,30923
2022-04-06 10:20:00,183.8182,184.2969,183.6487,184.247,26685
2022-04-06 10:25:00,184.2869,184.2869,183.2797,183.7384,35985
2022-04-06 10:30:00,183.7684,184.1473,183.357,183.6686,31096
2022-04-06 10:35:00,183.6986,184.1872,183.6886,184.0376,15496
2022-04-06 10:40:00,183.9578,184.2071,183.8182,184.1872,15037
2022-04-06 10:45:00,184.1872,184.3467,183.9578,184.0974,24433
2022-04-06 10:50:00,184.1273,184.1573,183.4293,183.7285,14750
2022-04-06 10:55:00,183.6686,183.7285,183.3994,183.4792,11047
2022-04-06 11:00:00,183.549,183.6288,183.3396,183.6188,10420
2022-04-06 11:05:00,183.6088,183.8033,183.529,183.5689,20379
2022-04-06 11:10:00,183.5988,183.6487,183.3873,183.539,12907
2022-04-06 11:15:00,183.6288,183.7484,183.0155,183.0404,9833
2022-04-06 11:20:00,183.0803,183.7584,183.0803,183.3029,10443
2022-04-06 11:25:00,183.2698,183.5191,183.1401,183.5191,9846
2022-04-06 11:30:00,183.539,183.6387,183.3097,183.3695,11598
2022-04-06 11:35:00,183.4493,183.4792,183.175,183.2199,7198
2022-04-06 11:40:00,183.2498,183.4493,183.1202,183.2199,11436
2022-04-06 11:45:00,183.3595,183.6487,183.1401,183.5191,11127
2022-04-06 11:50:00,183.549,183.7584,183.4193,183.4892,13375
2022-04-06 11:55:00,183.4842,183.559,183.0604,183.2,24824
2022-04-06 12:00:00,183.2299,183.2748,183.1252,183.2,20458
2022-04-06 12:05:00,183.1501,183.2947,182.9314,182.9314,11669
2022-04-06 12:10:00,183.0005,183.0005,182.821,182.9208,16395
2022-04-06 12:15:00,182.8609,182.8709,182.5119,182.5418,10486
2022-04-06 12:20:00,182.502,182.5219,182.3225,182.4172,21487
2022-04-06 12:25:00,182.4222,182.6216,182.4122,182.5119,17888
2022-04-06 12:30:00,182.492,182.7015,182.4521,182.5967,24202
2022-04-06 12:35:00,182.5618,182.6116,182.4022,182.6116,11813
2022-04-06 12:40:00,182.5518,182.6465,182.4581,182.5319,13440
2022-04-06 12:45:00,182.5917,182.6316,182.3225,182.5618,12063
2022-04-06 12:50:00,182.5418,182.5518,182.3225,182.482,13820
2022-04-06 12:55:00,182.4671,182.5319,182.3175,182.492,12554
2022-04-06 13:00:00,182.502,182.6116,182.3593,182.5618,11114
2022-04-06 13:05:00,182.5917,182.831,182.5817,182.7512,24635
2022-04-06 13:10:00,182.7612,183.1052,182.7213,182.9856,16530
2022-04-06 13:15:00,182.9956,183.1102,182.9407,183.1102,16770
2022-04-06 13:20:00,183.1102,183.3396,183.0903,183.1202,16088
2022-04-06 13:25:00,183.0803,183.1102,182.6914,182.6914,12575
2022-04-06 13:30:00,182.6615,182.7363,182.502,182.6017,11137
2022-04-06 13:35:00,182.6416,182.6416,182.2427,182.6067,14901
2022-04-06 13:40:00,182.6017,182.7512,182.5528,182.6814,18251
2022-04-06 13:45:00,182.6515,182.7512,182.5409,182.6814,23549
2022-04-06 13:50:00,182.6615,182.7512,182.5967,182.6515,12647
2022-04-06 13:55:00,182.6067,182.6515,182.2128,182.2626,7559
2022-04-06 14:00:00,182.2327,183.1302,181.9635,182.4279,28417
2022-04-06 14:05:00,182.4022,182.4022,181.8039,182.0133,29237
2022-04-06 14:10:00,181.9635,182.1031,181.5945,181.5945,18833
2022-04-06 14:15:00,181.5546,181.5846,181.2156,181.3353,17667
2022-04-06 14:20:00,181.3652,181.6643,181.2555,181.6244,39534
2022-04-06 14:25:00,181.5945,181.8039,181.5148,181.6494,29145
2022-04-06 14:30:00,181.6843,182.5618,181.5247,182.3424,20825
2022-04-06 14:35:00,182.3823,182.5418,182.0034,182.0931,13549
2022-04-06 14:40:00,182.0034,182.6615,181.9934,182.5052,19253
2022-04-06 14:45:00,182.5418,182.9507,182.5069,182.831,27062
2022-04-06 14:50:00,182.8809,183.1701,182.7413,183.0953,13640
2022-04-06 14:55:00,183.1302,183.4692,183.1102,183.3396,16950
2022-04-06 15:00:00,183.3795,183.6986,183.3745,183.6986,15173
2022-04-06 15:05:00,183.6387,183.6387,183.0205,183.2199,15859
2022-04-06 15:10:00,183.2997,183.6886,183.1601,183.5988,15548
2022-04-06 15:15:00,183.5789,183.7983,183.3495,183.3595,23879
2022-04-06 15:20:00,183.2997,183.3136,182.6715,182.7114,20734
2022-04-06 15:25:00,182.7413,182.8011,182.5119,182.5618,36147
2022-04-06 15:30:00,182.5718,182.7712,182.3723,182.4621,28964
2022-04-06 15:35:00,182.4621,183.0953,182.3424,183.0703,30083
2022-04-06 15:40:00,183.0504,183.1601,182.8609,183.1202,27793
2022-04-06 15:45:00,183.1003,183.529,183.0205,183.4393,35694
2022-04-06 15:50:00,183.3795,183.7185,183.1202,183.1601,46440
2022-04-06 15:55:00,183.1102,183.3595,182.831,183.1601,112680
2022-04-06 16:00:00,183.19,183.19,183.19,183.19,297156
2022-04-06 16:30:00,183.19,183.19,183.19,183.19,9969
2022-04-06 19:15:00,182.482,182.482,182.482,182.482,100
2022-04-06 19:20:00,182.9706,182.9706,182.9706,182.9706,100
2022-04-07 06:30:00,183.14,183.19,183.14,183.19,214
2022-04-07 07:05:00,183.19,183.19,183.19,183.19,106
2022-04-07 07:40:00,183.2,183.2,183.2,183.2,100
2022-04-07 07:45:00,183.2,183.2,183.2,183.2,200
2022-04-07 08:00:00,184.6212,184.63,184.6212,184.63,2000
2022-04-07 08:35:00,183.1899,183.1899,183.1899,183.1899,2000
2022-04-07 08:40:00,183.1899,183.1899,183.1899,183.1899,2000
2022-04-07 08:45:00,183.16,183.16,183.16,183.16,100
2022-04-07 09:00:00,183.18,183.19,182.98,183.19,860
2022-04-07 09:25:00,181.91,181.95,181.45,181.45,1991
2022-04-07 09:30:00,181.52,182.37,180.19,181.83,100200
2022-04-07 09:35:00,181.89,182.11,180.42,181.01,42771
2022-04-07 09:40:00,181.05,181.45,180.2186,180.99,28970
2022-04-07 09:45:00,180.9,181.93,180.86,180.98,28915
2022-04-07 09:50:00,180.96,181.45,180.83,181.1,27182
2022-04-07 09:55:00,181.1426,181.23,180.48,180.65,33606
2022-04-07 10:00:00,180.65,180.65,179.91,179.94,22157
2022-04-07 10:05:00,179.93,180.19,179.56,180.04,33473
2022-04-07 10:10:00,180.03,180.34,179.765,180.01,33042
2022-04-07 10:15:00,180.03,180.53,180.03,180.52,20750
2022-04-07 10:20:00,180.43,180.47,180.18,180.33,16940
2022-04-07 10:25:00,180.395,180.48,180.17,180.24,16827
2022-04-07 10:30:00,180.18,180.71,180.08,180.47,33026
2022-04-07 10:35:00,180.47,180.69,180.32,180.54,41836
2022-04-07 10:40:00,180.5,180.5,179.63,179.78,46480
2022-04-07 10:45:00,179.78,179.78,179.13,179.14,40737
2022-04-07 10:50:00,179.15,179.65,179.11,179.18,36700
2022-04-07 10:55:00,179.22,179.85,179.22,179.78,29513
2022-04-07 11:00:00,179.74,180.155,179.72,180.1,20206
2022-04-07 11:05:00,180.045,180.2909,179.9,179.9,16511
2022-04-07 11:10:00,179.86,180.045,179.74,179.8,21502
2022-04-07 11:15:00,179.82,179.82,179.22,179.61,18184
2022-04-07 11:20:00,179.64,180.19,179.64,180.068,15987
2022-04-07 11:25:00,180.07,180.22,179.51,179.78,27426
2022-04-07 11:30:00,179.8,179.89,179.29,179.89,89989
2022-04-07 11:35:00,179.99,180.46,179.87,180.115,30376
2022-04-07 11:40:00,180.095,180.72,180.0701,180.64,15879
2022-04-07 11:45:00,180.65,180.9,180.55,180.55,18560
2022-04-07 11:50:00,180.51,180.565,180.11,180.13,15601
2022-04-07 11:55:00,180.19,180.4,179.93,180.32,18438
2022-04-07 12:00:00,180.29,180.33,179.83,179.9,14421
2022-04-07 12:05:00,179.92,180.04,179.74,179.94,90311
2022-04-07 12:10:00,179.97,180.07,179.59,179.78,37535
2022-04-07 12:15:00,179.8,179.86,179.67,179.81,13543
2022-04-07 12:20:00,179.8,180.23,179.76,180.145,18422
2022-04-07 12:25:00,180.135,180.27,179.82,179.94,20406
2022-04-07 12:30:00,179.94,180.3306,179.835,180.185,13214
2022-04-07 12:35:00,180.15,180.16,179.7,179.7398,25258
2022-04-07 12:40:00,179.71,179.82,179.41,179.5,25094
2022-04-07 12:45:00,179.5,179.6,179.21,179.23,27492
2022-04-07 12:50:00,179.19,179.45,179.12,179.36,44018
2022-04-07 12:55:00,179.33,179.88,179.305,179.79,29868
2022-04-07 13:00:00,179.72,180.15,179.64,180.02,31492
2022-04-07 13:05:00,180.055,180.4633,179.91,180.44,22891
2022-04-07 13:10:00,180.48,180.8095,180.42,180.55,26010
2022-04-07 13:15:00,180.52,180.88,180.52,180.825,52511
2022-04-07 13:20:00,180.85,181.21,180.765,180.765,23008
2022-04-07 13:25:00,180.81,181.12,180.81,181.01,16535
2022-04-07 13:30:00,181.0,181.11,180.8,180.84,17685
2022-04-07 13:35:00,180.88,180.99,180.8,180.83,15125
2022-04-07 13:40:00,180.845,180.85,180.41,180.64,45173
2022-04-07 13:45:00,180.63,180.73,180.515,180.58,16898
2022-04-07 13:50:00,180.55,180.79,180.37,180.705,23320
2022-04-07 13:55:00,180.7,181.39,180.67,181.32,16065
2022-04-07 14:00:00,181.355,181.5125,181.29,181.415,13623
2022-04-07 14:05:00,181.415,181.465,181.14,181.31,49960
2022-04-07 14:10:00,181.35,181.64,181.21,181.56,34815
2022-04-07 14:15:00,181.55,181.55,181.1,181.16,28970
2022-04-07 14:20:00,181.19,181.35,181.16,181.28,21539
2022-04-07 14:25:00,181.29,181.99,181.29,181.59,56623
2022-04-07 14:30:00,181.51,181.71,181.35,181.47,18711
2022-04-07 14:35:00,181.47,181.7,181.34,181.66,11726
2022-04-07 14:40:00,181.63,181.915,181.53,181.83,7510
2022-04-07 14:45:00,181.78,182.24,181.73,182.11,42429
2022-04-07 14:50:00,182.0,182.36,182.0,182.25,26128
2022-04-07 14:55:00,182.22,182.71,182.22,182.7,20390
2022-04-07 15:00:00,182.62,183.12,182.53,182.98,21578
2022-04-07 15:05:00,182.94,183.17,182.8,183.16,21337
2022-04-07 15:10:00,183.19,183.265,183.04,183.09,19897
2022-04-07 15:15:00,183.11,183.235,182.91,182.96,22742
2022-04-07 15:20:00,182.94,182.94,182.455,182.54,15738
2022-04-07 15:25:00,182.613,182.77,182.58,182.63,14250
2022-04-07 15:30:00,182.63,183.06,182.51,182.98,48944
2022-04-07 15:35:00,182.97,183.17,182.8,183.09,55693
2022-04-07 15:40:00,183.08,183.1703,182.81,182.95,40763
2022-04-07 15:45:00,182.96,183.05,182.69,182.84,102374
2022-04-07 15:50:00,182.8,182.8,182.3601,182.47,71551
2022-04-07 15:55:00,182.43,182.53,182.26,182.39,127192
2022-04-07 16:00:00,182.35,182.39,182.35,182.39,334102
2022-04-07 17:00:00,182.0,182.0,182.0,182.0,150
2022-04-07 17:10:00,182.0,182.0,182.0,182.0,203
2022-04-07 17:15:00,182.01,182.01,182.0,182.0,362
2022-04-07 17:20:00,182.0,182.0,182.0,182.0,260
2022-04-07 17:30:00,182.4553,182.4553,182.4553,182.4553,137
2022-04-07 18:55:00,182.02,182.02,182.02,182.02,137
2022-04-07 19:45:00,182.39,182.39,182.39,182.39,300
2022-04-07 19:50:00,182.45,182.45,182.45,182.45,678
2022-04-08 08:45:00,182.95,182.95,182.95,182.95,200
2022-04-08 08:55:00,182.39,182.39,182.39,182.39,339
2022-04-08 09:25:00,182.45,183.27,182.45,183.27,300
2022-04-08 09:30:00,183.0,183.99,182.81,183.225,47543
2022-04-08 09:35:00,183.31,183.45,183.01,183.2,27351
2022-04-08 09:40:00,183.17,183.42,182.525,182.525,40143
2022-04-08 09:45:00,182.53,183.01,182.24,182.83,33277
2022-04-08 09:50:00,182.79,182.92,182.26,182.54,36471
2022-04-08 09:55:00,182.5,182.77,181.93,182.33,44828
2022-04-08 10:00:00,182.31,182.83,182.1195,182.83,20924
2022-04-08 10:05:00,182.785,183.72,182.74,183.65,30051
2022-04-08 10:10:00,183.57,183.59,182.96,183.42,28277
2022-04-08 10:15:00,183.35,183.81,183.06,183.67,28745
2022-04-08 10:20:00,183.76,184.38,183.46,184.38,22864
2022-04-08 10:25:00,184.335,184.5,184.0,184.17,19513
2022-04-08 10:30:00,184.18,185.33,184.17,185.21,64341
2022-04-08 10:35:00,185.21,185.43,185.1299,185.21,23254
2022-04-08 10:40:00,185.27,185.59,185.105,185.23,26698
2022-04-08 10:45:00,185.17,185.53,184.985,185.12,25842
2022-04-08 10:50:00,185.12,186.08,184.97,185.83,49941
2022-04-08 10:55:00,185.84,186.36,185.68,186.22,27688
2022-04-08 11:00:00,186.2,186.72,186.12,186.56,45002
2022-04-08 11:05:00,186.59,186.66,186.215,186.46,26487
2022-04-08 11:10:00,186.51,186.62,186.22,186.26,30867
2022-04-08 11:15:00,186.23,186.23,185.84,185.85,13125
2022-04-08 11:20:00,185.78,185.78,185.4001,185.45,16338
2022-04-08 11:25:00,185.3785,185.59,185.25,185.33,9380
2022-04-08 11:30:00,185.36,185.65,185.31,185.39,73349
2022-04-08 11:35:00,185.4,185.42,185.2091,185.29,40337
2022-04-08 11:40:00,185.29,185.32,184.96,184.96,38091
2022-04-08 11:45:00,184.95,185.22,184.88,185.0,24268
2022-04-08 11:50:00,185.04,185.2,184.975,184.975,10960
2022-04-08 11:55:00,184.9,184.95,184.7958,184.84,9130
2022-04-08 12:00:00,184.83,185.0,184.75,184.97,4906
2022-04-08 12:05:00,184.935,185.03,184.56,184.73,7333
2022-04-08 12:10:00,184.82,184.95,184.67,184.9,8314
2022-04-08 12:15:00,184.9,185.0,184.66,184.89,20503
2022-04-08 12:20:00,184.94,185.1299,184.8901,185.1236,14365
2022-04-08 12:25:00,185.085,185.35,185.0775,185.285,11923
2022-04-08 12:30:00,185.28,185.28,184.72,184.74,19792
2022-04-08 12:35:00,184.81,184.84,184.59,184.835,10487
2022-04-08 12:40:00,184.83,185.0,184.795,184.98,5635
2022-04-08 12:45:00,184.955,185.11,184.9,184.95,7083
2022-04-08 12:50:00,185.0,185.15,184.92,185.1,5643
2022-04-08 12:55:00,185.14,185.24,185.06,185.21,5797
2022-04-08 13:00:00,185.2,185.2414,184.89,184.895,16768
2022-04-08 13:05:00,184.99,185.0,184.82,185.0,3155
2022-04-08 13:10:00,185.0,185.02,184.66,184.66,7253
2022-04-08 13:15:00,184.69,184.69,184.42,184.535,13165
2022-04-08 13:20:00,184.56,184.73,184.56,184.69,8181
2022-04-08 13:25:00,184.685,184.71,184.44,184.49,6448
2022-04-08 13:30:00,184.52,184.59,184.43,184.48,6053
2022-04-08 13:35:00,184.455,184.615,184.33,184.34,6777
2022-04-08 13:40:00,184.35,184.59,184.35,184.53,8129
2022-04-08 13:45:00,184.48,184.505,184.15,184.15,13815
2022-04-08 13:50:00,184.18,184.4,184.16,184.245,12785
2022-04-08 13:55:00,184.21,184.285,184.07,184.07,11503
2022-04-08 14:00:00,184.09,184.29,184.035,184.29,14374
2022-04-08 14:05:00,184.29,184.405,184.15,184.35,11557
2022-04-08 14:10:00,184.35,184.53,184.315,184.495,7519
2022-04-08 14:15:00,184.495,184.57,184.4303,184.47,8504
2022-04-08 14:20:00,184.46,184.69,184.34,184.35,6395
2022-04-08 14:25:00,184.28,184.28,183.96,184.14,10326
2022-04-08 14:30:00,184.14,184.16,183.91,183.91,4320
2022-04-08 14:35:00,183.94,184.01,183.885,183.9,11380
2022-04-08 14:40:00,183.89,183.9596,183.83,183.9,11131
2022-04-08 14:45:00,183.92,183.96,183.855,183.93,12639
2022-04-08 14:50:00,183.965,184.41,183.955,184.35,10646
2022-04-08 14:55:00,184.3529,184.3529,183.905,183.975,14057
2022-04-08 15:00:00,183.955,184.08,183.88,183.9,19134
2022-04-08 15:05:00,183.91,183.93,183.62,183.645,20770
2022-04-08 15:10:00,183.645,184.0,183.595,183.9,26150
2022-04-08 15:15:00,183.87,184.2,183.78,183.79,23036
2022-04-08 15:20:00,183.78,184.06,183.75,184.06,22263
2022-04-08 15:25:00,184.02,184.28,183.98,184.28,10164
2022-04-08 15:30:00,184.31,184.385,183.95,183.95,21126
2022-04-08 15:35:00,183.955,183.955,183.775,183.78,16530
2022-04-08 15:40:00,183.79,184.14,183.73,184.14,19500
2022-04-08 15:45:00,184.12,184.205,183.86,183.86,28806
2022-04-08 15:50:00,183.8,183.99,183.48,183.52,46052
2022-04-08 15:55:00,183.49,183.82,183.315,183.71,133126
2022-04-08 16:00:00,183.7,183.7,183.7,183.7,338440
2022-04-08 16:15:00,183.7,183.7,180.0,180.0,1282
2022-04-08 16:20:00,181.0,181.0,181.0,181.0,200
2022-04-08 16:25:00,183.7,183.7,183.7,183.7,4361
2022-04-08 17:50:00,183.6,183.6,183.6,183.6,160
2022-04-11 04:50:00,181.5,181.5,181.5,181.5,300
2022-04-11 06:15:00,183.36,183.36,182.9,182.9,205
2022-04-11 06:30:00,182.5,182.5,182.5,182.5,200
2022-04-11 07:00:00,182.5,182.5,182.01,182.01,306
2022-04-11 07:15:00,182.18,182.18,182.18,182.18,109
2022-04-11 07:20:00,181.55,181.55,181.55,181.55,100
2022-04-11 07:25:00,182.2,182.2,182.2,182.2,100
2022-04-11 07:45:00,181.23,181.23,181.23,181.23,100
2022-04-11 07:50:00,181.9,182.0,181.9,181.9,793
2022-04-11 08:00:00,181.28,181.28,181.28,181.28,150
2022-04-11 08:15:00,181.25,181.25,180.79,181.25,717
2022-04-11 08:20:00,180.79,180.79,180.79,180.79,100
2022-04-11 08:30:00,180.9,180.9,180.79,180.79,809
2022-04-11 08:40:00,180.69,180.69,180.63,180.63,304
2022-04-11 09:00:00,181.47,181.5,181.47,181.5,1234
2022-04-11 09:05:00,181.42,181.47,181.42,181.47,1120
2022-04-11 09:15:00,182.0,182.0,182.0,182.0,100
2022-04-11 09:25:00,181.63,181.63,181.51,181.51,700
2022-04-11 09:30:00,181.06,182.44,180.98,181.08,107346
2022-04-11 09:35:00,181.13,181.71,180.32,180.8,62854
2022-04-11 09:40:00,180.93,181.23,180.0,180.04,75501
2022-04-11 09:45:00,180.05,180.18,178.5,179.24,129730
2022-04-11 09:50:00,179.24,181.04,179.195,180.91,52752
2022-04-11 09:55:00,180.9,181.76,180.65,181.69,70559
2022-04-11 10:00:00,181.67,181.695,180.75,180.835,31335
2022-04-11 10:05:00,180.74,181.75,180.56,181.16,23265
2022-04-11 10:10:00,181.12,181.44,180.925,181.19,18147
2022-04-11 10:15:00,181.31,181.44,180.65,180.68,27451
2022-04-11 10:20:00,180.68,181.09,180.09,180.09,32024
2022-04-11 10:25:00,180.18,180.25,179.52,179.64,49278
2022-04-11 10:30:00,179.61,180.05,179.46,179.7475,44814
2022-04-11 10:35:00,179.71,179.82,179.235,179.7717,34932
2022-04-11 10:40:00,179.805,180.41,179.77,179.96,62429
2022-04-11 10:45:00,180.04,180.3175,179.98,180.0016,26744
2022-04-11 10:50:00,179.93,180.21,179.84,179.995,27084
2022-04-11 10:55:00,179.99,180.1,179.68,179.68,16801
2022-04-11 11:00:00,179.65,179.75,179.33,179.47,21227
2022-04-11 11:05:00,179.43,179.435,178.9,179.2,23687
2022-04-11 11:10:00,179.23,179.54,179.23,179.54,24458
2022-04-11 11:15:00,179.54,179.6,179.33,179.36,43439
2022-04-11 11:20:00,179.39,179.67,178.5,178.68,123185
2022-04-11 11:25:00,178.64,179.01,178.57,179.01,22100
2022-04-11 11:30:00,179.01,179.46,178.84,178.92,45981
2022-04-11 11:35:00,178.92,179.11,178.89,178.89,21937
2022-04-11 11:40:00,178.93,178.96,178.55,178.57,34764
2022-04-11 11:45:00,178.585,179.02,178.57,178.8,46160
2022-04-11 11:50:00,178.78,178.915,178.73,178.8533,24621
2022-04-11 11:55:00,178.84,178.98,178.68,178.98,15197
2022-04-11 12:00:00,179.0,179.06,178.65,178.65,19944
2022-04-11 12:05:00,178.67,178.74,178.54,178.62,14745
2022-04-11 12:10:00,178.6,178.65,178.235,178.29,31909
2022-04-11 12:15:00,178.28,178.31,177.73,178.3,64106
2022-04-11 12:20:00,178.345,178.46,178.21,178.43,12145
2022-04-11 12:25:00,178.43,178.51,178.4,178.41,33127
2022-04-11 12:30:00,178.4175,178.44,178.23,178.305,13843
2022-04-11 12:35:00,178.31,178.39,177.93,178.0192,37489
2022-04-11 12:40:00,177.99,178.01,177.67,177.73,12841
2022-04-11 12:45:00,177.745,177.92,177.6,177.78,18479
2022-04-11 12:50:00,177.73,177.82,177.5,177.69,53773
2022-04-11 12:55:00,177.695,177.7,177.52,177.605,13846
2022-04-11 13:00:00,177.6087,177.95,177.6087,177.95,31076
2022-04-11 13:05:00,177.94,178.332,177.88,178.01,27420
2022-04-11 13:10:00,178.0,178.01,177.82,177.93,25914
2022-04-11 13:15:00,177.89,177.89,177.51,177.6,75378
2022-04-11 13:20:00,177.59,177.66,177.25,177.25,27519
2022-04-11 13:25:00,177.27,177.79,177.27,177.79,29460
2022-04-11 13:30:00,177.78,178.43,177.78,178.43,20984
2022-04-11 13:35:00,178.435,178.49,178.25,178.49,12680
2022-04-11 13:40:00,178.5225,178.7528,178.5225,178.6,12843
2022-04-11 13:45:00,178.62,178.66,178.44,178.4637,9128
2022-04-11 13:50:00,178.48,178.61,178.425,178.51,16532
2022-04-11 13:55:00,178.49,178.63,178.39,178.55,21397
2022-04-11 14:00:00,178.58,178.64,178.38,178.44,11467
2022-04-11 14:05:00,178.44,178.63,178.42,178.45,13255
2022-04-11 14:10:00,178.43,178.5,178.03,178.08,12265
2022-04-11 14:15:00,178.01,178.01,177.72,177.88,15120
2022-04-11 14:20:00,177.88,177.95,177.77,177.94,18357
2022-04-11 14:25:00,177.92,178.1012,177.92,178.06,9364
2022-04-11 14:30:00,178.04,178.18,177.8773,178.13,20388
2022-04-11 14:35:00,178.13,178.45,178.0,178.45,39109
2022-04-11 14:40:00,178.43,178.62,178.41,178.578,9097
2022-04-11 14:45:00,178.57,178.8,178.47,178.71,12183
2022-04-11 14:50:00,178.67,178.93,178.67,178.86,18376
2022-04-11 14:55:00,178.93,178.97,178.81,178.8937,15501
2022-04-11 15:00:00,178.91,179.1,178.85,178.9,19829
2022-04-11 15:05:00,178.87,179.17,178.77,179.17,15033
2022-04-11 15:10:00,179.2,179.265,178.92,179.02,16211
2022-04-11 15:15:00,179.025,179.24,178.87,179.16,35994
2022-04-11 15:20:00,179.13,179.14,178.71,178.71,37102
2022-04-11 15:25:00,178.71,178.77,178.37,178.43,20231
2022-04-11 15:30:00,178.45,178.46,177.9,178.085,64638
2022-04-11 15:35:00,178.055,178.3,177.89,178.2775,33634
2022-04-11 15:40:00,178.27,178.59,178.185,178.37,59100
2022-04-11 15:45:00,178.33,178.35,177.88,178.0,48663
2022-04-11 15:50:00,177.96,178.225,177.7,177.71,69789
2022-04-11 15:55:00,177.71,177.81,177.25,177.65,266229
2022-04-11 16:00:00,177.57,177.57,177.57,177.57,704989
2022-04-11 16:10:00,177.57,177.57,177.57,177.57,2812
2022-04-11 16:35:00,177.0,177.0,177.0,177.0,141
2022-04-11 16:50:00,177.57,177.57,177.57,177.57,1103
2022-04-11 17:20:00,177.5,177.5,177.5,177.5,250
2022-04-11 19:45:00,177.0,177.0,177.0,177.0,100
2022-04-12 08:25:00,180.0,180.0,180.0,180.0,573
2022-04-12 08:30:00,179.7,179.7,179.7,179.7,498
2022-04-12 09:00:00,179.49,179.49,179.49,179.49,100
2022-04-12 09:05:00,179.0,179.0,179.0,179.0,200
2022-04-12 09:10:00,178.37,178.37,178.02,178.37,477
2022-04-12 09:15:00,181.8999,181.8999,181.8999,181.8999,250
2022-04-12 09:25:00,177.24,177.24,176.51,176.51,2379
2022-04-12 09:30:00,176.57,177.77,175.46,176.895,99499
2022-04-12 09:35:00,177.01,178.26,176.68,178.26,102099
2022-04-12 09:40:00,178.24,179.04,177.82,177.82,47056
2022-04-12 09:45:00,177.83,178.1774,177.37,177.72,31146
2022-04-12 09:50:00,177.7,178.56,177.7,178.5,26960
2022-04-12 09:55:00,178.565,178.6805,178.37,178.51,34955
2022-04-12 10:00:00,178.57,178.595,178.19,178.5,39581
2022-04-12 10:05:00,178.49,179.25,178.425,179.08,33731
2022-04-12 10:10:00,179.11,179.14,178.3,178.48,27120
2022-04-12 10:15:00,178.49,178.62,178.11,178.1954,22255
2022-04-12 10:20:00,178.21,178.56,177.93,177.98,56082
2022-04-12 10:25:00,177.975,178.21,177.08,177.13,84469
2022-04-12 10:30:00,177.17,177.83,177.12,177.8,36052
2022-04-12 10:35:00,177.88,178.02,177.16,177.38,22274
2022-04-12 10:40:00,177.4,177.44,176.9,177.06,50139
2022-04-12 10:45:00,177.01,177.085,176.66,176.93,32291
2022-04-12 10:50:00,176.89,176.91,176.46,176.71,76927
2022-04-12 10:55:00,176.72,177.1,176.46,177.08,44424
2022-04-12 11:00:00,176.99,177.2784,176.89,177.2784,19180
2022-04-12 11:05:00,177.25,177.34,177.06,177.14,16395
2022-04-12 11:10:00,177.17,177.17,176.18,176.39,75080
2022-04-12 11:15:00,176.42,176.53,176.34,176.5,56627
2022-04-12 11:20:00,176.5,177.11,176.37,177.11,34237
2022-04-12 11:25:00,177.12,177.3,177.05,177.15,21690
2022-04-12 11:30:00,177.2,177.655,177.2,177.5492,27583
2022-04-12 11:35:00,177.595,177.639,177.265,177.28,18435
2022-04-12 11:40:00,177.29,177.57,176.99,177.48,16469
2022-04-12 11:45:00,177.5084,177.61,177.33,177.415,10097
2022-04-12 11:50:00,177.41,177.54,177.3,177.39,13440
2022-04-12 11:55:00,177.41,177.49,177.33,177.38,7430
2022-04-12 12:00:00,177.37,177.37,177.16,177.25,10397
2022-04-12 12:05:00,177.24,177.32,176.81,176.84,9220
2022-04-12 12:10:00,176.81,177.07,176.8,177.0,12868
2022-04-12 12:15:00,177.0,177.07,176.72,176.72,11733
2022-04-12 12:20:00,176.7,176.8,176.35,176.35,16268
2022-04-12 12:25:00,176.35,176.35,176.05,176.17,23633
2022-04-12 12:30:00,176.16,176.29,175.98,176.02,18073
2022-04-12 12:35:00,175.99,176.2161,175.84,176.15,24369
2022-04-12 12:40:00,176.14,176.4,175.98,176.08,13168
2022-04-12 12:45:00,176.055,176.225,175.97,176.225,16855
2022-04-12 12:50:00,176.22,176.42,176.22,176.35,8941
2022-04-12 12:55:00,176.32,176.44,176.23,176.4,17193
2022-04-12 13:00:00,176.37,176.47,176.07,176.32,17585
2022-04-12 13:05:00,176.4,176.48,176.315,176.43,8142
2022-04-12 13:10:00,176.47,176.845,176.47,176.69,15544
2022-04-12 13:15:00,176.75,176.77,176.54,176.76,8082
2022-04-12 13:20:00,176.775,176.83,176.47,176.58,24073
2022-04-12 13:25:00,176.57,176.6,176.405,176.5,14686
2022-04-12 13:30:00,176.58,176.6326,176.34,176.4,8597
2022-04-12 13:35:00,176.3,176.51,176.28,176.29,11684
2022-04-12 13:40:00,176.22,176.23,175.84,175.91,9905
2022-04-12 13:45:00,175.91,176.08,175.75,176.08,16042
2022-04-12 13:50:00,176.08,176.08,175.65,175.78,26125
2022-04-12 13:55:00,175.79,175.81,175.57,175.6925,23641
2022-04-12 14:00:00,175.685,175.685,175.37,175.545,29761
2022-04-12 14:05:00,175.52,175.79,175.47,175.77,31665
2022-04-12 14:10:00,175.77,175.78,175.33,175.33,10464
2022-04-12 14:15:00,175.32,175.35,175.03,175.27,23755
2022-04-12 14:20:00,175.24,175.4,175.09,175.2,35794
2022-04-12 14:25:00,175.18,175.39,175.18,175.23,21755
2022-04-12 14:30:00,175.25,175.31,174.9426,175.22,28308
2022-04-12 14:35:00,175.19,175.355,175.12,175.29,21638
2022-04-12 14:40:00,175.22,175.29,175.11,175.215,16488
2022-04-12 14:45:00,175.23,175.48,175.22,175.25,32633
2022-04-12 14:50:00,175.26,175.5,175.0704,175.5,27462
2022-04-12 14:55:00,175.48,175.58,175.29,175.415,12931
2022-04-12 15:00:00,175.39,175.56,175.1,175.175,21506
2022-04-12 15:05:00,175.19,175.24,174.93,174.93,16274
2022-04-12 15:10:00,174.94,175.03,174.81,174.91,18728
2022-04-12 15:15:00,174.91,174.96,174.78,174.91,29568
2022-04-12 15:20:00,174.925,175.19,174.73,175.05,46276
2022-04-12 15:25:00,175.03,175.1,174.7101,174.84,26322
2022-04-12 15:30:00,174.89,175.23,174.76,174.981,38139
2022-04-12 15:35:00,175.015,175.29,174.89,175.25,38149
2022-04-12 15:40:00,175.2,175.38,175.06,175.125,30481
2022-04-12 15:45:00,175.09,175.56,174.93,175.34,52316
2022-04-12 15:50:00,175.22,175.46,175.14,175.3699,62411
2022-04-12 15:55:00,175.38,175.67,175.29,175.52,171743
2022-04-12 16:00:00,175.54,175.54,175.54,175.54,420728
2022-04-12 16:05:00,175.0,175.54,175.0,175.54,321
2022-04-12 16:20:00,175.54,175.54,175.5,175.5,1030
2022-04-12 17:15:00,175.5401,175.5401,175.5401,175.5401,113
2022-04-12 17:20:00,175.9899,175.9899,175.9899,175.9899,400
2022-04-12 17:30:00,175.95,175.95,175.95,175.95,148
2022-04-12 18:15:00,175.99,175.99,175.99,175.99,100
2022-04-12 18:25:00,175.6,175.6,175.6,175.6,101
2022-04-12 19:55:00,175.57,175.57,175.57,175.57,150
2022-04-13 07:45:00,175.7,175.7,175.59,175.59,398
2022-04-13 08:15:00,175.18,175.18,175.18,175.18,100
2022-04-13 08:40:00,175.14,175.14,175.14,175.14,114
2022-04-13 08:55:00,174.2091,174.2091,174.2091,174.2091,145
2022-04-13 09:00:00,174.4,174.4,174.4,174.4,200
2022-04-13 09:15:00,174.0,174.0,174.0,174.0,100
2022-04-13 09:25:00,174.06,174.06,173.5,173.5,531
2022-04-13 09:30:00,174.23,176.545,174.0,176.52,91065
2022-04-13 09:35:00,176.505,176.93,175.96,176.19,64038
2022-04-13 09:40:00,176.36,177.3892,176.26,177.085,67310
2022-04-13 09:45:00,177.21,177.9,176.93,177.815,38276
2022-04-13 09:50:00,177.83,178.08,177.43,177.565,44025
2022-04-13 09:55:00,177.62,177.87,177.1601,177.21,38865
2022-04-13 10:00:00,177.37,177.5899,177.13,177.45,32796
2022-04-13 10:05:00,177.39,177.795,177.1,177.305,37662
2022-04-13 10:10:00,177.34,177.9082,177.27,177.78,45264
2022-04-13 10:15:00,177.77,178.28,177.72,178.09,40044
2022-04-13 10:20:00,178.06,178.09,177.58,178.0,20243
2022-04-13 10:25:00,178.06,178.18,177.91,177.91,22874
2022-04-13 10:30:00,177.94,178.035,177.64,177.88,28859
2022-04-13 10:35:00,177.85,177.875,177.255,177.28,19174
2022-04-13 10:40:00,177.32,177.32,176.61,177.135,21031
2022-04-13 10:45:00,177.17,177.31,177.0,177.0,17926
2022-04-13 10:50:00,177.0,177.3,177.0,177.25,15485
2022-04-13 10:55:00,177.22,177.59,177.185,177.59,15431
2022-04-13 11:00:00,177.58,177.965,177.56,177.96,13954
2022-04-13 11:05:00,177.965,178.0,177.6688,177.7,20457
2022-04-13 11:10:00,177.695,178.0532,177.69,178.0532,11823
2022-04-13 11:15:00,178.085,178.19,177.76,177.925,35595
2022-04-13 11:20:00,177.9,178.02,177.7,178.02,21145
2022-04-13 11:25:00,178.015,178.21,177.95,178.17,12114
2022-04-13 11:30:00,178.18,178.78,178.11,178.555,33240
2022-04-13 11:35:00,178.595,178.625,178.2201,178.33,12134
2022-04-13 11:40:00,178.32,178.56,178.28,178.48,12232
2022-04-13 11:45:00,178.46,178.54,178.3519,178.455,13869
2022-04-13 11:50:00,178.42,178.43,178.0084,178.12,33699
2022-04-13 11:55:00,178.08,178.12,177.795,178.02,11813
2022-04-13 12:00:00,178.01,178.365,177.97,178.365,12093
2022-04-13 12:05:00,178.39,178.46,178.33,178.36,12648
2022-04-13 12:10:00,178.33,178.35,178.13,178.155,14452
2022-04-13 12:15:00,178.12,178.46,178.09,178.39,8624
2022-04-13 12:20:00,178.34,178.535,178.34,178.535,12227
2022-04-13 12:25:00,178.59,178.63,178.22,178.285,14514
2022-04-13 12:30:00,178.31,178.62,178.28,178.59,20808
2022-04-13 12:35:00,178.62,178.62,178.3995,178.455,15552
2022-04-13 12:40:00,178.48,179.06,178.48,179.04,34478
2022-04-13 12:45:00,179.03,179.18,178.99,179.08,16971
2022-04-13 12:50:00,179.095,179.2,178.9705,178.99,9761
2022-04-13 12:55:00,179.01,179.06,178.82,178.86,8586
2022-04-13 13:00:00,178.85,179.0002,178.78,178.95,10211
2022-04-13 13:05:00,178.91,178.9688,178.775,178.93,8217
2022-04-13 13:10:00,178.93,179.05,178.89,179.01,9354
2022-04-13 13:15:00,178.98,179.13,178.94,179.07,7483
2022-04-13 13:20:00,179.075,179.195,179.0,179.03,12622
2022-04-13 13:25:00,179.01,179.0225,178.8,178.93,8813
2022-04-13 13:30:00,178.99,179.005,178.725,178.73,6586
2022-04-13 13:35:00,178.765,178.765,178.56,178.635,8792
2022-04-13 13:40:00,178.635,178.77,178.57,178.765,9872
2022-04-13 13:45:00,178.8,179.04,178.759,179.04,9270
2022-04-13 13:50:00,179.035,179.0524,178.84,178.89,8538
2022-04-13 13:55:00,178.875,179.07,178.865,179.0,7765
2022-04-13 14:00:00,178.9937,179.11,178.92,179.06,12817
2022-04-13 14:05:00,179.105,179.34,179.105,179.21,9680
2022-04-13 14:10:00,179.215,179.215,178.95,179.1,12792
2022-04-13 14:15:00,179.105,179.14,178.96,179.13,8495
2022-04-13 14:20:00,179.1102,179.25,178.97,179.065,16217
2022-04-13 14:25:00,179.12,179.12,178.87,179.06,13068
2022-04-13 14:30:00,179.12,179.25,179.095,179.2103,8185
2022-04-13 14:35:00,179.18,179.25,179.13,179.15,8205
2022-04-13 14:40:00,179.12,179.25,179.08,179.22,9603
2022-04-13 14:45:00,179.25,179.29,179.18,179.27,17178
2022-04-13 14:50:00,179.29,179.32,179.165,179.165,18887
2022-04-13 14:55:00,179.1605,179.34,179.13,179.21,18058
2022-04-13 15:00:00,179.21,179.24,178.92,179.12,14609
2022-04-13 15:05:00,179.13,179.565,179.13,179.39,27834
2022-04-13 15:10:00,179.38,179.53,179.34,179.48,14376
2022-04-13 15:15:00,179.48,179.75,179.48,179.6901,13866
2022-04-13 15:20:00,179.72,179.88,179.61,179.77,22860
2022-04-13 15:25:00,179.805,179.86,179.64,179.72,13943
2022-04-13 15:30:00,179.71,179.73,179.5,179.535,29788
2022-04-13 15:35:00,179.55,179.675,179.35,179.67,25908
2022-04-13 15:40:00,179.65,179.83,179.585,179.775,49861
2022-04-13 15:45:00,179.78,180.01,179.78,179.97,36816
2022-04-13 15:50:00,179.99,180.02,179.62,179.65,60935
2022-04-13 15:55:00,179.67,179.71,179.4,179.64,136942
2022-04-13 16:00:00,179.59,179.59,179.59,179.59,313510
2022-04-13 16:45:00,179.59,179.59,179.59,179.59,948
2022-04-13 17:30:00,179.72,179.72,179.72,179.72,100
2022-04-13 18:00:00,179.89,179.89,179.89,179.89,400
2022-04-13 18:50:00,179.49,179.49,179.49,179.49,115
2022-04-14 07:50:00,180.0,180.0,180.0,180.0,300
2022-04-14 08:10:00,180.0,180.0,180.0,180.0,100
2022-04-14 08:15:00,179.0,179.0,179.0,179.0,100
2022-04-14 08:35:00,180.67,180.67,180.67,180.67,155
2022-04-14 08:45:00,180.02,181.0,179.97,181.0,832
2022-04-14 08:50:00,180.12,180.12,180.12,180.12,100
2022-04-14 09:00:00,179.78,179.78,179.75,179.75,398
2022-04-14 09:30:00,179.27,180.64,178.68,180.28,122559
2022-04-14 09:35:00,180.37,181.13,180.16,180.4179,167644
2022-04-14 09:40:00,180.415,180.57,179.45,179.48,56244
2022-04-14 09:45:00,179.6,180.77,179.48,180.28,65112
2022-04-14 09:50:00,180.31,180.96,180.0601,180.95,63933
2022-04-14 09:55:00,180.96,181.705,180.67,181.61,32714
2022-04-14 10:00:00,181.6325,182.47,181.43,182.24,31181
2022-04-14 10:05:00,182.18,182.24,180.975,181.265,30177
2022-04-14 10:10:00,181.23,181.51,181.0,181.11,27296
2022-04-14 10:15:00,181.01,181.405,180.6501,181.2,24763
2022-04-14 10:20:00,181.215,181.75,181.13,181.67,13014
2022-04-14 10:25:00,181.6,181.64,181.21,181.26,18121
2022-04-14 10:30:00,181.24,181.66,181.13,181.54,11921
2022-04-14 10:35:00,181.475,181.61,181.13,181.35,11162
2022-04-14 10:40:00,181.2364,181.31,180.95,181.2,21096
2022-04-14 10:45:00,181.14,181.49,181.06,181.11,7373
2022-04-14 10:50:00,181.02,181.13,180.82,180.975,14526
2022-04-14 10:55:00,180.98,181.26,180.97,180.97,11653
2022-04-14 11:00:00,180.9693,181.39,180.86,181.325,15399
2022-04-14 11:05:00,181.27,181.665,181.27,181.665,7227
2022-04-14 11:10:00,181.69,181.7,181.34,181.64,7382
2022-04-14 11:15:00,181.59,181.85,181.5,181.59,10398
2022-04-14 11:20:00,181.64,182.17,181.64,182.17,10761
2022-04-14 11:25:00,182.14,182.45,182.14,182.2802,11213
2022-04-14 11:30:00,182.29,182.385,182.19,182.29,7443
2022-04-14 11:35:00,182.29,182.38,182.01,182.065,14633
2022-04-14 11:40:00,182.06,182.09,181.54,181.615,8527
2022-04-14 11:45:00,181.59,181.63,181.4131,181.6198,6878
2022-04-14 11:50:00,181.62,181.67,181.53,181.64,5523
2022-04-14 11:55:00,181.66,181.805,181.66,181.78,3398
2022-04-14 12:00:00,181.73,181.87,181.64,181.655,7091
2022-04-14 12:05:00,181.61,181.915,181.61,181.89,8262
2022-04-14 12:10:00,181.86,181.91,181.73,181.73,9227
2022-04-14 12:15:00,181.71,181.8655,181.585,181.79,19055
2022-04-14 12:20:00,181.815,181.83,181.33,181.33,17125
2022-04-14 12:25:00,181.37,181.42,181.26,181.35,15452
2022-04-14 12:30:00,181.345,181.36,181.12,181.33,13629
2022-04-14 12:35:00,181.3696,181.43,181.26,181.3,6854
2022-04-14 12:40:00,181.27,181.285,180.87,181.02,12871
2022-04-14 12:45:00,181.0,181.01,180.45,180.7532,29295
2022-04-14 12:50:00,180.72,180.79,180.6001,180.79,5062
2022-04-14 12:55:00,180.81,180.95,180.775,180.9424,6035
2022-04-14 13:00:00,180.97,181.12,180.8553,180.98,7044
2022-04-14 13:05:00,181.01,181.035,180.93,180.93,14381
2022-04-14 13:10:00,180.96,181.025,180.83,180.87,5219
2022-04-14 13:15:00,180.85,180.925,180.7101,180.74,7858
2022-04-14 13:20:00,180.76,180.9525,180.72,180.9,5927
2022-04-14 13:25:00,180.92,181.29,180.92,181.29,7920
2022-04-14 13:30:00,181.31,181.54,181.21,181.5,13964
2022-04-14 13:35:00,181.605,181.635,181.28,181.33,6875
2022-04-14 13:40:00,181.36,181.58,181.2,181.58,6091
2022-04-14 13:45:00,181.56,181.86,181.56,181.82,6256
2022-04-14 13:50:00,181.81,182.01,181.79,181.855,15773
2022-04-14 13:55:00,181.81,182.12,181.81,182.1,14523
2022-04-14 14:00:00,182.15,182.37,182.08,182.27,13321
2022-04-14 14:05:00,182.27,182.28,182.08,182.1,8252
2022-04-14 14:10:00,182.16,182.2419,182.11,182.19,4358
2022-04-14 14:15:00,182.21,182.29,182.08,182.08,6986
2022-04-14 14:20:00,182.05,182.07,181.85,181.88,4597
2022-04-14 14:25:00,181.89,182.12,181.8,182.12,4882
2022-04-14 14:30:00,182.15,182.18,181.85,181.92,8425
2022-04-14 14:35:00,181.92,181.97,181.86,181.92,6166
2022-04-14 14:40:00,181.905,181.93,181.74,181.89,7601
2022-04-14 14:45:00,181.92,182.03,181.85,182.02,9546
2022-04-14 14:50:00,182.03,182.08,181.5567,181.64,10015
2022-04-14 14:55:00,181.62,181.62,181.35,181.39,11489
2022-04-14 15:00:00,181.41,181.64,181.27,181.62,9727
2022-04-14 15:05:00,181.6,181.66,181.4,181.4,11421
2022-04-14 15:10:00,181.38,181.43,181.22,181.41,30456
2022-04-14 15:15:00,181.43,181.8734,181.43,181.825,8636
2022-04-14 15:20:00,181.83,181.9,181.66,181.71,9066
2022-04-14 15:25:00,181.64,181.76,181.49,181.7,8974
2022-04-14 15:30:00,181.65,181.665,181.295,181.34,13673
2022-04-14 15:35:00,181.325,181.51,181.325,181.38,16339
2022-04-14 15:40:00,181.35,181.69,181.35,181.68,23568
2022-04-14 15:45:00,181.66,181.73,181.455,181.56,41508
2022-04-14 15:50:00,181.59,181.59,181.2,181.38,44970
2022-04-14 15:55:00,181.37,181.43,181.09,181.16,122977
2022-04-14 16:00:00,181.16,181.16,181.16,181.16,406009
2022-04-14 16:15:00,181.9,181.9,181.9,181.9,200
2022-04-14 16:45:00,181.16,181.16,181.16,181.16,5460
2022-04-14 16:50:00,181.2,181.2,181.2,181.2,500
2022-04-14 18:05:00,181.64,181.64,181.64,181.64,100
2022-04-14 18:25:00,181.7,181.7,181.7,181.7,300
2022-04-14 18:35:00,181.7,181.7,181.7,181.7,173
