2022-04-01 09:30:00,4.54,4.56,4.52,4.55,17294
2022-04-01 09:35:00,4.535,4.54,4.53,4.54,5585
2022-04-01 09:40:00,4.54,4.54,4.52,4.52,4500
2022-04-01 09:45:00,4.51,4.51,4.48,4.49,30687
2022-04-01 09:50:00,4.49,4.49,4.47,4.475,6420
2022-04-01 09:55:00,4.47,4.4919,4.47,4.4919,1626
2022-04-01 10:00:00,4.49,4.49,4.48,4.49,6957
2022-04-01 10:05:00,4.49,4.49,4.46,4.48,11748
2022-04-01 10:10:00,4.49,4.495,4.4885,4.49,6546
2022-04-01 10:15:00,4.49,4.495,4.48,4.48,12922
2022-04-01 10:20:00,4.48,4.48,4.4638,4.465,7762
2022-04-01 10:25:00,4.465,4.485,4.465,4.48,13899
2022-04-01 10:30:00,4.48,4.505,4.48,4.505,8543
2022-04-01 10:35:00,4.505,4.505,4.49,4.495,2400
2022-04-01 10:40:00,4.495,4.4999,4.485,4.49,5328
2022-04-01 10:45:00,4.49,4.495,4.48,4.48,2500
2022-04-01 10:50:00,4.485,4.485,4.47,4.485,11813
2022-04-01 10:55:00,4.485,4.5,4.48,4.48,3502
2022-04-01 11:00:00,4.48,4.49,4.47,4.48,4311
2022-04-01 11:05:00,4.48,4.5,4.475,4.5,8795
2022-04-01 11:10:00,4.505,4.51,4.5,4.505,2600
2022-04-01 11:15:00,4.5,4.505,4.495,4.495,5111
2022-04-01 11:20:00,4.495,4.51,4.495,4.505,8718
2022-04-01 11:25:00,4.51,4.51,4.495,4.495,5278
2022-04-01 11:30:00,4.5,4.505,4.49,4.505,11149
2022-04-01 11:35:00,4.5,4.505,4.49,4.5,2855
2022-04-01 11:40:00,4.495,4.495,4.485,4.485,2743
2022-04-01 11:45:00,4.485,4.485,4.48,4.48,900
2022-04-01 11:50:00,4.485,4.5,4.48,4.499,6804
2022-04-01 11:55:00,4.495,4.5,4.49,4.495,3719
2022-04-01 12:00:00,4.495,4.5,4.495,4.495,1500
2022-04-01 12:05:00,4.495,4.5,4.49,4.495,5732
2022-04-01 12:10:00,4.495,4.495,4.49,4.49,1100
2022-04-01 12:15:00,4.495,4.495,4.49,4.495,2600
2022-04-01 12:20:00,4.495,4.505,4.495,4.505,2534
2022-04-01 12:25:00,4.505,4.51,4.505,4.505,900
2022-04-01 12:30:00,4.505,4.505,4.495,4.5,14006
2022-04-01 12:35:00,4.5,4.505,4.5,4.505,800
2022-04-01 12:40:00,4.5,4.515,4.5,4.515,4731
2022-04-01 12:45:00,4.51,4.51,4.5,4.505,4865
2022-04-01 12:50:00,4.505,4.51,4.505,4.505,700
2022-04-01 12:55:00,4.505,4.51,4.5,4.505,2200
2022-04-01 13:00:00,4.505,4.505,4.495,4.495,6813
2022-04-01 13:05:00,4.495,4.495,4.495,4.495,400
2022-04-01 13:10:00,4.495,4.5,4.49,4.495,2900
2022-04-01 13:15:00,4.495,4.495,4.495,4.495,600
2022-04-01 13:20:00,4.4943,4.497,4.49,4.495,5684
2022-04-01 13:25:00,4.495,4.51,4.49,4.5,15130
2022-04-01 13:30:00,4.5,4.5,4.495,4.495,5810
2022-04-01 13:35:00,4.495,4.509,4.495,4.5,9099
2022-04-01 13:40:00,4.505,4.515,4.505,4.515,3401
2022-04-01 13:45:00,4.51,4.51,4.495,4.495,9593
2022-04-01 13:50:00,4.495,4.495,4.49,4.495,1400
2022-04-01 13:55:00,4.495,4.505,4.4935,4.4935,10195
2022-04-01 14:00:00,4.495,4.5,4.495,4.495,1100
2022-04-01 14:05:00,4.495,4.51,4.495,4.5,5724
2022-04-01 14:10:00,4.5,4.5181,4.5,4.515,11600
2022-04-01 14:15:00,4.515,4.53,4.515,4.525,12613
2022-04-01 14:20:00,4.525,4.53,4.52,4.52,3750
2022-04-01 14:25:00,4.53,4.54,4.52,4.53,12179
2022-04-01 14:30:00,4.53,4.54,4.53,4.53,6000
2022-04-01 14:35:00,4.535,4.54,4.53,4.535,3600
2022-04-01 14:40:00,4.535,4.55,4.535,4.545,7648
2022-04-01 14:45:00,4.545,4.545,4.525,4.525,12817
2022-04-01 14:50:00,4.525,4.54,4.52,4.53,14623
2022-04-01 14:55:00,4.525,4.53,4.525,4.525,5400
2022-04-01 15:00:00,4.53,4.54,4.525,4.54,7763
2022-04-01 15:05:00,4.535,4.54,4.52,4.535,29432
2022-04-01 15:10:00,4.54,4.54,4.53,4.54,4894
2022-04-01 15:15:00,4.535,4.54,4.52,4.525,14503
2022-04-01 15:20:00,4.52,4.525,4.515,4.515,11855
2022-04-01 15:25:00,4.52,4.54,4.515,4.535,12651
2022-04-01 15:30:00,4.54,4.54,4.535,4.535,7781
2022-04-01 15:35:00,4.539,4.54,4.53,4.535,9065
2022-04-01 15:40:00,4.535,4.54,4.5,4.51,28621
2022-04-01 15:45:00,4.505,4.5299,4.5,4.525,39634
2022-04-01 15:50:00,4.52,4.53,4.52,4.525,35773
2022-04-01 15:55:00,4.525,4.56,4.525,4.56,111593
2022-04-01 16:00:00,4.56,4.56,4.56,4.56,480034
2022-04-01 16:35:00,4.7275,4.7275,4.7275,4.7275,200
2022-04-04 09:30:00,4.54,4.56,4.51,4.555,15556
2022-04-04 09:35:00,4.565,4.575,4.555,4.56,5559
2022-04-04 09:40:00,4.555,4.555,4.53,4.545,6584
2022-04-04 09:45:00,4.54,4.57,4.53,4.57,8833
2022-04-04 09:50:00,4.58,4.585,4.565,4.58,11795
2022-04-04 09:55:00,4.59,4.6,4.585,4.595,13825
2022-04-04 10:00:00,4.595,4.595,4.575,4.575,6100
2022-04-04 10:05:00,4.575,4.575,4.565,4.565,7405
2022-04-04 10:10:00,4.56,4.565,4.545,4.565,24004
2022-04-04 10:15:00,4.565,4.57,4.56,4.565,9500
2022-04-04 10:20:00,4.57,4.59,4.565,4.59,18628
2022-04-04 10:25:00,4.585,4.5996,4.585,4.59,9471
2022-04-04 10:30:00,4.59,4.6,4.585,4.59,8703
2022-04-04 10:35:00,4.585,4.585,4.58,4.58,2334
2022-04-04 10:40:00,4.58,4.58,4.575,4.58,2104
2022-04-04 10:45:00,4.58,4.595,4.58,4.59,8774
2022-04-04 10:50:00,4.59,4.59,4.575,4.59,4888
2022-04-04 10:55:00,4.59,4.6,4.5822,4.595,3800
2022-04-04 11:00:00,4.59,4.59,4.585,4.59,3711
2022-04-04 11:05:00,4.5893,4.59,4.58,4.58,8594
2022-04-04 11:10:00,4.575,4.575,4.56,4.56,2614
2022-04-04 11:15:00,4.56,4.565,4.55,4.565,4510
2022-04-04 11:20:00,4.565,4.57,4.565,4.57,1300
2022-04-04 11:25:00,4.575,4.59,4.57,4.58,10748
2022-04-04 11:30:00,4.58,4.58,4.575,4.58,4656
2022-04-04 11:35:00,4.575,4.59,4.57,4.59,5735
2022-04-04 11:40:00,4.59,4.59,4.585,4.585,600
2022-04-04 11:45:00,4.59,4.595,4.59,4.595,9889
2022-04-04 11:50:00,4.595,4.6,4.59,4.6,700
2022-04-04 11:55:00,4.595,4.6,4.595,4.595,4600
2022-04-04 12:00:00,4.59,4.5904,4.585,4.585,3642
2022-04-04 12:05:00,4.585,4.59,4.585,4.59,1600
2022-04-04 12:10:00,4.585,4.585,4.585,4.585,700
2022-04-04 12:15:00,4.585,4.585,4.58,4.585,800
2022-04-04 12:20:00,4.58,4.585,4.58,4.58,806
2022-04-04 12:25:00,4.58,4.58,4.575,4.58,3100
2022-04-04 12:30:00,4.57,4.575,4.57,4.575,700
2022-04-04 12:35:00,4.575,4.61,4.57,4.605,23766
2022-04-04 12:40:00,4.605,4.61,4.6,4.6,4813
2022-04-04 12:45:00,4.605,4.61,4.6,4.605,9712
2022-04-04 12:50:00,4.605,4.61,4.605,4.61,4512
2022-04-04 12:55:00,4.61,4.61,4.605,4.61,2954
2022-04-04 13:00:00,4.605,4.61,4.605,4.61,1579
2022-04-04 13:05:00,4.605,4.61,4.6,4.61,1450
2022-04-04 13:10:00,4.61,4.61,4.605,4.605,2900
2022-04-04 13:15:00,4.605,4.605,4.6,4.605,1447
2022-04-04 13:20:00,4.61,4.61,4.605,4.605,1200
2022-04-04 13:25:00,4.605,4.605,4.595,4.595,5852
2022-04-04 13:30:00,4.595,4.6,4.59,4.5904,2096
2022-04-04 13:35:00,4.595,4.595,4.57,4.57,8523
2022-04-04 13:40:00,4.57,4.577,4.57,4.57,2600
2022-04-04 13:45:00,4.57,4.575,4.57,4.57,1300
2022-04-04 13:50:00,4.575,4.575,4.565,4.575,7306
2022-04-04 13:55:00,4.575,4.575,4.57,4.575,1100
2022-04-04 14:00:00,4.575,4.58,4.575,4.575,800
2022-04-04 14:05:00,4.58,4.58,4.5624,4.565,6649
2022-04-04 14:10:00,4.565,4.57,4.565,4.565,1200
2022-04-04 14:15:00,4.565,4.575,4.565,4.575,5244
2022-04-04 14:20:00,4.575,4.58,4.575,4.58,1500
2022-04-04 14:25:00,4.575,4.6,4.575,4.6,7058
2022-04-04 14:30:00,4.6,4.6,4.59,4.6,3100
2022-04-04 14:35:00,4.595,4.6,4.59,4.595,1600
2022-04-04 14:40:00,4.595,4.605,4.595,4.595,5643
2022-04-04 14:45:00,4.6,4.605,4.595,4.6,6054
2022-04-04 14:50:00,4.595,4.6,4.59,4.595,1500
2022-04-04 14:55:00,4.595,4.6,4.59,4.59,4900
2022-04-04 15:00:00,4.6,4.6,4.59,4.59,8672
2022-04-04 15:05:00,4.59,4.6,4.59,4.59,6508
2022-04-04 15:10:00,4.59,4.6,4.59,4.59,5070
2022-04-04 15:15:00,4.595,4.6,4.59,4.595,6639
2022-04-04 15:20:00,4.6,4.61,4.59,4.605,15943
2022-04-04 15:25:00,4.6057,4.61,4.6,4.6,8451
2022-04-04 15:30:00,4.605,4.61,4.6,4.605,6900
2022-04-04 15:35:00,4.61,4.61,4.58,4.58,19632
2022-04-04 15:40:00,4.58,4.59,4.58,4.58,8990
2022-04-04 15:45:00,4.59,4.59,4.58,4.585,19686
2022-04-04 15:50:00,4.585,4.59,4.57,4.575,52123
2022-04-04 15:55:00,4.57,4.58,4.56,4.58,137945
2022-04-04 16:00:00,4.57,4.57,4.57,4.57,108414
2022-04-05 09:30:00,4.56,4.575,4.54,4.555,6546
2022-04-05 09:35:00,4.56,4.58,4.55,4.56,5979
2022-04-05 09:40:00,4.55,4.56,4.54,4.55,6032
2022-04-05 09:45:00,4.54,4.55,4.525,4.525,3271
2022-04-05 09:50:00,4.52,4.52,4.5,4.5,7579
2022-04-05 09:55:00,4.5,4.51,4.49,4.5,28203
2022-04-05 10:00:00,4.5,4.515,4.5,4.5,4064
2022-04-05 10:05:00,4.5,4.5,4.45,4.45,23285
2022-04-05 10:10:00,4.455,4.455,4.435,4.44,18400
2022-04-05 10:15:00,4.45,4.45,4.425,4.425,20759
2022-04-05 10:20:00,4.42,4.425,4.405,4.405,4815
2022-04-05 10:25:00,4.405,4.43,4.405,4.425,15614
2022-04-05 10:30:00,4.425,4.44,4.425,4.435,2423
2022-04-05 10:35:00,4.43,4.44,4.425,4.44,14067
2022-04-05 10:40:00,4.435,4.44,4.43,4.43,1800
2022-04-05 10:45:00,4.43,4.445,4.425,4.435,16796
2022-04-05 10:50:00,4.435,4.44,4.425,4.435,10100
2022-04-05 10:55:00,4.43,4.43,4.425,4.425,1929
2022-04-05 11:00:00,4.425,4.43,4.41,4.41,3000
2022-04-05 11:05:00,4.41,4.415,4.41,4.415,9511
2022-04-05 11:10:00,4.41,4.425,4.405,4.425,9657
2022-04-05 11:15:00,4.4258,4.43,4.41,4.41,5010
2022-04-05 11:20:00,4.41,4.415,4.4,4.4,15504
2022-04-05 11:25:00,4.4,4.425,4.395,4.425,22474
2022-04-05 11:30:00,4.425,4.45,4.42,4.45,14165
2022-04-05 11:35:00,4.455,4.455,4.435,4.435,4577
2022-04-05 11:40:00,4.43,4.44,4.425,4.435,5078
2022-04-05 11:45:00,4.435,4.435,4.43,4.435,2220
2022-04-05 11:50:00,4.435,4.44,4.43,4.43,1000
2022-04-05 11:55:00,4.43,4.435,4.43,4.435,1300
2022-04-05 12:00:00,4.435,4.445,4.43,4.43,11165
2022-04-05 12:05:00,4.435,4.44,4.42,4.425,4908
2022-04-05 12:10:00,4.42,4.42,4.405,4.405,3140
2022-04-05 12:15:00,4.405,4.41,4.395,4.4,5226
2022-04-05 12:20:00,4.4,4.405,4.4,4.4,4398
2022-04-05 12:25:00,4.405,4.415,4.405,4.405,5782
2022-04-05 12:30:00,4.405,4.41,4.4,4.405,6400
2022-04-05 12:35:00,4.4,4.405,4.4,4.405,2090
2022-04-05 12:40:00,4.405,4.41,4.4,4.405,1400
2022-04-05 12:45:00,4.4,4.415,4.4,4.415,5901
2022-04-05 12:50:00,4.415,4.415,4.415,4.415,1100
2022-04-05 12:55:00,4.415,4.415,4.415,4.415,1000
2022-04-05 13:00:00,4.415,4.435,4.415,4.435,2622
2022-04-05 13:05:00,4.43,4.445,4.425,4.445,18750
2022-04-05 13:10:00,4.44,4.445,4.44,4.445,2000
2022-04-05 13:15:00,4.44,4.45,4.44,4.445,2000
2022-04-05 13:20:00,4.445,4.45,4.445,4.45,4242
2022-04-05 13:25:00,4.45,4.47,4.445,4.45,30803
2022-04-05 13:30:00,4.45,4.45,4.43,4.43,6300
2022-04-05 13:35:00,4.43,4.435,4.43,4.43,2100
2022-04-05 13:40:00,4.43,4.43,4.425,4.425,3239
2022-04-05 13:45:00,4.425,4.425,4.41,4.41,3500
2022-04-05 13:50:00,4.41,4.41,4.395,4.4,14834
2022-04-05 13:55:00,4.4,4.4065,4.4,4.4,1100
2022-04-05 14:00:00,4.405,4.405,4.39,4.39,5600
2022-04-05 14:05:00,4.395,4.395,4.39,4.39,1230
2022-04-05 14:10:00,4.395,4.4,4.39,4.395,3511
2022-04-05 14:15:00,4.39,4.405,4.39,4.395,13930
2022-04-05 14:20:00,4.4,4.4,4.38,4.38,11235
2022-04-05 14:25:00,4.38,4.39,4.38,4.39,3763
2022-04-05 14:30:00,4.385,4.385,4.37,4.37,4600
2022-04-05 14:35:00,4.37,4.385,4.37,4.38,11327
2022-04-05 14:40:00,4.385,4.4,4.38,4.395,13510
2022-04-05 14:45:00,4.4,4.4,4.39,4.395,2980
2022-04-05 14:50:00,4.395,4.395,4.38,4.38,8886
2022-04-05 14:55:00,4.38,4.385,4.38,4.38,2924
2022-04-05 15:00:00,4.385,4.39,4.365,4.365,14389
2022-04-05 15:05:00,4.365,4.365,4.35,4.35,5011
2022-04-05 15:10:00,4.355,4.355,4.335,4.34,28903
2022-04-05 15:15:00,4.3489,4.365,4.34,4.355,38940
2022-04-05 15:20:00,4.355,4.365,4.355,4.365,7894
2022-04-05 15:25:00,4.365,4.37,4.36,4.365,8110
2022-04-05 15:30:00,4.36,4.37,4.36,4.365,10100
2022-04-05 15:35:00,4.365,4.37,4.36,4.365,9347
2022-04-05 15:40:00,4.36,4.38,4.36,4.378,18857
2022-04-05 15:45:00,4.375,4.38,4.35,4.35,28908
2022-04-05 15:50:00,4.355,4.3799,4.355,4.3768,37175
2022-04-05 15:55:00,4.375,4.4,4.37,4.37,152534
2022-04-05 16:00:00,4.37,4.37,4.37,4.37,119115
2022-04-05 16:05:00,4.3,4.3,4.3,4.3,142
2022-04-05 17:40:00,4.37,4.37,4.37,4.37,1000
2022-04-05 18:05:00,4.37,4.37,4.37,4.37,2000
2022-04-06 09:20:00,4.44,4.44,4.44,4.44,1000
2022-04-06 09:30:00,4.3,4.34,4.3,4.31,11066
2022-04-06 09:35:00,4.31,4.32,4.305,4.32,9236
2022-04-06 09:40:00,4.32,4.325,4.28,4.28,45003
2022-04-06 09:45:00,4.28,4.3,4.26,4.265,30876
2022-04-06 09:50:00,4.265,4.275,4.255,4.255,14227
2022-04-06 09:55:00,4.25,4.25,4.23,4.23,15556
2022-04-06 10:00:00,4.23,4.23,4.21,4.23,33065
2022-04-06 10:05:00,4.225,4.225,4.195,4.195,10457
2022-04-06 10:10:00,4.195,4.2057,4.18,4.195,26733
2022-04-06 10:15:00,4.195,4.2081,4.19,4.2,17641
2022-04-06 10:20:00,4.2,4.24,4.195,4.24,8079
2022-04-06 10:25:00,4.24,4.245,4.23,4.245,4852
2022-04-06 10:30:00,4.25,4.265,4.25,4.265,3500
2022-04-06 10:35:00,4.27,4.285,4.27,4.285,2812
2022-04-06 10:40:00,4.285,4.3,4.285,4.3,2692
2022-04-06 10:45:00,4.2992,4.305,4.295,4.295,4889
2022-04-06 10:50:00,4.295,4.3,4.28,4.295,9369
2022-04-06 10:55:00,4.3,4.305,4.285,4.285,4475
2022-04-06 11:00:00,4.285,4.295,4.285,4.285,1848
2022-04-06 11:05:00,4.2893,4.29,4.28,4.28,4343
2022-04-06 11:10:00,4.28,4.285,4.26,4.275,9943
2022-04-06 11:15:00,4.275,4.285,4.275,4.28,4278
2022-04-06 11:20:00,4.28,4.29,4.28,4.28,4831
2022-04-06 11:25:00,4.285,4.2854,4.26,4.26,3930
2022-04-06 11:30:00,4.265,4.27,4.26,4.27,1542
2022-04-06 11:35:00,4.26,4.265,4.25,4.255,4675
2022-04-06 11:40:00,4.26,4.265,4.255,4.255,4539
2022-04-06 11:45:00,4.26,4.26,4.25,4.26,7842
2022-04-06 11:50:00,4.26,4.265,4.25,4.255,9574
2022-04-06 11:55:00,4.26,4.2652,4.26,4.265,4462
2022-04-06 12:00:00,4.26,4.26,4.255,4.255,2581
2022-04-06 12:05:00,4.25,4.255,4.245,4.245,1200
2022-04-06 12:10:00,4.2454,4.25,4.24,4.245,3983
2022-04-06 12:15:00,4.24,4.245,4.23,4.23,2017
2022-04-06 12:20:00,4.23,4.235,4.225,4.235,10463
2022-04-06 12:25:00,4.235,4.235,4.23,4.235,2105
2022-04-06 12:30:00,4.23,4.235,4.225,4.235,4185
2022-04-06 12:35:00,4.235,4.235,4.23,4.235,3400
2022-04-06 12:40:00,4.235,4.235,4.235,4.235,500
2022-04-06 12:45:00,4.235,4.235,4.22,4.23,2823
2022-04-06 12:50:00,4.23,4.235,4.225,4.235,6110
2022-04-06 12:55:00,4.235,4.235,4.235,4.235,100
2022-04-06 13:00:00,4.2329,4.235,4.2329,4.235,1400
2022-04-06 13:05:00,4.235,4.235,4.225,4.225,4936
2022-04-06 13:10:00,4.225,4.225,4.22,4.225,700
2022-04-06 13:15:00,4.23,4.2336,4.225,4.2336,4492
2022-04-06 13:20:00,4.24,4.24,4.235,4.24,2300
2022-04-06 13:25:00,4.25,4.25,4.24,4.24,2877
2022-04-06 13:30:00,4.24,4.25,4.24,4.247,3604
2022-04-06 13:35:00,4.24,4.24,4.235,4.24,2569
2022-04-06 13:40:00,4.24,4.255,4.24,4.255,5870
2022-04-06 13:45:00,4.255,4.255,4.25,4.25,3541
2022-04-06 13:50:00,4.25,4.265,4.25,4.26,12355
2022-04-06 13:55:00,4.26,4.26,4.24,4.24,4123
2022-04-06 14:00:00,4.23,4.265,4.23,4.25,17861
2022-04-06 14:05:00,4.25,4.25,4.225,4.225,6262
2022-04-06 14:10:00,4.225,4.23,4.22,4.225,3654
2022-04-06 14:15:00,4.225,4.225,4.21,4.215,4260
2022-04-06 14:20:00,4.22,4.23,4.2126,4.22,9964
2022-04-06 14:25:00,4.22,4.23,4.215,4.22,4607
2022-04-06 14:30:00,4.22,4.24,4.215,4.24,5569
2022-04-06 14:35:00,4.235,4.255,4.23,4.245,32630
2022-04-06 14:40:00,4.25,4.305,4.245,4.305,64846
2022-04-06 14:45:00,4.3,4.3,4.28,4.28,19211
2022-04-06 14:50:00,4.285,4.285,4.275,4.285,9782
2022-04-06 14:55:00,4.29,4.305,4.29,4.305,9292
2022-04-06 15:00:00,4.31,4.32,4.305,4.32,15752
2022-04-06 15:05:00,4.32,4.32,4.285,4.285,10045
2022-04-06 15:10:00,4.29,4.29,4.28,4.29,1938
2022-04-06 15:15:00,4.29,4.3,4.275,4.275,15420
2022-04-06 15:20:00,4.275,4.275,4.27,4.275,11933
2022-04-06 15:25:00,4.275,4.275,4.265,4.27,3795
2022-04-06 15:30:00,4.26,4.27,4.25,4.255,18465
2022-04-06 15:35:00,4.26,4.27,4.25,4.26,9071
2022-04-06 15:40:00,4.26,4.28,4.26,4.2768,25443
2022-04-06 15:45:00,4.275,4.29,4.275,4.285,12976
2022-04-06 15:50:00,4.285,4.29,4.25,4.2567,34373
2022-04-06 15:55:00,4.255,4.27,4.25,4.26,51806
2022-04-06 16:00:00,4.26,4.26,4.26,4.26,191178
2022-04-06 18:30:00,4.11,4.24,4.11,4.24,600
2022-04-06 18:35:00,4.26,4.28,4.26,4.28,200
2022-04-07 09:30:00,4.2,4.27,4.2,4.26,19538
2022-04-07 09:35:00,4.235,4.28,4.235,4.26,7359
2022-04-07 09:40:00,4.25,4.25,4.23,4.23,2953
2022-04-07 09:45:00,4.22,4.23,4.21,4.21,4802
2022-04-07 09:50:00,4.205,4.21,4.205,4.21,1120
2022-04-07 09:55:00,4.21,4.22,4.2,4.22,13347
2022-04-07 10:00:00,4.21,4.22,4.2,4.2,4416
2022-04-07 10:05:00,4.21,4.21,4.19,4.205,6894
2022-04-07 10:10:00,4.2,4.22,4.2,4.21,5052
2022-04-07 10:15:00,4.21,4.21,4.17,4.17,28454
2022-04-07 10:20:00,4.175,4.18,4.165,4.165,2458
2022-04-07 10:25:00,4.165,4.17,4.16,4.17,9350
2022-04-07 10:30:00,4.175,4.18,4.175,4.175,1200
2022-04-07 10:35:00,4.175,4.19,4.165,4.165,8258
2022-04-07 10:40:00,4.16,4.16,4.13,4.14,28039
2022-04-07 10:45:00,4.14,4.145,4.14,4.14,1200
2022-04-07 10:50:00,4.14,4.155,4.14,4.155,6533
2022-04-07 10:55:00,4.16,4.165,4.15,4.155,10704
2022-04-07 11:00:00,4.16,4.195,4.16,4.19,18575
2022-04-07 11:05:00,4.19,4.19,4.18,4.18,2300
2022-04-07 11:10:00,4.175,4.175,4.165,4.17,4239
2022-04-07 11:15:00,4.16,4.16,4.16,4.16,1500
2022-04-07 11:20:00,4.165,4.175,4.16,4.175,5898
2022-04-07 11:25:00,4.17,4.175,4.16,4.16,4562
2022-04-07 11:30:00,4.16,4.16,4.145,4.15,2310
2022-04-07 11:35:00,4.15,4.17,4.15,4.16,4203
2022-04-07 11:40:00,4.165,4.17,4.145,4.145,6801
2022-04-07 11:45:00,4.145,4.1486,4.135,4.135,8602
2022-04-07 11:50:00,4.135,4.14,4.13,4.13,12748
2022-04-07 11:55:00,4.12,4.145,4.12,4.145,5619
2022-04-07 12:00:00,4.14,4.145,4.14,4.14,1700
2022-04-07 12:05:00,4.1399,4.1399,4.13,4.13,200
2022-04-07 12:10:00,4.14,4.1499,4.14,4.1499,3581
2022-04-07 12:15:00,4.1499,4.15,4.14,4.145,4600
2022-04-07 12:20:00,4.145,4.15,4.14,4.15,2200
2022-04-07 12:25:00,4.145,4.145,4.135,4.135,5237
2022-04-07 12:30:00,4.135,4.135,4.13,4.13,300
2022-04-07 12:35:00,4.135,4.14,4.13,4.13,5318
2022-04-07 12:40:00,4.12,4.13,4.12,4.125,2417
2022-04-07 12:45:00,4.12,4.12,4.105,4.105,17694
2022-04-07 12:50:00,4.1,4.115,4.095,4.115,36830
2022-04-07 12:55:00,4.12,4.13,4.12,4.13,8631
2022-04-07 13:00:00,4.13,4.135,4.13,4.135,2292
2022-04-07 13:05:00,4.13,4.14,4.13,4.14,3673
2022-04-07 13:10:00,4.14,4.15,4.14,4.1464,11905
2022-04-07 13:15:00,4.14,4.15,4.14,4.15,5298
2022-04-07 13:20:00,4.15,4.16,4.15,4.1517,5279
2022-04-07 13:25:00,4.16,4.18,4.15,4.17,6350
2022-04-07 13:30:00,4.17,4.18,4.16,4.16,3518
2022-04-07 13:35:00,4.17,4.17,4.155,4.155,9309
2022-04-07 13:40:00,4.16,4.16,4.155,4.155,600
2022-04-07 13:45:00,4.16,4.16,4.15,4.155,2000
2022-04-07 13:50:00,4.15,4.155,4.15,4.15,8692
2022-04-07 13:55:00,4.15,4.165,4.15,4.165,5974
2022-04-07 14:00:00,4.17,4.175,4.17,4.17,7708
2022-04-07 14:05:00,4.17,4.17,4.165,4.17,4376
2022-04-07 14:10:00,4.17,4.17,4.17,4.17,2319
2022-04-07 14:15:00,4.17,4.17,4.15,4.15,7950
2022-04-07 14:20:00,4.16,4.16,4.155,4.155,3901
2022-04-07 14:25:00,4.16,4.165,4.16,4.16,7726
2022-04-07 14:30:00,4.16,4.16,4.15,4.15,500
2022-04-07 14:35:00,4.16,4.16,4.15,4.155,15557
2022-04-07 14:40:00,4.155,4.17,4.15,4.17,5456
2022-04-07 14:45:00,4.16,4.165,4.1525,4.16,6509
2022-04-07 14:50:00,4.16,4.18,4.16,4.18,7732
2022-04-07 14:55:00,4.17,4.18,4.17,4.18,1200
2022-04-07 15:00:00,4.17,4.2,4.17,4.2,9246
2022-04-07 15:05:00,4.2,4.2,4.19,4.2,4920
2022-04-07 15:10:00,4.195,4.23,4.19,4.23,74031
2022-04-07 15:15:00,4.221,4.23,4.2,4.2,13414
2022-04-07 15:20:00,4.2,4.21,4.2,4.21,20825
2022-04-07 15:25:00,4.22,4.22,4.21,4.215,1000
2022-04-07 15:30:00,4.21,4.22,4.21,4.215,3164
2022-04-07 15:35:00,4.22,4.22,4.21,4.22,3466
2022-04-07 15:40:00,4.22,4.23,4.215,4.23,4189
2022-04-07 15:45:00,4.22,4.23,4.2,4.2066,22834
2022-04-07 15:50:00,4.2,4.21,4.19,4.2,36962
2022-04-07 15:55:00,4.2,4.22,4.2,4.22,62505
2022-04-07 16:00:00,4.21,4.22,4.21,4.22,130311
2022-04-08 09:30:00,4.18,4.18,4.16,4.16,9315
2022-04-08 09:35:00,4.15,4.165,4.14,4.14,3102
2022-04-08 09:40:00,4.14,4.155,4.13,4.145,8690
2022-04-08 09:45:00,4.14,4.155,4.14,4.15,8184
2022-04-08 09:50:00,4.14,4.15,4.14,4.14,2725
2022-04-08 09:55:00,4.13,4.14,4.13,4.14,2289
2022-04-08 10:00:00,4.135,4.14,4.125,4.135,4757
2022-04-08 10:05:00,4.14,4.16,4.14,4.16,8013
2022-04-08 10:10:00,4.155,4.155,4.14,4.14,4266
2022-04-08 10:15:00,4.14,4.14,4.135,4.14,2589
2022-04-08 10:20:00,4.145,4.16,4.145,4.16,2926
2022-04-08 10:25:00,4.17,4.175,4.17,4.175,684
2022-04-08 10:30:00,4.175,4.18,4.17,4.17,2200
2022-04-08 10:35:00,4.175,4.185,4.175,4.185,2221
2022-04-08 10:40:00,4.18,4.18,4.175,4.18,2225
2022-04-08 10:45:00,4.175,4.185,4.165,4.165,3965
2022-04-08 10:50:00,4.17,4.195,4.165,4.195,5956
2022-04-08 10:55:00,4.2,4.205,4.192,4.2,4707
2022-04-08 11:00:00,4.2,4.205,4.195,4.2,2896
2022-04-08 11:05:00,4.205,4.21,4.2,4.21,5098
2022-04-08 11:10:00,4.21,4.22,4.21,4.215,1500
2022-04-08 11:15:00,4.215,4.215,4.195,4.195,11987
2022-04-08 11:20:00,4.195,4.195,4.18,4.18,3216
2022-04-08 11:25:00,4.185,4.185,4.18,4.18,4866
2022-04-08 11:30:00,4.18,4.185,4.18,4.185,1300
2022-04-08 11:35:00,4.18,4.18,4.17,4.175,3100
2022-04-08 11:40:00,4.175,4.185,4.17,4.18,2597
2022-04-08 11:45:00,4.1801,4.19,4.18,4.19,3931
2022-04-08 11:50:00,4.2,4.2,4.2,4.2,100
2022-04-08 11:55:00,4.19,4.19,4.19,4.19,6428
2022-04-08 12:00:00,4.19,4.19,4.185,4.185,2200
2022-04-08 12:05:00,4.19,4.19,4.18,4.19,1200
2022-04-08 12:10:00,4.185,4.19,4.18,4.19,1000
2022-04-08 12:15:00,4.19,4.19,4.1822,4.185,1674
2022-04-08 12:20:00,4.185,4.19,4.18,4.18,4023
2022-04-08 12:25:00,4.185,4.185,4.185,4.185,300
2022-04-08 12:30:00,4.185,4.185,4.18,4.185,900
2022-04-08 12:35:00,4.185,4.1891,4.18,4.1804,12042
2022-04-08 12:40:00,4.185,4.195,4.185,4.195,3720
2022-04-08 12:45:00,4.19,4.21,4.19,4.205,23039
2022-04-08 12:50:00,4.205,4.205,4.2,4.2,1000
2022-04-08 12:55:00,4.2,4.205,4.2,4.2,1150
2022-04-08 13:00:00,4.205,4.205,4.195,4.1983,4159
2022-04-08 13:05:00,4.19,4.19,4.18,4.18,2100
2022-04-08 13:10:00,4.18,4.18,4.17,4.17,5292
2022-04-08 13:15:00,4.175,4.175,4.17,4.175,600
2022-04-08 13:20:00,4.175,4.175,4.175,4.175,400
2022-04-08 13:25:00,4.17,4.175,4.17,4.175,700
2022-04-08 13:30:00,4.17,4.175,4.16,4.17,14219
2022-04-08 13:35:00,4.17,4.175,4.17,4.175,1444
2022-04-08 13:40:00,4.175,4.175,4.175,4.175,700
2022-04-08 13:45:00,4.18,4.18,4.175,4.1799,1300
2022-04-08 13:50:00,4.175,4.18,4.175,4.175,2900
2022-04-08 13:55:00,4.18,4.18,4.175,4.175,810
2022-04-08 14:00:00,4.17,4.18,4.17,4.18,1950
2022-04-08 14:05:00,4.17,4.18,4.17,4.175,1200
2022-04-08 14:10:00,4.17,4.18,4.17,4.175,799
2022-04-08 14:15:00,4.175,4.18,4.17,4.175,3511
2022-04-08 14:20:00,4.175,4.19,4.175,4.185,27984
2022-04-08 14:25:00,4.185,4.185,4.17,4.18,10197
2022-04-08 14:30:00,4.175,4.185,4.17,4.185,6721
2022-04-08 14:35:00,4.185,4.2,4.185,4.195,19164
2022-04-08 14:40:00,4.2,4.2,4.18,4.18,7345
2022-04-08 14:45:00,4.185,4.2,4.185,4.195,8800
2022-04-08 14:50:00,4.2,4.2,4.195,4.2,1200
2022-04-08 14:55:00,4.195,4.2,4.19,4.195,3190
2022-04-08 15:00:00,4.195,4.195,4.185,4.185,7141
2022-04-08 15:05:00,4.19,4.2,4.185,4.195,15310
2022-04-08 15:10:00,4.19,4.21,4.19,4.21,6736
2022-04-08 15:15:00,4.2,4.21,4.195,4.195,5886
2022-04-08 15:20:00,4.195,4.2,4.18,4.18,7635
2022-04-08 15:25:00,4.185,4.19,4.18,4.19,4011
2022-04-08 15:30:00,4.19,4.2,4.18,4.19,14532
2022-04-08 15:35:00,4.18,4.19,4.17,4.185,24026
2022-04-08 15:40:00,4.185,4.205,4.185,4.195,33944
2022-04-08 15:45:00,4.195,4.2,4.18,4.18,11343
2022-04-08 15:50:00,4.18,4.185,4.1725,4.175,13635
2022-04-08 15:55:00,4.175,4.18,4.17,4.18,49760
2022-04-08 16:00:00,4.17,4.17,4.17,4.17,73797
2022-04-08 17:55:00,4.5,4.5,4.5,4.5,500
2022-04-08 18:55:00,4.08,4.23,4.08,4.23,600
2022-04-08 19:00:00,4.17,4.29,4.17,4.25,300
2022-04-11 09:30:00,4.14,4.17,4.09,4.09,32845
2022-04-11 09:35:00,4.09,4.12,4.09,4.12,5985
2022-04-11 09:40:00,4.12,4.17,4.12,4.17,4196
2022-04-11 09:45:00,4.165,4.17,4.15,4.16,3900
2022-04-11 09:50:00,4.16,4.17,4.15,4.165,4251
2022-04-11 09:55:00,4.165,4.185,4.165,4.18,5040
2022-04-11 10:00:00,4.18,4.195,4.175,4.175,4871
2022-04-11 10:05:00,4.17,4.195,4.17,4.195,2718
2022-04-11 10:10:00,4.2,4.215,4.195,4.215,4532
2022-04-11 10:15:00,4.21,4.21,4.2,4.2,6287
2022-04-11 10:20:00,4.1901,4.23,4.1901,4.23,10600
2022-04-11 10:25:00,4.23,4.23,4.205,4.205,5510
2022-04-11 10:30:00,4.205,4.22,4.205,4.22,2100
2022-04-11 10:35:00,4.21,4.21,4.195,4.205,15136
2022-04-11 10:40:00,4.2013,4.205,4.19,4.2,8030
2022-04-11 10:45:00,4.195,4.2,4.185,4.195,11641
2022-04-11 10:50:00,4.195,4.2,4.19,4.195,4913
2022-04-11 10:55:00,4.1901,4.195,4.185,4.185,6100
2022-04-11 11:00:00,4.185,4.19,4.185,4.19,1964
2022-04-11 11:05:00,4.19,4.19,4.165,4.165,7700
2022-04-11 11:10:00,4.165,4.18,4.16,4.18,12029
2022-04-11 11:15:00,4.17,4.18,4.165,4.17,3530
2022-04-11 11:20:00,4.165,4.17,4.155,4.16,5363
2022-04-11 11:25:00,4.155,4.155,4.15,4.15,5369
2022-04-11 11:30:00,4.16,4.165,4.155,4.165,4446
2022-04-11 11:35:00,4.165,4.165,4.16,4.16,1227
2022-04-11 11:40:00,4.165,4.175,4.16,4.165,19603
2022-04-11 11:45:00,4.17,4.175,4.155,4.155,10560
2022-04-11 11:50:00,4.15,4.155,4.145,4.15,5274
2022-04-11 11:55:00,4.14,4.14,4.14,4.14,1796
2022-04-11 12:00:00,4.14,4.145,4.13,4.14,7238
2022-04-11 12:05:00,4.145,4.145,4.14,4.14,300
2022-04-11 12:10:00,4.14,4.14,4.13,4.13,1914
2022-04-11 12:15:00,4.13,4.14,4.13,4.135,900
2022-04-11 12:20:00,4.135,4.135,4.13,4.131,4856
2022-04-11 12:25:00,4.1336,4.135,4.125,4.13,10449
2022-04-11 12:30:00,4.13,4.1598,4.13,4.135,55007
2022-04-11 12:35:00,4.135,4.14,4.13,4.135,2200
2022-04-11 12:40:00,4.13,4.13,4.13,4.13,600
2022-04-11 12:45:00,4.13,4.135,4.125,4.125,6434
2022-04-11 12:50:00,4.125,4.14,4.125,4.13,16522
2022-04-11 12:55:00,4.13,4.145,4.12,4.135,15262
2022-04-11 13:00:00,4.14,4.15,4.14,4.145,6494
2022-04-11 13:05:00,4.145,4.155,4.145,4.155,7305
2022-04-11 13:10:00,4.15,4.15,4.14,4.145,4904
2022-04-11 13:15:00,4.14,4.15,4.135,4.15,8417
2022-04-11 13:20:00,4.15,4.16,4.15,4.15,5250
2022-04-11 13:25:00,4.155,4.165,4.155,4.16,5538
2022-04-11 13:30:00,4.165,4.1799,4.165,4.175,5050
2022-04-11 13:35:00,4.175,4.175,4.165,4.165,3811
2022-04-11 13:40:00,4.165,4.175,4.165,4.17,4363
2022-04-11 13:45:00,4.175,4.175,4.16,4.165,5000
2022-04-11 13:50:00,4.1633,4.165,4.16,4.165,2400
2022-04-11 13:55:00,4.17,4.1899,4.17,4.1899,8049
2022-04-11 14:00:00,4.185,4.19,4.18,4.185,6198
2022-04-11 14:05:00,4.185,4.2,4.1822,4.19,5758
2022-04-11 14:10:00,4.19,4.19,4.175,4.175,6895
2022-04-11 14:15:00,4.17,4.175,4.17,4.17,8310
2022-04-11 14:20:00,4.17,4.18,4.17,4.175,3922
2022-04-11 14:25:00,4.175,4.18,4.175,4.18,2100
2022-04-11 14:30:00,4.175,4.185,4.17,4.185,6091
2022-04-11 14:35:00,4.185,4.19,4.18,4.185,1600
2022-04-11 14:40:00,4.1899,4.19,4.18,4.185,2700
2022-04-11 14:45:00,4.185,4.195,4.185,4.195,5600
2022-04-11 14:50:00,4.2,4.21,4.2,4.205,5187
2022-04-11 14:55:00,4.21,4.21,4.19,4.19,13406
2022-04-11 15:00:00,4.195,4.205,4.19,4.195,17215
2022-04-11 15:05:00,4.195,4.2,4.19,4.1925,3300
2022-04-11 15:10:00,4.19,4.2,4.19,4.195,4714
2022-04-11 15:15:00,4.195,4.2,4.195,4.195,3700
2022-04-11 15:20:00,4.195,4.21,4.195,4.205,7897
2022-04-11 15:25:00,4.205,4.21,4.2,4.205,5490
2022-04-11 15:30:00,4.205,4.205,4.185,4.185,10444
2022-04-11 15:35:00,4.185,4.19,4.18,4.185,6308
2022-04-11 15:40:00,4.185,4.185,4.17,4.175,7297
2022-04-11 15:45:00,4.175,4.175,4.17,4.1701,12005
2022-04-11 15:50:00,4.175,4.18,4.17,4.171,41615
2022-04-11 15:55:00,4.175,4.18,4.16,4.18,88362
2022-04-11 16:00:00,4.16,4.16,4.16,4.16,473302
2022-04-12 09:25:00,4.24,4.24,4.24,4.24,150
2022-04-12 09:30:00,4.25,4.3,4.25,4.26,19392
2022-04-12 09:35:00,4.25,4.32,4.25,4.3075,13255
2022-04-12 09:40:00,4.33,4.35,4.325,4.33,18624
2022-04-12 09:45:00,4.33,4.36,4.33,4.36,6300
2022-04-12 09:50:00,4.36,4.385,4.35,4.36,39167
2022-04-12 09:55:00,4.355,4.365,4.351,4.355,19802
2022-04-12 10:00:00,4.355,4.4,4.35,4.4,17643
2022-04-12 10:05:00,4.4,4.4,4.38,4.4,4544
2022-04-12 10:10:00,4.39,4.39,4.365,4.365,5305
2022-04-12 10:15:00,4.365,4.365,4.325,4.325,9368
2022-04-12 10:20:00,4.33,4.335,4.32,4.325,5722
2022-04-12 10:25:00,4.33,4.33,4.32,4.32,500
2022-04-12 10:30:00,4.31,4.31,4.29,4.29,8279
2022-04-12 10:35:00,4.3,4.305,4.2911,4.2911,8682
2022-04-12 10:40:00,4.3,4.305,4.3,4.305,603
2022-04-12 10:45:00,4.31,4.31,4.29,4.29,2600
2022-04-12 10:50:00,4.29,4.3,4.289,4.3,3000
2022-04-12 10:55:00,4.3,4.305,4.295,4.295,4835
2022-04-12 11:00:00,4.295,4.3,4.295,4.3,1700
2022-04-12 11:05:00,4.295,4.295,4.29,4.29,5307
2022-04-12 11:10:00,4.29,4.295,4.289,4.295,4500
2022-04-12 11:15:00,4.295,4.3,4.295,4.3,1537
2022-04-12 11:20:00,4.3,4.305,4.295,4.3,6043
2022-04-12 11:25:00,4.3,4.305,4.3,4.305,2600
2022-04-12 11:30:00,4.3,4.31,4.3,4.305,6018
2022-04-12 11:35:00,4.305,4.31,4.305,4.305,1492
2022-04-12 11:40:00,4.305,4.305,4.305,4.305,300
2022-04-12 11:45:00,4.305,4.305,4.3,4.305,800
2022-04-12 11:50:00,4.305,4.305,4.295,4.3,5706
2022-04-12 11:55:00,4.305,4.305,4.305,4.305,1362
2022-04-12 12:00:00,4.3,4.3,4.29,4.295,6894
2022-04-12 12:05:00,4.29,4.29,4.275,4.275,4592
2022-04-12 12:10:00,4.27,4.275,4.27,4.275,1000
2022-04-12 12:15:00,4.275,4.285,4.275,4.275,6241
2022-04-12 12:20:00,4.27,4.27,4.26,4.265,3506
2022-04-12 12:25:00,4.26,4.26,4.25,4.25,1807
2022-04-12 12:35:00,4.26,4.265,4.2539,4.265,4572
2022-04-12 12:40:00,4.265,4.265,4.255,4.255,2371
2022-04-12 12:45:00,4.25,4.255,4.25,4.255,200
2022-04-12 12:50:00,4.26,4.26,4.255,4.255,200
2022-04-12 12:55:00,4.2579,4.265,4.255,4.265,4936
2022-04-12 13:00:00,4.265,4.265,4.255,4.26,6650
2022-04-12 13:05:00,4.26,4.27,4.26,4.27,2613
2022-04-12 13:10:00,4.27,4.28,4.2689,4.28,4536
2022-04-12 13:15:00,4.2788,4.2788,4.2788,4.2788,3000
2022-04-12 13:20:00,4.28,4.29,4.28,4.29,4056
2022-04-12 13:25:00,4.285,4.295,4.28,4.295,8069
2022-04-12 13:30:00,4.29,4.295,4.285,4.285,4278
2022-04-12 13:35:00,4.285,4.285,4.285,4.285,700
2022-04-12 13:40:00,4.285,4.285,4.27,4.275,5352
2022-04-12 13:45:00,4.27,4.27,4.265,4.265,569
2022-04-12 13:50:00,4.265,4.269,4.265,4.265,7662
2022-04-12 13:55:00,4.265,4.265,4.25,4.255,2743
2022-04-12 14:00:00,4.25,4.26,4.25,4.255,3936
2022-04-12 14:05:00,4.26,4.265,4.25,4.255,7454
2022-04-12 14:10:00,4.255,4.255,4.24,4.245,2380
2022-04-12 14:15:00,4.24,4.245,4.235,4.235,3034
2022-04-12 14:20:00,4.235,4.235,4.23,4.23,1212
2022-04-12 14:25:00,4.235,4.24,4.23,4.235,13120
2022-04-12 14:30:00,4.235,4.24,4.23,4.24,2379
2022-04-12 14:35:00,4.24,4.24,4.235,4.24,1471
2022-04-12 14:40:00,4.24,4.25,4.235,4.235,9373
2022-04-12 14:45:00,4.235,4.24,4.235,4.24,3200
2022-04-12 14:50:00,4.245,4.245,4.2,4.21,58809
2022-04-12 14:55:00,4.215,4.22,4.21,4.215,2138
2022-04-12 15:00:00,4.215,4.22,4.2,4.2,7328
2022-04-12 15:05:00,4.205,4.205,4.2,4.205,1369
2022-04-12 15:10:00,4.2,4.205,4.2,4.205,1800
2022-04-12 15:15:00,4.205,4.215,4.2,4.215,10095
2022-04-12 15:20:00,4.215,4.22,4.2108,4.22,1127
2022-04-12 15:25:00,4.215,4.215,4.2,4.205,19394
2022-04-12 15:30:00,4.205,4.22,4.205,4.215,11827
2022-04-12 15:35:00,4.211,4.24,4.2102,4.24,19800
2022-04-12 15:40:00,4.24,4.24,4.235,4.235,6568
2022-04-12 15:45:00,4.24,4.24,4.21,4.235,29750
2022-04-12 15:50:00,4.23,4.24,4.23,4.2366,23878
2022-04-12 15:55:00,4.235,4.24,4.23,4.23,36094
2022-04-12 16:00:00,4.23,4.23,4.23,4.23,80788
2022-04-13 09:30:00,4.22,4.25,4.22,4.25,7224
2022-04-13 09:35:00,4.245,4.26,4.245,4.26,4906
2022-04-13 09:40:00,4.255,4.255,4.235,4.24,4890
2022-04-13 09:45:00,4.235,4.24,4.225,4.24,5878
2022-04-13 09:50:00,4.24,4.26,4.235,4.26,11432
2022-04-13 09:55:00,4.265,4.275,4.26,4.27,3542
2022-04-13 10:00:00,4.26,4.27,4.26,4.27,1300
2022-04-13 10:05:00,4.27,4.27,4.26,4.26,1147
2022-04-13 10:10:00,4.27,4.315,4.27,4.315,8835
2022-04-13 10:15:00,4.32,4.33,4.3121,4.32,12472
2022-04-13 10:20:00,4.31,4.31,4.3,4.31,8026
2022-04-13 10:25:00,4.32,4.33,4.305,4.305,7278
2022-04-13 10:30:00,4.3,4.31,4.295,4.31,4151
2022-04-13 10:35:00,4.305,4.31,4.305,4.305,1199
2022-04-13 10:40:00,4.31,4.31,4.305,4.31,500
2022-04-13 10:45:00,4.31,4.33,4.31,4.31,4713
2022-04-13 10:50:00,4.31,4.32,4.31,4.315,2793
2022-04-13 10:55:00,4.32,4.325,4.32,4.32,7212
2022-04-13 11:00:00,4.315,4.325,4.31,4.325,2058
2022-04-13 11:05:00,4.32,4.32,4.305,4.315,5326
2022-04-13 11:10:00,4.32,4.325,4.32,4.325,2451
2022-04-13 11:15:00,4.33,4.33,4.321,4.33,3700
2022-04-13 11:20:00,4.33,4.34,4.33,4.335,2552
2022-04-13 11:25:00,4.34,4.34,4.34,4.34,300
2022-04-13 11:30:00,4.335,4.34,4.335,4.34,2500
2022-04-13 11:35:00,4.34,4.345,4.3303,4.3303,6341
2022-04-13 11:40:00,4.33,4.33,4.325,4.325,2722
2022-04-13 11:45:00,4.33,4.33,4.33,4.33,2551
2022-04-13 11:50:00,4.33,4.335,4.32,4.32,3170
2022-04-13 11:55:00,4.32,4.32,4.3134,4.3134,1874
2022-04-13 12:00:00,4.315,4.33,4.3113,4.33,10400
2022-04-13 12:05:00,4.3233,4.33,4.3233,4.325,2403
2022-04-13 12:10:00,4.325,4.33,4.315,4.315,2958
2022-04-13 12:15:00,4.32,4.32,4.31,4.32,3402
2022-04-13 12:20:00,4.31,4.32,4.31,4.32,500
2022-04-13 12:25:00,4.32,4.325,4.32,4.325,2817
2022-04-13 12:30:00,4.32,4.33,4.32,4.33,5041
2022-04-13 12:35:00,4.335,4.34,4.335,4.34,717
2022-04-13 12:40:00,4.34,4.3499,4.335,4.3499,8333
2022-04-13 12:45:00,4.345,4.36,4.345,4.36,29782
2022-04-13 12:50:00,4.36,4.36,4.355,4.355,1959
2022-04-13 12:55:00,4.36,4.36,4.345,4.345,5524
2022-04-13 13:00:00,4.35,4.36,4.345,4.35,5996
2022-04-13 13:05:00,4.35,4.35,4.35,4.35,655
2022-04-13 13:10:00,4.35,4.35,4.35,4.35,304
2022-04-13 13:15:00,4.35,4.35,4.35,4.35,200
2022-04-13 13:20:00,4.35,4.35,4.34,4.35,1539
2022-04-13 13:25:00,4.345,4.345,4.34,4.345,1000
2022-04-13 13:30:00,4.345,4.35,4.34,4.345,717
2022-04-13 13:35:00,4.34,4.34,4.33,4.33,4351
2022-04-13 13:40:00,4.325,4.33,4.32,4.33,700
2022-04-13 13:45:00,4.32,4.33,4.32,4.32,743
2022-04-13 13:50:00,4.325,4.325,4.315,4.325,7721
2022-04-13 13:55:00,4.325,4.33,4.32,4.33,4400
2022-04-13 14:00:00,4.33,4.335,4.32,4.33,6579
2022-04-13 14:05:00,4.33,4.345,4.33,4.345,3415
2022-04-13 14:10:00,4.345,4.345,4.325,4.33,4719
2022-04-13 14:15:00,4.325,4.33,4.325,4.33,700
2022-04-13 14:20:00,4.33,4.34,4.33,4.34,2228
2022-04-13 14:25:00,4.335,4.335,4.32,4.325,6289
2022-04-13 14:30:00,4.33,4.335,4.33,4.335,2600
2022-04-13 14:35:00,4.34,4.34,4.33,4.33,1800
2022-04-13 14:40:00,4.335,4.335,4.33,4.33,912
2022-04-13 14:45:00,4.34,4.34,4.315,4.325,16391
2022-04-13 14:50:00,4.33,4.33,4.3225,4.33,1800
2022-04-13 14:55:00,4.33,4.33,4.325,4.325,1363
2022-04-13 15:00:00,4.325,4.325,4.315,4.315,3107
2022-04-13 15:05:00,4.32,4.33,4.32,4.33,6789
2022-04-13 15:10:00,4.33,4.33,4.3234,4.3234,1300
2022-04-13 15:15:00,4.325,4.33,4.325,4.33,800
2022-04-13 15:20:00,4.32,4.33,4.32,4.325,1151
2022-04-13 15:25:00,4.33,4.33,4.325,4.325,1400
2022-04-13 15:30:00,4.325,4.34,4.325,4.34,4707
2022-04-13 15:35:00,4.335,4.335,4.32,4.325,13282
2022-04-13 15:40:00,4.325,4.325,4.31,4.315,10267
2022-04-13 15:45:00,4.315,4.32,4.31,4.315,8154
2022-04-13 15:50:00,4.32,4.32,4.31,4.315,12625
2022-04-13 15:55:00,4.32,4.32,4.3,4.31,44004
2022-04-13 16:00:00,4.3,4.3,4.3,4.3,257018
2022-04-14 09:30:00,4.3,4.325,4.3,4.31,17302
2022-04-14 09:35:00,4.315,4.33,4.3,4.325,6813
2022-04-14 09:40:00,4.325,4.325,4.3,4.315,4214
2022-04-14 09:45:00,4.32,4.34,4.32,4.33,3462
2022-04-14 09:50:00,4.33,4.34,4.32,4.3393,3637
2022-04-14 09:55:00,4.34,4.34,4.33,4.33,1115
2022-04-14 10:00:00,4.335,4.35,4.335,4.35,3500
2022-04-14 10:05:00,4.355,4.355,4.32,4.325,3222
2022-04-14 10:10:00,4.33,4.33,4.33,4.33,800
2022-04-14 10:15:00,4.33,4.33,4.325,4.33,4321
2022-04-14 10:20:00,4.325,4.34,4.32,4.34,1279
2022-04-14 10:25:00,4.34,4.34,4.3274,4.3274,9176
2022-04-14 10:30:00,4.33,4.33,4.325,4.325,1100
2022-04-14 10:35:00,4.325,4.325,4.31,4.315,1706
2022-04-14 10:40:00,4.31,4.31,4.305,4.305,1654
2022-04-14 10:45:00,4.3,4.305,4.29,4.29,13302
2022-04-14 10:50:00,4.28,4.285,4.275,4.275,4304
2022-04-14 10:55:00,4.275,4.28,4.27,4.27,6479
2022-04-14 11:00:00,4.27,4.285,4.26,4.285,15567
2022-04-14 11:05:00,4.29,4.29,4.275,4.275,3626
2022-04-14 11:15:00,4.275,4.275,4.26,4.26,3639
2022-04-14 11:20:00,4.265,4.275,4.2649,4.27,6998
2022-04-14 11:25:00,4.27,4.27,4.265,4.265,500
2022-04-14 11:30:00,4.26,4.265,4.255,4.255,2013
2022-04-14 11:35:00,4.25,4.255,4.25,4.2504,2200
2022-04-14 11:40:00,4.25,4.25,4.235,4.24,12730
2022-04-14 11:45:00,4.245,4.245,4.24,4.24,400
2022-04-14 11:50:00,4.24,4.24,4.23,4.24,3726
2022-04-14 11:55:00,4.23,4.235,4.23,4.235,4500
2022-04-14 12:00:00,4.23,4.245,4.23,4.24,4837
2022-04-14 12:05:00,4.24,4.245,4.24,4.245,201
2022-04-14 12:10:00,4.24,4.245,4.235,4.245,8543
2022-04-14 12:15:00,4.24,4.245,4.24,4.245,300
2022-04-14 12:20:00,4.24,4.24,4.24,4.24,200
2022-04-14 12:25:00,4.24,4.24,4.22,4.225,4583
2022-04-14 12:30:00,4.22,4.225,4.22,4.225,300
2022-04-14 12:35:00,4.22,4.225,4.22,4.225,1000
2022-04-14 12:40:00,4.2248,4.225,4.22,4.225,1900
2022-04-14 12:45:00,4.22,4.22,4.215,4.215,7951
2022-04-14 12:50:00,4.22,4.225,4.22,4.22,1620
2022-04-14 12:55:00,4.22,4.24,4.22,4.24,3197
2022-04-14 13:00:00,4.235,4.24,4.23,4.24,2050
2022-04-14 13:05:00,4.235,4.24,4.23,4.235,2100
2022-04-14 13:10:00,4.235,4.235,4.225,4.225,2467
2022-04-14 13:15:00,4.22,4.2279,4.215,4.225,4954
2022-04-14 13:25:00,4.225,4.225,4.22,4.22,1756
2022-04-14 13:30:00,4.225,4.225,4.22,4.225,400
2022-04-14 13:35:00,4.23,4.235,4.23,4.235,3511
2022-04-14 13:40:00,4.235,4.255,4.235,4.255,9194
2022-04-14 13:45:00,4.26,4.27,4.26,4.27,7706
2022-04-14 13:50:00,4.275,4.275,4.27,4.275,1756
2022-04-14 13:55:00,4.275,4.28,4.265,4.27,5167
2022-04-14 14:00:00,4.27,4.305,4.27,4.3,29091
2022-04-14 14:05:00,4.29,4.295,4.29,4.295,400
2022-04-14 14:10:00,4.29,4.305,4.29,4.3,8868
2022-04-14 14:15:00,4.295,4.295,4.29,4.295,600
2022-04-14 14:20:00,4.29,4.29,4.285,4.285,1510
2022-04-14 14:25:00,4.285,4.29,4.28,4.29,1923
2022-04-14 14:30:00,4.29,4.29,4.28,4.28,2203
2022-04-14 14:35:00,4.27,4.28,4.27,4.28,650
2022-04-14 14:40:00,4.28,4.28,4.275,4.28,5306
2022-04-14 14:45:00,4.275,4.28,4.275,4.279,1200
2022-04-14 14:50:00,4.28,4.28,4.27,4.2723,6595
2022-04-14 14:55:00,4.275,4.28,4.27,4.275,5407
2022-04-14 15:00:00,4.275,4.278,4.265,4.27,5966
2022-04-14 15:05:00,4.27,4.27,4.26,4.265,3107
2022-04-14 15:10:00,4.265,4.28,4.26,4.28,7011
2022-04-14 15:15:00,4.28,4.285,4.275,4.275,6771
2022-04-14 15:20:00,4.275,4.28,4.27,4.27,1600
2022-04-14 15:25:00,4.275,4.275,4.265,4.265,4347
2022-04-14 15:30:00,4.26,4.27,4.26,4.265,5181
2022-04-14 15:35:00,4.265,4.27,4.245,4.25,19986
2022-04-14 15:40:00,4.255,4.27,4.255,4.27,5794
2022-04-14 15:45:00,4.27,4.27,4.25,4.26,10419
2022-04-14 15:50:00,4.26,4.26,4.24,4.2572,15314
2022-04-14 15:55:00,4.25,4.26,4.24,4.25,34988
2022-04-14 16:00:00,4.25,4.25,4.25,4.25,87986
2022-04-14 16:05:00,4.25,4.25,4.25,4.25,6045
2022-04-14 16:20:00,4.1308,4.1308,4.13,4.13,258
