2022-04-01 05:45:00,91.24,91.26,91.15,91.26,452
2022-04-01 07:30:00,91.81,91.81,91.8,91.8,318
2022-04-01 07:40:00,91.54,91.54,91.54,91.54,100
2022-04-01 08:00:00,92.11,92.11,92.11,92.11,1000
2022-04-01 08:05:00,92.1099,92.11,92.1099,92.11,2200
2022-04-01 08:25:00,91.95,91.95,91.95,91.95,115
2022-04-01 08:30:00,92.282,92.282,91.99,91.99,426
2022-04-01 08:55:00,92.0,92.12,91.94,91.94,1400
2022-04-01 09:00:00,92.0,92.0,92.0,92.0,100
2022-04-01 09:05:00,92.0,92.0,92.0,92.0,1000
2022-04-01 09:15:00,91.99,92.0,91.99,92.0,750
2022-04-01 09:20:00,92.2,92.2,92.2,92.2,238
2022-04-01 09:25:00,91.96,91.96,91.94,91.94,900
2022-04-01 09:30:00,92.1,92.3,91.75,91.8328,86429
2022-04-01 09:35:00,91.78,92.05,91.77,91.98,44667
2022-04-01 09:40:00,91.95,92.15,91.79,91.79,60359
2022-04-01 09:45:00,91.85,91.85,91.6,91.645,73461
2022-04-01 09:50:00,91.63,91.63,91.39,91.39,84035
2022-04-01 09:55:00,91.37,91.79,91.3,91.735,117582
2022-04-01 10:00:00,91.74,91.74,91.4,91.49,48243
2022-04-01 10:05:00,91.46,91.54,91.205,91.4361,55551
2022-04-01 10:10:00,91.445,91.71,91.445,91.57,175333
2022-04-01 10:15:00,91.565,91.6573,91.45,91.46,64183
2022-04-01 10:20:00,91.45,91.47,91.2,91.204,89873
2022-04-01 10:25:00,91.23,91.2628,91.11,91.17,27917
2022-04-01 10:30:00,91.1799,91.38,91.16,91.36,76442
2022-04-01 10:35:00,91.36,91.45,91.31,91.37,33661
2022-04-01 10:40:00,91.36,91.4,91.21,91.28,40489
2022-04-01 10:45:00,91.28,91.515,91.28,91.49,44422
2022-04-01 10:50:00,91.5,91.56,91.4,91.545,65721
2022-04-01 10:55:00,91.55,91.585,91.445,91.55,60307
2022-04-01 11:00:00,91.54,91.55,91.45,91.46,26606
2022-04-01 11:05:00,91.46,91.83,91.42,91.795,31154
2022-04-01 11:10:00,91.78,91.9444,91.76,91.93,23714
2022-04-01 11:15:00,91.93,91.9501,91.855,91.935,14116
2022-04-01 11:20:00,91.94,92.0119,91.91,91.95,28257
2022-04-01 11:25:00,91.965,92.16,91.96,92.0601,59071
2022-04-01 11:30:00,92.09,92.115,91.95,92.06,52256
2022-04-01 11:35:00,92.05,92.12,92.001,92.12,24868
2022-04-01 11:40:00,92.11,92.11,91.86,91.89,22785
2022-04-01 11:45:00,91.89,92.16,91.8889,92.095,81252
2022-04-01 11:50:00,92.09,92.34,92.07,92.34,58787
2022-04-01 11:55:00,92.33,92.3423,92.1101,92.22,41075
2022-04-01 12:00:00,92.23,92.255,92.08,92.24,147936
2022-04-01 12:05:00,92.23,92.275,92.18,92.2701,33697
2022-04-01 12:10:00,92.275,92.42,92.25,92.41,39242
2022-04-01 12:15:00,92.4,92.48,92.21,92.29,34927
2022-04-01 12:20:00,92.3,92.37,92.25,92.34,24744
2022-04-01 12:25:00,92.38,92.43,92.31,92.42,42689
2022-04-01 12:30:00,92.42,92.42,92.12,92.17,74937
2022-04-01 12:35:00,92.17,92.3,92.0983,92.27,35053
2022-04-01 12:40:00,92.26,92.34,92.2169,92.33,24747
2022-04-01 12:45:00,92.33,92.34,92.1755,92.2,48989
2022-04-01 12:50:00,92.205,92.22,92.03,92.11,42527
2022-04-01 12:55:00,92.1,92.175,92.075,92.095,21427
2022-04-01 13:00:00,92.085,92.14,91.925,91.96,69589
2022-04-01 13:05:00,91.96,92.07,91.83,91.8485,40302
2022-04-01 13:10:00,91.84,91.84,91.59,91.68,64288
2022-04-01 13:15:00,91.67,91.76,91.5601,91.752,71239
2022-04-01 13:20:00,91.75,91.91,91.7,91.86,38591
2022-04-01 13:25:00,91.8597,91.87,91.77,91.87,14800
2022-04-01 13:30:00,91.87,91.8982,91.815,91.86,28095
2022-04-01 13:35:00,91.845,92.16,91.845,92.15,17819
2022-04-01 13:40:00,92.15,92.2,92.06,92.099,32342
2022-04-01 13:45:00,92.07,92.185,92.04,92.1303,13820
2022-04-01 13:50:00,92.13,92.16,92.06,92.1,25492
2022-04-01 13:55:00,92.09,92.2,92.05,92.14,16693
2022-04-01 14:00:00,92.14,92.23,92.12,92.23,36105
2022-04-01 14:05:00,92.25,92.33,92.2482,92.25,22578
2022-04-01 14:10:00,92.24,92.26,92.13,92.26,20281
2022-04-01 14:15:00,92.2501,92.33,92.2,92.215,18724
2022-04-01 14:20:00,92.21,92.25,92.12,92.23,27627
2022-04-01 14:25:00,92.23,92.36,92.2298,92.36,19328
2022-04-01 14:30:00,92.3593,92.45,92.32,92.3879,19103
2022-04-01 14:35:00,92.41,92.42,92.3013,92.35,22347
2022-04-01 14:40:00,92.34,92.36,92.22,92.2673,45547
2022-04-01 14:45:00,92.27,92.32,92.21,92.24,26832
2022-04-01 14:50:00,92.21,92.29,92.19,92.28,24765
2022-04-01 14:55:00,92.28,92.3,92.18,92.2,24251
2022-04-01 15:00:00,92.2,92.36,92.18,92.24,44639
2022-04-01 15:05:00,92.23,92.32,92.21,92.23,36409
2022-04-01 15:10:00,92.23,92.31,92.2,92.3,38109
2022-04-01 15:15:00,92.31,92.33,92.09,92.1,45849
2022-04-01 15:20:00,92.075,92.175,92.02,92.12,41980
2022-04-01 15:25:00,92.12,92.145,92.015,92.05,52048
2022-04-01 15:30:00,92.06,92.13,91.91,91.95,57569
2022-04-01 15:35:00,91.96,91.99,91.88,91.895,48297
2022-04-01 15:40:00,91.8825,92.09,91.8825,92.045,108817
2022-04-01 15:45:00,92.045,92.18,91.985,92.18,93313
2022-04-01 15:50:00,92.21,92.44,92.18,92.41,142044
2022-04-01 15:55:00,92.395,92.56,92.35,92.48,331116
2022-04-01 16:00:00,92.49,92.49,92.49,92.49,582282
2022-04-01 16:05:00,92.48,92.48,92.48,92.48,104
2022-04-01 16:30:00,92.49,92.49,92.49,92.49,31831
2022-04-01 16:55:00,92.49,92.49,92.49,92.49,126
2022-04-01 17:45:00,92.29,92.29,92.29,92.29,108
2022-04-01 19:10:00,92.5,92.5,92.5,92.5,100
2022-04-04 08:25:00,92.4,92.4,92.4,92.4,400
2022-04-04 09:00:00,92.87,92.87,92.87,92.87,200
2022-04-04 09:15:00,92.68,92.68,92.68,92.68,100
2022-04-04 09:30:00,92.18,92.185,91.4,91.4799,163437
2022-04-04 09:35:00,91.41,91.44,90.97,91.01,160144
2022-04-04 09:40:00,90.9998,91.37,90.9,91.341,47163
2022-04-04 09:45:00,91.38,91.38,91.0,91.1569,43690
2022-04-04 09:50:00,91.2,91.35,91.11,91.235,55084
2022-04-04 09:55:00,91.24,91.66,91.24,91.55,120704
2022-04-04 10:00:00,91.5234,91.5799,91.09,91.31,44790
2022-04-04 10:05:00,91.39,91.6308,91.37,91.5,23171
2022-04-04 10:10:00,91.495,91.6,91.42,91.5799,17079
2022-04-04 10:15:00,91.57,91.725,91.43,91.725,29714
2022-04-04 10:20:00,91.83,91.92,91.655,91.85,17387
2022-04-04 10:25:00,91.87,91.93,91.771,91.92,19603
2022-04-04 10:30:00,91.94,92.1,91.8268,91.97,83508
2022-04-04 10:35:00,92.02,92.05,91.85,91.89,30512
2022-04-04 10:40:00,91.9299,91.93,91.6558,91.67,24177
2022-04-04 10:45:00,91.68,91.89,91.65,91.87,19939
2022-04-04 10:50:00,91.86,91.98,91.81,91.87,29043
2022-04-04 10:55:00,91.87,91.98,91.84,91.95,16932
2022-04-04 11:00:00,91.94,92.03,91.87,91.96,20539
2022-04-04 11:05:00,91.96,92.06,91.9,91.94,21897
2022-04-04 11:10:00,91.925,91.925,91.7,91.77,32098
2022-04-04 11:15:00,91.76,91.775,91.59,91.6275,30936
2022-04-04 11:20:00,91.585,91.6824,91.535,91.66,29435
2022-04-04 11:25:00,91.67,91.79,91.625,91.67,42564
2022-04-04 11:30:00,91.67,91.77,91.63,91.6959,41452
2022-04-04 11:35:00,91.69,91.76,91.6,91.64,42409
2022-04-04 11:40:00,91.64,91.645,91.5166,91.57,41939
2022-04-04 11:45:00,91.58,91.65,91.54,91.61,48204
2022-04-04 11:50:00,91.6,91.77,91.54,91.76,42865
2022-04-04 11:55:00,91.75,91.9401,91.75,91.83,47850
2022-04-04 12:00:00,91.805,92.03,91.79,92.03,44887
2022-04-04 12:05:00,92.04,92.18,91.9904,92.11,34940
2022-04-04 12:10:00,92.1,92.11,92.0075,92.0763,37878
2022-04-04 12:15:00,92.07,92.07,91.97,92.0,53498
2022-04-04 12:20:00,92.01,92.06,91.99,92.03,14166
2022-04-04 12:25:00,92.03,92.22,92.02,92.17,29265
2022-04-04 12:30:00,92.18,92.22,92.15,92.19,19704
2022-04-04 12:35:00,92.19,92.22,92.04,92.09,16162
2022-04-04 12:40:00,92.0701,92.08,91.991,92.0347,17933
2022-04-04 12:45:00,92.03,92.15,92.017,92.13,93759
2022-04-04 12:50:00,92.14,92.14,92.05,92.05,30148
2022-04-04 12:55:00,92.06,92.09,92.03,92.05,20223
2022-04-04 13:00:00,92.04,92.1,91.99,92.08,11700
2022-04-04 13:05:00,92.06,92.15,92.0501,92.11,16419
2022-04-04 13:10:00,92.1,92.16,92.085,92.14,11449
2022-04-04 13:15:00,92.13,92.29,92.11,92.28,20596
2022-04-04 13:20:00,92.27,92.32,92.23,92.23,25326
2022-04-04 13:25:00,92.22,92.23,92.16,92.21,18365
2022-04-04 13:30:00,92.1923,92.21,92.115,92.145,18557
2022-04-04 13:35:00,92.1536,92.2,92.08,92.135,13094
2022-04-04 13:40:00,92.15,92.225,92.13,92.225,16211
2022-04-04 13:45:00,92.23,92.23,92.16,92.19,10663
2022-04-04 13:50:00,92.18,92.21,92.16,92.2,17180
2022-04-04 13:55:00,92.195,92.26,92.17,92.25,21522
2022-04-04 14:00:00,92.24,92.24,92.06,92.16,38455
2022-04-04 14:05:00,92.18,92.2,92.02,92.085,27319
2022-04-04 14:10:00,92.085,92.195,92.03,92.195,16185
2022-04-04 14:15:00,92.18,92.21,92.11,92.21,23879
2022-04-04 14:20:00,92.2,92.2075,92.16,92.19,24041
2022-04-04 14:25:00,92.18,92.24,92.175,92.1847,41239
2022-04-04 14:30:00,92.18,92.2029,92.13,92.18,31745
2022-04-04 14:35:00,92.19,92.2,92.15,92.18,28227
2022-04-04 14:40:00,92.18,92.185,92.12,92.16,20085
2022-04-04 14:45:00,92.161,92.19,92.11,92.1408,20465
2022-04-04 14:50:00,92.145,92.17,92.13,92.16,14993
2022-04-04 14:55:00,92.17,92.21,92.145,92.145,15226
2022-04-04 15:00:00,92.145,92.195,92.125,92.125,25247
2022-04-04 15:05:00,92.13,92.18,92.07,92.11,33802
2022-04-04 15:10:00,92.13,92.13,92.03,92.06,27602
2022-04-04 15:15:00,92.06,92.0872,91.99,92.0,39270
2022-04-04 15:20:00,92.03,92.13,92.01,92.13,37679
2022-04-04 15:25:00,92.13,92.1385,91.98,92.015,132465
2022-04-04 15:30:00,92.01,92.01,91.94,91.955,147150
2022-04-04 15:35:00,91.96,92.11,91.945,92.025,215523
2022-04-04 15:40:00,92.02,92.11,91.975,92.01,152882
2022-04-04 15:45:00,92.0,92.19,91.995,92.1,146943
2022-04-04 15:50:00,92.1,92.205,92.01,92.12,237609
2022-04-04 15:55:00,92.105,92.11,91.96,92.01,382086
2022-04-04 16:00:00,92.02,92.02,91.8,91.9,429407
2022-04-04 16:05:00,91.82,91.82,91.8,91.8,3094
2022-04-04 16:10:00,91.85,91.8999,91.85,91.8999,900
2022-04-04 16:20:00,91.89,91.9,91.89,91.9,490
2022-04-04 16:25:00,92.02,92.02,92.02,92.02,2595
2022-04-04 16:30:00,92.02,92.02,92.02,92.02,7758
2022-04-04 19:35:00,91.97,91.97,91.97,91.97,200
2022-04-04 19:40:00,91.96,91.97,91.96,91.97,430
2022-04-04 19:55:00,92.19,92.19,92.1899,92.1899,357
2022-04-05 05:50:00,92.02,92.02,92.02,92.02,908
2022-04-05 08:00:00,92.1544,92.1544,92.1544,92.1544,150
2022-04-05 08:15:00,91.78,91.78,91.78,91.78,100
2022-04-05 08:35:00,91.69,91.69,91.6,91.6,1918
2022-04-05 08:55:00,91.62,91.63,91.6,91.6,596
2022-04-05 09:00:00,91.8,91.91,91.8,91.91,500
2022-04-05 09:05:00,92.23,92.23,92.23,92.23,120
2022-04-05 09:30:00,91.66,92.1,91.33,92.025,150925
2022-04-05 09:35:00,92.06,92.34,91.97,92.105,45613
2022-04-05 09:40:00,92.1,92.15,91.51,91.7231,97117
2022-04-05 09:45:00,91.735,91.88,91.65,91.83,46489
2022-04-05 09:50:00,91.81,91.83,91.51,91.7,51814
2022-04-05 09:55:00,91.71,91.74,91.55,91.715,39329
2022-04-05 10:00:00,91.7225,92.01,91.71,92.0,91771
2022-04-05 10:05:00,92.0003,92.02,91.21,91.23,132279
2022-04-05 10:10:00,91.22,91.22,91.05,91.07,89675
2022-04-05 10:15:00,91.05,91.06,90.75,90.77,106991
2022-04-05 10:20:00,90.78,91.04,90.72,90.88,35804
2022-04-05 10:25:00,90.89,91.01,90.71,90.8,136210
2022-04-05 10:30:00,90.8,91.0,90.76,90.76,31847
2022-04-05 10:35:00,90.76,90.87,90.65,90.65,60683
2022-04-05 10:40:00,90.65,90.71,90.59,90.71,45830
2022-04-05 10:45:00,90.705,90.979,90.7,90.78,52797
2022-04-05 10:50:00,90.79,90.96,90.765,90.865,38207
2022-04-05 10:55:00,90.86,90.965,90.8306,90.85,22597
2022-04-05 11:00:00,90.84,90.9,90.69,90.77,38313
2022-04-05 11:05:00,90.78,90.81,90.67,90.695,45193
2022-04-05 11:10:00,90.695,90.71,90.62,90.66,35856
2022-04-05 11:15:00,90.67,90.76,90.59,90.7,57514
2022-04-05 11:20:00,90.685,90.85,90.66,90.67,15511
2022-04-05 11:25:00,90.69,90.78,90.65,90.73,23008
2022-04-05 11:30:00,90.73,90.84,90.7032,90.82,28873
2022-04-05 11:35:00,90.8,90.82,90.69,90.71,48104
2022-04-05 11:40:00,90.7,90.86,90.67,90.8381,70005
2022-04-05 11:45:00,90.83,90.86,90.73,90.75,21156
2022-04-05 11:50:00,90.76,90.85,90.72,90.75,68060
2022-04-05 11:55:00,90.755,90.84,90.7436,90.775,73079
2022-04-05 12:00:00,90.78,90.79,90.67,90.74,26921
2022-04-05 12:05:00,90.71,90.765,90.6998,90.74,10800
2022-04-05 12:10:00,90.74,90.755,90.58,90.6281,53904
2022-04-05 12:15:00,90.63,90.655,90.5,90.51,37469
2022-04-05 12:20:00,90.53,90.53,90.34,90.42,59964
2022-04-05 12:25:00,90.41,90.48,90.35,90.42,16381
2022-04-05 12:30:00,90.431,90.47,90.38,90.41,16716
2022-04-05 12:35:00,90.41,90.5701,90.35,90.53,23693
2022-04-05 12:40:00,90.52,90.53,90.44,90.4999,117563
2022-04-05 12:45:00,90.5,90.68,90.48,90.565,96689
2022-04-05 12:50:00,90.565,90.61,90.525,90.59,57367
2022-04-05 12:55:00,90.595,90.6,90.48,90.53,56103
2022-04-05 13:00:00,90.52,90.52,90.35,90.458,30744
2022-04-05 13:05:00,90.45,90.89,90.42,90.89,45773
2022-04-05 13:10:00,90.89,90.91,90.728,90.755,96270
2022-04-05 13:15:00,90.75,90.77,90.67,90.75,51686
2022-04-05 13:20:00,90.78,90.93,90.75,90.77,109164
2022-04-05 13:25:00,90.77,90.84,90.7,90.73,32805
2022-04-05 13:30:00,90.73,90.835,90.71,90.817,21065
2022-04-05 13:35:00,90.8,90.83,90.75,90.755,23817
2022-04-05 13:40:00,90.74,90.79,90.69,90.73,13387
2022-04-05 13:45:00,90.74,90.76,90.64,90.67,90033
2022-04-05 13:50:00,90.67,90.67,90.47,90.5,63552
2022-04-05 13:55:00,90.51,90.51,90.41,90.42,44256
2022-04-05 14:00:00,90.42,90.44,90.29,90.31,46761
2022-04-05 14:05:00,90.3,90.32,90.185,90.19,81710
2022-04-05 14:10:00,90.19,90.22,90.115,90.135,85780
2022-04-05 14:15:00,90.13,90.42,90.13,90.42,52465
2022-04-05 14:20:00,90.42,90.47,90.38,90.395,25294
2022-04-05 14:25:00,90.4,90.43,90.31,90.32,21263
2022-04-05 14:30:00,90.32,90.33,90.24,90.27,100285
2022-04-05 14:35:00,90.255,90.39,90.24,90.31,31589
2022-04-05 14:40:00,90.33,90.495,90.3,90.487,33559
2022-04-05 14:45:00,90.48,90.48,90.29,90.34,18493
2022-04-05 14:50:00,90.35,90.35,90.28,90.34,28088
2022-04-05 14:55:00,90.355,90.38,90.19,90.2,26728
2022-04-05 15:00:00,90.2029,90.28,90.1971,90.2,24635
2022-04-05 15:05:00,90.2,90.26,90.13,90.26,58427
2022-04-05 15:10:00,90.26,90.27,90.1,90.1,99896
2022-04-05 15:15:00,90.11,90.15,90.08,90.0901,61993
2022-04-05 15:20:00,90.09,90.27,90.055,90.27,89097
2022-04-05 15:25:00,90.26,90.29,90.13,90.19,50900
2022-04-05 15:30:00,90.19,90.19,90.02,90.04,87486
2022-04-05 15:35:00,90.04,90.13,89.91,90.0641,159774
2022-04-05 15:40:00,90.08,90.15,90.01,90.06,120177
2022-04-05 15:45:00,90.06,90.0925,89.91,89.98,197133
2022-04-05 15:50:00,89.97,90.13,89.92,89.998,164022
2022-04-05 15:55:00,90.0,90.13,89.95,90.12,386070
2022-04-05 16:00:00,90.1,90.15,90.1,90.15,549724
2022-04-05 16:05:00,90.1,90.1,90.1,90.1,6291
2022-04-05 16:35:00,90.1,90.1,90.1,90.1,343
2022-04-05 16:40:00,90.1,90.1,90.1,90.1,1989
2022-04-05 16:45:00,90.1,90.1,90.1,90.1,2110
2022-04-05 17:10:00,90.11,90.11,90.11,90.11,500
2022-04-05 17:50:00,90.11,90.11,90.11,90.11,1314
2022-04-05 17:55:00,90.1998,90.1998,90.1998,90.1998,100
2022-04-05 18:00:00,90.2,90.2,90.2,90.2,399
2022-04-05 18:10:00,90.12,90.12,90.12,90.12,125
2022-04-05 18:40:00,90.28,90.28,90.28,90.28,500
2022-04-05 19:20:00,90.15,90.15,90.15,90.15,139
2022-04-05 19:45:00,90.12,90.12,90.12,90.12,150
2022-04-05 19:55:00,90.11,90.12,90.11,90.12,389
2022-04-06 07:00:00,89.5,89.6,89.5,89.6,1667
2022-04-06 07:50:00,89.25,89.25,89.25,89.25,100
2022-04-06 08:00:00,89.3,89.3,89.26,89.26,1835
2022-04-06 08:25:00,89.13,89.13,89.13,89.13,200
2022-04-06 08:30:00,89.13,89.2,89.13,89.2,600
2022-04-06 08:35:00,89.22,89.31,89.21,89.31,900
2022-04-06 08:40:00,89.36,89.36,89.3,89.3,1238
2022-04-06 08:45:00,89.3,89.4,89.3,89.31,1355
2022-04-06 08:50:00,89.33,89.33,89.31,89.31,703
2022-04-06 08:55:00,89.32,89.32,89.31,89.31,1600
2022-04-06 09:00:00,89.3,89.3,89.3,89.3,100
2022-04-06 09:05:00,89.3,89.3,89.25,89.25,1353
2022-04-06 09:10:00,89.32,89.32,89.32,89.32,523
2022-04-06 09:20:00,89.28,89.28,89.28,89.28,590
2022-04-06 09:25:00,89.4,89.4,89.13,89.13,2415
2022-04-06 09:30:00,89.37,89.48,88.9,88.96,243651
2022-04-06 09:35:00,88.938,89.09,88.65,88.67,170248
2022-04-06 09:40:00,88.72,88.98,88.55,88.8,134494
2022-04-06 09:45:00,88.79,88.79,88.11,88.24,163257
2022-04-06 09:50:00,88.26,88.35,88.04,88.3,97122
2022-04-06 09:55:00,88.29,88.5,88.25,88.25,50400
2022-04-06 10:00:00,88.245,88.29,87.93,88.025,113850
2022-04-06 10:05:00,88.01,88.08,87.87,87.905,79446
2022-04-06 10:10:00,87.91,87.97,87.82,87.93,88053
2022-04-06 10:15:00,87.92,88.43,87.92,88.325,71652
2022-04-06 10:20:00,88.32,88.59,88.2,88.59,92947
2022-04-06 10:25:00,88.6,88.75,88.39,88.49,41902
2022-04-06 10:30:00,88.49,88.71,88.46,88.57,81476
2022-04-06 10:35:00,88.6,88.79,88.59,88.6707,67054
2022-04-06 10:40:00,88.68,88.78,88.64,88.775,28906
2022-04-06 10:45:00,88.77,89.0086,88.69,88.885,55858
2022-04-06 10:50:00,88.885,88.971,88.5501,88.65,28880
2022-04-06 10:55:00,88.64,88.87,88.64,88.76,49276
2022-04-06 11:00:00,88.775,88.875,88.695,88.84,35137
2022-04-06 11:05:00,88.83,88.85,88.64,88.65,23164
2022-04-06 11:10:00,88.62,88.73,88.595,88.66,30903
2022-04-06 11:15:00,88.645,88.71,88.48,88.52,19427
2022-04-06 11:20:00,88.52,88.7672,88.48,88.61,55604
2022-04-06 11:25:00,88.6,88.73,88.55,88.695,17350
2022-04-06 11:30:00,88.67,88.7,88.48,88.54,16473
2022-04-06 11:35:00,88.54,88.59,88.4382,88.5887,18090
2022-04-06 11:40:00,88.6,88.66,88.56,88.66,24233
2022-04-06 11:45:00,88.66,88.67,88.47,88.618,52065
2022-04-06 11:50:00,88.62,88.77,88.55,88.605,37131
2022-04-06 11:55:00,88.62,88.66,88.51,88.54,14938
2022-04-06 12:00:00,88.53,88.62,88.53,88.56,12115
2022-04-06 12:05:00,88.57,88.7203,88.57,88.6,22061
2022-04-06 12:10:00,88.595,88.66,88.58,88.63,22059
2022-04-06 12:15:00,88.618,88.62,88.43,88.5,34584
2022-04-06 12:20:00,88.5,88.56,88.43,88.54,26009
2022-04-06 12:25:00,88.55,88.5875,88.49,88.49,12716
2022-04-06 12:30:00,88.5,88.59,88.46,88.59,22542
2022-04-06 12:35:00,88.57,88.6,88.51,88.565,10576
2022-04-06 12:40:00,88.56,88.604,88.54,88.5902,123494
2022-04-06 12:45:00,88.605,88.71,88.555,88.66,200566
2022-04-06 12:50:00,88.66,88.71,88.6,88.71,33559
2022-04-06 12:55:00,88.7193,88.84,88.7193,88.82,16316
2022-04-06 13:00:00,88.81,88.865,88.77,88.8537,16710
2022-04-06 13:05:00,88.86,88.9,88.82,88.85,33818
2022-04-06 13:10:00,88.87,88.921,88.83,88.8998,29023
2022-04-06 13:15:00,88.91,89.03,88.88,89.03,18138
2022-04-06 13:20:00,89.02,89.15,88.9998,89.13,32728
2022-04-06 13:25:00,89.14,89.16,89.04,89.12,14875
2022-04-06 13:30:00,89.085,89.25,89.08,89.21,44435
2022-04-06 13:35:00,89.22,89.305,89.14,89.3,40748
2022-04-06 13:40:00,89.26,89.54,89.26,89.54,47208
2022-04-06 13:45:00,89.54,89.56,89.326,89.35,41402
2022-04-06 13:50:00,89.3308,89.5,89.32,89.46,28216
2022-04-06 13:55:00,89.46,89.51,89.24,89.5,94435
2022-04-06 14:00:00,89.51,90.0,89.4,89.73,141511
2022-04-06 14:05:00,89.72,89.73,89.33,89.47,96228
2022-04-06 14:10:00,89.485,89.5299,89.08,89.08,125627
2022-04-06 14:15:00,89.01,89.08,88.96,89.03,38720
2022-04-06 14:20:00,89.045,89.23,89.03,89.2,28650
2022-04-06 14:25:00,89.2023,89.345,89.09,89.18,34551
2022-04-06 14:30:00,89.17,89.61,89.14,89.55,23047
2022-04-06 14:35:00,89.57,89.68,89.5,89.58,36980
2022-04-06 14:40:00,89.57,89.75,89.55,89.7041,43067
2022-04-06 14:45:00,89.67,89.855,89.67,89.79,40597
2022-04-06 14:50:00,89.83,89.88,89.77,89.87,23067
2022-04-06 14:55:00,89.875,90.02,89.875,90.0,37396
2022-04-06 15:00:00,90.015,90.17,90.015,90.06,48201
2022-04-06 15:05:00,90.04,90.055,89.755,89.85,13558
2022-04-06 15:10:00,89.85,89.94,89.75,89.82,26301
2022-04-06 15:15:00,89.82,89.93,89.765,89.82,62639
2022-04-06 15:20:00,89.83,89.85,89.63,89.66,28062
2022-04-06 15:25:00,89.68,89.68,89.36,89.37,23936
2022-04-06 15:30:00,89.35,89.36,89.23,89.27,59467
2022-04-06 15:35:00,89.27,89.505,89.2,89.505,57628
2022-04-06 15:40:00,89.495,89.61,89.49,89.565,44669
2022-04-06 15:45:00,89.52,89.765,89.505,89.7,78607
2022-04-06 15:50:00,89.7,89.82,89.63,89.73,144851
2022-04-06 15:55:00,89.73,89.96,89.645,89.95,369315
2022-04-06 16:00:00,89.91,89.91,89.91,89.91,571325
2022-04-06 16:30:00,89.91,89.91,89.91,89.91,685
2022-04-06 16:40:00,89.73,89.73,89.73,89.73,1000
2022-04-06 16:45:00,89.73,89.89,89.73,89.89,220
2022-04-06 17:05:00,89.91,89.91,89.91,89.91,1315
2022-04-06 17:55:00,89.85,89.85,89.85,89.85,500
2022-04-06 18:15:00,89.89,89.9,89.89,89.9,500
2022-04-06 18:25:00,89.9,89.9,89.9,89.9,100
2022-04-06 19:45:00,89.8799,89.8799,89.8799,89.8799,1000
2022-04-07 07:05:00,90.0,90.0,90.0,90.0,200
2022-04-07 08:05:00,90.15,90.15,90.15,90.15,681
2022-04-07 08:10:00,90.15,90.15,90.1,90.1,2812
2022-04-07 08:15:00,90.1,90.1,90.05,90.05,2651
2022-04-07 09:30:00,89.82,89.84,88.93,89.16,119904
2022-04-07 09:35:00,89.21,89.506,89.01,89.44,65843
2022-04-07 09:40:00,89.45,89.76,89.39,89.4897,35965
2022-04-07 09:45:00,89.465,89.5756,89.05,89.065,71882
2022-04-07 09:50:00,89.04,89.075,88.49,88.515,56415
2022-04-07 09:55:00,88.5374,88.5374,88.1806,88.35,295292
2022-04-07 10:00:00,88.35,88.37,88.03,88.1153,57238
2022-04-07 10:05:00,88.14,88.1699,88.035,88.15,58312
2022-04-07 10:10:00,88.15,88.19,87.95,88.07,146808
2022-04-07 10:15:00,88.07,88.14,88.0,88.05,65494
2022-04-07 10:20:00,88.02,88.02,87.09,87.1969,244171
2022-04-07 10:25:00,87.2,87.43,87.13,87.325,204599
2022-04-07 10:30:00,87.31,87.785,87.275,87.68,215145
2022-04-07 10:35:00,87.71,87.9,87.64,87.85,97893
2022-04-07 10:40:00,87.85,87.85,87.56,87.738,76577
2022-04-07 10:45:00,87.73,87.8449,87.575,87.58,79443
2022-04-07 10:50:00,87.61,87.81,87.54,87.79,65651
2022-04-07 10:55:00,87.78,87.84,87.7,87.79,36984
2022-04-07 11:00:00,87.81,88.1,87.81,87.96,65157
2022-04-07 11:05:00,87.96,87.98,87.78,87.8057,35604
2022-04-07 11:10:00,87.8,88.07,87.76,88.06,58176
2022-04-07 11:15:00,88.06,88.075,87.9701,88.0399,37067
2022-04-07 11:20:00,88.04,88.32,88.0299,88.31,31721
2022-04-07 11:25:00,88.32,88.39,88.0816,88.1,40678
2022-04-07 11:30:00,88.13,88.18,87.88,88.11,155428
2022-04-07 11:35:00,88.1448,88.2513,88.0,88.04,111198
2022-04-07 11:40:00,88.02,88.1401,88.0,88.085,51515
2022-04-07 11:45:00,88.08,88.35,88.07,88.33,32222
2022-04-07 11:50:00,88.3,88.32,88.09,88.11,68878
2022-04-07 11:55:00,88.08,88.23,88.07,88.16,22746
2022-04-07 12:00:00,88.17,88.23,88.025,88.0711,14195
2022-04-07 12:05:00,88.09,88.23,88.02,88.1777,28021
2022-04-07 12:10:00,88.215,88.33,88.19,88.225,22288
2022-04-07 12:15:00,88.235,88.26,88.16,88.175,13706
2022-04-07 12:20:00,88.16,88.27,88.13,88.175,20299
2022-04-07 12:25:00,88.19,88.27,88.1309,88.21,12771
2022-04-07 12:30:00,88.21,88.27,88.1461,88.205,15380
2022-04-07 12:35:00,88.205,88.32,88.18,88.205,16885
2022-04-07 12:40:00,88.23,88.25,88.05,88.07,94367
2022-04-07 12:45:00,88.0662,88.125,88.0,88.01,19529
2022-04-07 12:50:00,88.02,88.18,88.02,88.13,17056
2022-04-07 12:55:00,88.13,88.25,88.1,88.2,124913
2022-04-07 13:00:00,88.2,88.32,88.1,88.294,44421
2022-04-07 13:05:00,88.29,88.35,88.255,88.33,19726
2022-04-07 13:10:00,88.34,88.68,88.33,88.63,23165
2022-04-07 13:15:00,88.63,88.8,88.6,88.795,18313
2022-04-07 13:20:00,88.82,88.95,88.81,88.87,31079
2022-04-07 13:25:00,88.86,88.995,88.8597,88.9579,21653
2022-04-07 13:30:00,88.9608,89.01,88.88,88.9,24242
2022-04-07 13:35:00,88.905,88.92,88.76,88.78,20586
2022-04-07 13:40:00,88.75,88.88,88.75,88.847,19770
2022-04-07 13:45:00,88.86,88.95,88.81,88.88,22225
2022-04-07 13:50:00,88.89,88.93,88.81,88.84,26408
2022-04-07 13:55:00,88.83,89.2,88.83,89.14,73667
2022-04-07 14:00:00,89.15,89.22,89.13,89.205,16868
2022-04-07 14:05:00,89.19,89.25,89.1105,89.25,24169
2022-04-07 14:10:00,89.22,89.2812,89.195,89.23,19009
2022-04-07 14:15:00,89.24,89.245,89.101,89.14,34482
2022-04-07 14:20:00,89.15,89.21,89.11,89.1989,34664
2022-04-07 14:25:00,89.21,89.44,89.2,89.3,33778
2022-04-07 14:30:00,89.28,89.37,89.26,89.31,32471
2022-04-07 14:35:00,89.3,89.325,89.245,89.29,16863
2022-04-07 14:40:00,89.29,89.36,89.235,89.35,16240
2022-04-07 14:45:00,89.34,89.46,89.32,89.44,32792
2022-04-07 14:50:00,89.42,89.6361,89.4,89.61,34047
2022-04-07 14:55:00,89.61,89.95,89.61,89.86,66465
2022-04-07 15:00:00,89.86,90.08,89.82,89.955,80479
2022-04-07 15:05:00,89.95,90.0,89.84,89.93,34182
2022-04-07 15:10:00,89.87,89.89,89.83,89.86,16779
2022-04-07 15:15:00,89.8586,89.935,89.6,89.61,190296
2022-04-07 15:20:00,89.6,89.6,89.5,89.58,16940
2022-04-07 15:25:00,89.58,89.685,89.58,89.68,26672
2022-04-07 15:30:00,89.67,89.725,89.6,89.72,28534
2022-04-07 15:35:00,89.72,89.82,89.63,89.82,46105
2022-04-07 15:40:00,89.81,90.01,89.78,89.995,68429
2022-04-07 15:45:00,90.0,90.07,89.75,89.84,120409
2022-04-07 15:50:00,89.82,89.84,89.59,89.71,198264
2022-04-07 15:55:00,89.69,89.69,89.26,89.44,402862
2022-04-07 16:00:00,89.46,89.73,89.46,89.46,971806
2022-04-07 16:05:00,89.74,89.74,89.74,89.74,191
2022-04-07 16:20:00,89.46,89.46,89.46,89.46,4421
2022-04-07 16:25:00,89.0,89.0,89.0,89.0,100
2022-04-07 18:10:00,89.44,89.44,89.44,89.44,300
2022-04-07 19:15:00,89.46,89.46,89.46,89.46,100
2022-04-07 19:55:00,89.78,89.78,89.78,89.78,100
2022-04-08 05:30:00,89.56,89.56,89.56,89.56,137
2022-04-08 07:35:00,90.0,90.0,90.0,90.0,100
2022-04-08 07:50:00,89.99,89.99,89.99,89.99,500
2022-04-08 08:00:00,90.45,90.45,90.45,90.45,200
2022-04-08 08:25:00,89.51,89.51,89.51,89.51,117
2022-04-08 08:50:00,89.51,89.51,89.51,89.51,500
2022-04-08 09:00:00,89.53,89.53,89.51,89.51,1550
2022-04-08 09:20:00,89.48,89.48,89.48,89.48,244
2022-04-08 09:25:00,89.41,89.41,89.41,89.41,400
2022-04-08 09:30:00,89.49,89.99,89.25,89.38,83678
2022-04-08 09:35:00,89.39,89.45,88.88,88.88,26619
2022-04-08 09:40:00,88.85,89.1943,88.85,89.07,57791
2022-04-08 09:45:00,89.07,89.18,88.98,88.9893,26415
2022-04-08 09:50:00,88.98,88.9866,88.6301,88.66,41129
2022-04-08 09:55:00,88.63,88.82,88.62,88.75,27013
2022-04-08 10:00:00,88.79,88.99,88.75,88.895,37583
2022-04-08 10:05:00,88.85,89.0,88.7117,88.94,18609
2022-04-08 10:10:00,88.96,89.0,88.7,88.87,41901
2022-04-08 10:15:00,88.88,89.06,88.84,89.0321,35237
2022-04-08 10:20:00,89.05,89.25,88.96,89.25,25167
2022-04-08 10:25:00,89.27,89.38,89.24,89.305,26946
2022-04-08 10:30:00,89.3,89.49,89.29,89.47,24868
2022-04-08 10:35:00,89.47,89.56,89.43,89.51,15494
2022-04-08 10:40:00,89.5114,89.6,89.49,89.55,15306
2022-04-08 10:45:00,89.52,89.63,89.44,89.62,24655
2022-04-08 10:50:00,89.6239,90.1,89.6239,90.0,39045
2022-04-08 10:55:00,89.98,90.1068,89.95,90.1068,25095
2022-04-08 11:00:00,90.12,90.23,90.08,90.19,29375
2022-04-08 11:05:00,90.14,90.19,90.04,90.1,28926
2022-04-08 11:10:00,90.11,90.265,90.066,90.255,45809
2022-04-08 11:15:00,90.2368,90.25,90.16,90.19,23376
2022-04-08 11:20:00,90.17,90.23,90.08,90.16,23481
2022-04-08 11:25:00,90.17,90.24,90.13,90.17,37369
2022-04-08 11:30:00,90.15,90.27,90.15,90.245,27419
2022-04-08 11:35:00,90.26,90.26,90.07,90.08,35237
2022-04-08 11:40:00,90.06,90.15,90.04,90.04,18371
2022-04-08 11:45:00,90.05,90.17,89.9951,90.075,20724
2022-04-08 11:50:00,90.04,90.07,89.77,89.77,16234
2022-04-08 11:55:00,89.74,89.88,89.68,89.86,19897
2022-04-08 12:00:00,89.85,89.86,89.7,89.755,24878
2022-04-08 12:05:00,89.75,89.76,89.575,89.59,26340
2022-04-08 12:10:00,89.59,89.65,89.5,89.59,17415
2022-04-08 12:15:00,89.58,89.7,89.55,89.675,19782
2022-04-08 12:20:00,89.681,89.79,89.66,89.71,12527
2022-04-08 12:25:00,89.715,89.84,89.715,89.7973,21201
2022-04-08 12:30:00,89.8,89.81,89.635,89.635,8828
2022-04-08 12:35:00,89.66,89.74,89.631,89.74,16628
2022-04-08 12:40:00,89.75,89.831,89.7,89.8036,15582
2022-04-08 12:45:00,89.8199,89.86,89.6951,89.72,19049
2022-04-08 12:50:00,89.71,89.89,89.71,89.89,42212
2022-04-08 12:55:00,89.89,89.93,89.88,89.9226,14701
2022-04-08 13:00:00,89.925,90.08,89.91,90.07,62089
2022-04-08 13:05:00,90.08,90.09,89.8923,89.8989,16814
2022-04-08 13:10:00,89.91,89.9113,89.754,89.76,15460
2022-04-08 13:15:00,89.77,89.78,89.7009,89.735,14524
2022-04-08 13:20:00,89.735,89.87,89.735,89.85,19094
2022-04-08 13:25:00,89.87,89.9,89.83,89.85,21459
2022-04-08 13:30:00,89.85,89.89,89.82,89.84,28313
2022-04-08 13:35:00,89.83,89.885,89.78,89.7901,43058
2022-04-08 13:40:00,89.8025,89.92,89.79,89.8705,16969
2022-04-08 13:45:00,89.88,89.89,89.79,89.82,15680
2022-04-08 13:50:00,89.82,89.9285,89.79,89.9,21760
2022-04-08 13:55:00,89.9,89.9,89.83,89.87,19878
2022-04-08 14:00:00,89.86,89.88,89.8104,89.83,24629
2022-04-08 14:05:00,89.84,89.8831,89.805,89.8831,26603
2022-04-08 14:10:00,89.88,89.89,89.84,89.885,13287
2022-04-08 14:15:00,89.885,89.885,89.76,89.76,39813
2022-04-08 14:20:00,89.76,89.885,89.75,89.7775,33638
2022-04-08 14:25:00,89.77,89.77,89.42,89.44,58866
2022-04-08 14:30:00,89.42,89.48,89.38,89.44,27194
2022-04-08 14:35:00,89.45,89.5,89.42,89.47,22610
2022-04-08 14:40:00,89.46,89.57,89.4528,89.57,44786
2022-04-08 14:45:00,89.57,89.66,89.55,89.6003,24279
2022-04-08 14:50:00,89.609,89.77,89.59,89.74,27093
2022-04-08 14:55:00,89.735,89.76,89.61,89.62,18635
2022-04-08 15:00:00,89.625,89.64,89.56,89.58,35690
2022-04-08 15:05:00,89.6,89.61,89.52,89.56,26780
2022-04-08 15:10:00,89.5639,89.7,89.52,89.62,61422
2022-04-08 15:15:00,89.6,89.7316,89.56,89.585,24401
2022-04-08 15:20:00,89.58,89.62,89.52,89.6,28912
2022-04-08 15:25:00,89.62,89.735,89.62,89.735,22857
2022-04-08 15:30:00,89.74,89.76,89.65,89.6599,47251
2022-04-08 15:35:00,89.64,89.72,89.59,89.69,51980
2022-04-08 15:40:00,89.685,89.81,89.65,89.78,67948
2022-04-08 15:45:00,89.79,89.8303,89.7,89.735,78945
2022-04-08 15:50:00,89.73,89.76,89.6,89.6534,140324
2022-04-08 15:55:00,89.64,89.79,89.63,89.79,435761
2022-04-08 16:00:00,89.74,89.74,89.74,89.74,335162
2022-04-08 16:15:00,89.74,89.74,89.74,89.74,1681
2022-04-08 17:05:00,89.4283,89.4283,89.4283,89.4283,2500
2022-04-08 19:50:00,89.87,89.88,89.87,89.88,412
2022-04-08 19:55:00,89.88,89.89,89.8,89.8,902
2022-04-11 05:50:00,89.33,89.33,89.33,89.33,100
2022-04-11 07:20:00,89.17,89.17,89.16,89.16,413
2022-04-11 07:45:00,89.1,89.1,89.1,89.1,194
2022-04-11 08:15:00,88.88,88.88,88.88,88.88,200
2022-04-11 08:40:00,88.9,89.13,88.88,89.0,1260
2022-04-11 09:15:00,89.0,89.0,89.0,89.0,724
2022-04-11 09:25:00,88.88,89.54,88.88,89.54,4558
2022-04-11 09:30:00,89.54,89.8399,89.03,89.36,115498
2022-04-11 09:35:00,89.36,89.75,89.36,89.48,106927
2022-04-11 09:40:00,89.48,89.67,89.27,89.5,92381
2022-04-11 09:45:00,89.5,90.0003,89.5,89.87,173285
2022-04-11 09:50:00,89.89,90.2802,89.62,90.28,255249
2022-04-11 09:55:00,90.305,90.48,90.0505,90.46,48441
2022-04-11 10:00:00,90.44,90.76,90.42,90.615,111780
2022-04-11 10:05:00,90.61,91.06,90.56,91.02,161654
2022-04-11 10:10:00,91.02,91.4055,91.0,91.38,169346
2022-04-11 10:15:00,91.375,91.4433,91.19,91.2,95530
2022-04-11 10:20:00,91.1801,91.585,90.97,90.9845,149669
2022-04-11 10:25:00,90.98,91.2,90.949,91.17,62959
2022-04-11 10:30:00,91.155,91.33,91.08,91.155,62425
2022-04-11 10:35:00,91.17,91.2,90.735,90.77,91335
2022-04-11 10:40:00,90.8,90.91,90.65,90.69,67864
2022-04-11 10:45:00,90.7,90.7487,90.53,90.545,34276
2022-04-11 10:50:00,90.52,90.63,90.43,90.56,47352
2022-04-11 10:55:00,90.5214,90.56,90.375,90.4433,36520
2022-04-11 11:00:00,90.43,90.46,90.135,90.14,32051
2022-04-11 11:05:00,90.165,90.21,89.815,89.85,34688
2022-04-11 11:10:00,89.84,89.91,89.69,89.75,43564
2022-04-11 11:15:00,89.755,89.8156,89.71,89.73,30218
2022-04-11 11:20:00,89.735,89.75,89.55,89.67,40726
2022-04-11 11:25:00,89.67,90.0,89.64,89.99,36526
2022-04-11 11:30:00,89.97,90.11,89.955,90.02,31397
2022-04-11 11:35:00,90.05,90.19,90.02,90.13,15525
2022-04-11 11:40:00,90.13,90.24,90.13,90.2251,14709
2022-04-11 11:45:00,90.24,90.27,90.05,90.08,17092
2022-04-11 11:50:00,90.08,90.1,89.99,90.05,13213
2022-04-11 11:55:00,90.05,90.09,89.995,90.07,18203
2022-04-11 12:00:00,90.07,90.115,89.99,90.04,21689
2022-04-11 12:05:00,90.049,90.09,89.99,90.06,17701
2022-04-11 12:10:00,90.06,90.08,90.0,90.06,11701
2022-04-11 12:15:00,90.06,90.12,90.02,90.12,11753
2022-04-11 12:20:00,90.13,90.188,90.0828,90.18,19654
2022-04-11 12:25:00,90.17,90.17,90.055,90.06,18149
2022-04-11 12:30:00,90.06,90.13,90.01,90.12,11692
2022-04-11 12:35:00,90.12,90.14,90.06,90.11,5171
2022-04-11 12:40:00,90.09,90.1,89.97,89.99,24182
2022-04-11 12:45:00,90.0,90.06,89.97,90.0,18235
2022-04-11 12:50:00,89.99,90.06,89.89,89.93,23830
2022-04-11 12:55:00,89.93,90.06,89.92,90.05,16762
2022-04-11 13:00:00,90.05,90.2106,90.05,90.14,16069
2022-04-11 13:05:00,90.14,90.305,90.13,90.28,53148
2022-04-11 13:10:00,90.26,90.33,90.225,90.32,65883
2022-04-11 13:15:00,90.33,90.39,90.17,90.245,26205
2022-04-11 13:20:00,90.25,90.33,90.17,90.205,39794
2022-04-11 13:25:00,90.22,90.26,90.17,90.24,32443
2022-04-11 13:30:00,90.26,90.31,90.2,90.2566,34511
2022-04-11 13:35:00,90.26,90.31,90.2,90.31,20584
2022-04-11 13:40:00,90.3,90.36,90.27,90.29,20518
2022-04-11 13:45:00,90.3,90.315,90.23,90.25,52763
2022-04-11 13:50:00,90.25,90.25,90.1401,90.205,26686
2022-04-11 13:55:00,90.205,90.45,90.185,90.45,110136
2022-04-11 14:00:00,90.45,90.49,90.31,90.35,43338
2022-04-11 14:05:00,90.36,90.44,90.295,90.33,41485
2022-04-11 14:10:00,90.3,90.34,90.13,90.15,30174
2022-04-11 14:15:00,90.14,90.14,90.03,90.05,18643
2022-04-11 14:20:00,90.05,90.12,90.0301,90.11,15007
2022-04-11 14:25:00,90.13,90.19,90.11,90.115,35444
2022-04-11 14:30:00,90.1,90.23,90.06,90.225,17653
2022-04-11 14:35:00,90.24,90.246,90.19,90.24,13640
2022-04-11 14:40:00,90.25,90.27,90.1,90.18,13701
2022-04-11 14:45:00,90.2,90.37,90.15,90.365,43728
2022-04-11 14:50:00,90.36,90.47,90.35,90.445,30699
2022-04-11 14:55:00,90.445,90.52,90.44,90.4715,38197
2022-04-11 15:00:00,90.475,90.55,90.37,90.38,55434
2022-04-11 15:05:00,90.38,90.45,90.3,90.44,25979
2022-04-11 15:10:00,90.44,90.49,90.38,90.44,27748
2022-04-11 15:15:00,90.46,90.46,90.295,90.3536,31249
2022-04-11 15:20:00,90.365,90.37,90.2805,90.32,14923
2022-04-11 15:25:00,90.32,90.32,90.1,90.11,23238
2022-04-11 15:30:00,90.11,90.15,89.92,89.94,26987
2022-04-11 15:35:00,89.93,89.9744,89.88,89.9379,29269
2022-04-11 15:40:00,89.93,89.98,89.83,89.87,39030
2022-04-11 15:45:00,89.86,89.86,89.66,89.71,55968
2022-04-11 15:50:00,89.71,89.78,89.55,89.59,83181
2022-04-11 15:55:00,89.58,89.68,89.54,89.67,226677
2022-04-11 16:00:00,89.67,89.67,89.67,89.67,579809
2022-04-11 18:10:00,89.98,89.98,89.98,89.98,100
2022-04-11 18:15:00,89.68,89.68,89.08,89.67,2331
2022-04-11 19:55:00,89.5,89.5,89.5,89.5,200
2022-04-12 08:00:00,89.75,89.75,89.75,89.75,100
2022-04-12 08:30:00,90.0,90.0,90.0,90.0,422
2022-04-12 08:40:00,90.5095,90.5095,90.5095,90.5095,100
2022-04-12 08:50:00,90.44,90.61,90.44,90.61,202
2022-04-12 08:55:00,90.7,90.7,90.03,90.03,820
2022-04-12 09:00:00,90.26,90.45,90.24,90.35,4129
2022-04-12 09:10:00,90.24,90.24,90.24,90.24,300
2022-04-12 09:15:00,90.4,90.4,90.4,90.4,100
2022-04-12 09:25:00,90.15,90.5,90.0,90.0,2476
2022-04-12 09:30:00,90.0,90.03,89.3,89.7,153795
2022-04-12 09:35:00,89.76,90.88,89.68,90.86,101912
2022-04-12 09:40:00,90.9,91.28,90.83,90.96,151599
2022-04-12 09:45:00,90.96,91.1,90.735,90.95,155390
2022-04-12 09:50:00,90.95,91.23,90.9382,91.075,55935
2022-04-12 09:55:00,91.0,91.22,91.0,91.1501,23866
2022-04-12 10:00:00,91.17,91.34,90.89,91.21,44957
2022-04-12 10:05:00,91.19,91.25,91.11,91.2,73518
2022-04-12 10:10:00,91.205,91.28,91.0,91.05,48956
2022-04-12 10:15:00,91.1,91.15,90.7418,90.78,50485
2022-04-12 10:20:00,90.78,90.99,90.77,90.84,16801
2022-04-12 10:25:00,90.85,90.88,90.5516,90.605,25097
2022-04-12 10:30:00,90.6,90.71,90.5,90.7,27467
2022-04-12 10:35:00,90.71,90.82,90.5,90.61,26525
2022-04-12 10:40:00,90.6,90.72,90.57,90.645,17034
2022-04-12 10:45:00,90.64,90.7,90.56,90.685,25684
2022-04-12 10:50:00,90.6864,90.73,90.58,90.64,21862
2022-04-12 10:55:00,90.63,90.65,90.54,90.57,19315
2022-04-12 11:00:00,90.555,90.69,90.51,90.67,21975
2022-04-12 11:05:00,90.66,90.78,90.5613,90.613,16152
2022-04-12 11:10:00,90.63,90.7,90.59,90.7,17743
2022-04-12 11:15:00,90.72,90.725,90.61,90.725,11853
2022-04-12 11:20:00,90.74,90.84,90.74,90.8399,13912
2022-04-12 11:25:00,90.84,90.95,90.79,90.83,35380
2022-04-12 11:30:00,90.84,90.915,90.79,90.815,13622
2022-04-12 11:35:00,90.84,90.86,90.67,90.755,12134
2022-04-12 11:40:00,90.75,90.8,90.7,90.8,9850
2022-04-12 11:45:00,90.8,90.92,90.78,90.91,36637
2022-04-12 11:50:00,90.89,90.94,90.82,90.92,11851
2022-04-12 11:55:00,90.93,90.98,90.83,90.87,9978
2022-04-12 12:00:00,90.87,90.91,90.78,90.8227,22081
2022-04-12 12:05:00,90.83,90.85,90.63,90.64,25013
2022-04-12 12:10:00,90.66,90.72,90.615,90.67,15389
2022-04-12 12:15:00,90.67,90.73,90.58,90.58,17992
2022-04-12 12:20:00,90.55,90.6373,90.41,90.43,36035
2022-04-12 12:25:00,90.43,90.43,90.285,90.36,18694
2022-04-12 12:30:00,90.35,90.445,90.32,90.38,9761
2022-04-12 12:35:00,90.41,90.48,90.38,90.46,13402
2022-04-12 12:40:00,90.46,90.46,90.33,90.36,18340
2022-04-12 12:45:00,90.38,90.4,90.25,90.3815,23306
2022-04-12 12:50:00,90.37,90.44,90.35,90.38,19385
2022-04-12 12:55:00,90.38,90.405,90.33,90.38,10473
2022-04-12 13:00:00,90.36,90.43,90.2765,90.31,25218
2022-04-12 13:05:00,90.33,90.4,90.31,90.31,15677
2022-04-12 13:10:00,90.37,90.545,90.36,90.485,21595
2022-04-12 13:15:00,90.46,90.47,90.36,90.4221,19947
2022-04-12 13:20:00,90.425,90.49,90.3406,90.38,23032
2022-04-12 13:25:00,90.35,90.35,90.24,90.245,19068
2022-04-12 13:30:00,90.25,90.315,90.175,90.28,14211
2022-04-12 13:35:00,90.265,90.31,90.22,90.24,21181
2022-04-12 13:40:00,90.23,90.26,90.1201,90.15,16228
2022-04-12 13:45:00,90.14,90.14,90.02,90.12,20409
2022-04-12 13:50:00,90.13,90.17,90.05,90.08,22616
2022-04-12 13:55:00,90.09,90.1,89.93,89.99,36689
2022-04-12 14:00:00,90.02,90.08,89.91,90.04,45122
2022-04-12 14:05:00,90.03,90.14,90.02,90.07,18278
2022-04-12 14:10:00,90.075,90.075,89.81,89.81,70859
2022-04-12 14:15:00,89.82,89.825,89.67,89.78,29095
2022-04-12 14:20:00,89.76,89.81,89.7,89.705,25220
2022-04-12 14:25:00,89.7,89.77,89.68,89.685,16266
2022-04-12 14:30:00,89.68,89.74,89.57,89.73,23864
2022-04-12 14:35:00,89.73,89.915,89.66,89.84,35869
2022-04-12 14:40:00,89.86,89.9,89.79,89.83,53343
2022-04-12 14:45:00,89.84,89.99,89.84,89.91,50384
2022-04-12 14:50:00,89.91,90.025,89.87,89.99,44769
2022-04-12 14:55:00,89.98,90.025,89.95,89.98,37737
2022-04-12 15:00:00,89.98,90.04,89.77,89.83,64787
2022-04-12 15:05:00,89.82,89.92,89.73,89.77,44140
2022-04-12 15:10:00,89.77,89.84,89.74,89.8,35378
2022-04-12 15:15:00,89.83,89.965,89.79,89.96,45664
2022-04-12 15:20:00,89.96,90.04,89.945,89.95,38447
2022-04-12 15:25:00,89.95,90.03,89.83,89.845,70283
2022-04-12 15:30:00,89.84,89.84,89.61,89.68,80609
2022-04-12 15:35:00,89.69,89.83,89.68,89.805,140780
2022-04-12 15:40:00,89.79,89.86,89.64,89.71,62415
2022-04-12 15:45:00,89.7,89.88,89.63,89.82,98752
2022-04-12 15:50:00,89.81,89.885,89.72,89.83,117887
2022-04-12 15:55:00,89.83,90.06,89.805,90.01,251375
2022-04-12 16:00:00,90.0,90.0,90.0,90.0,393503
2022-04-12 16:05:00,89.89,90.0,89.89,90.0,287
2022-04-12 16:20:00,90.0,90.0,90.0,90.0,1000
2022-04-12 16:35:00,90.0001,90.0001,90.0001,90.0001,100
2022-04-12 16:55:00,90.0,90.0,90.0,90.0,1000
2022-04-12 17:00:00,90.0,90.0,90.0,90.0,422
2022-04-12 19:35:00,90.09,90.09,90.09,90.09,100
2022-04-12 19:50:00,90.09,90.13,90.09,90.13,800
2022-04-13 07:00:00,90.3,90.3,90.3,90.3,358
2022-04-13 07:20:00,90.9,91.0,90.9,91.0,580
2022-04-13 08:30:00,90.02,90.02,90.02,90.02,487
2022-04-13 08:40:00,90.45,90.51,90.37,90.46,3624
2022-04-13 09:00:00,90.22,90.27,90.22,90.27,1100
2022-04-13 09:10:00,90.0,90.0,90.0,90.0,475
2022-04-13 09:30:00,90.16,91.18,89.99,90.9,138818
2022-04-13 09:35:00,90.9826,91.39,90.935,91.24,91168
2022-04-13 09:40:00,91.26,91.45,91.065,91.225,61044
2022-04-13 09:45:00,91.26,91.45,91.21,91.28,80907
2022-04-13 09:50:00,91.3,91.37,91.1001,91.26,35855
2022-04-13 09:55:00,91.25,91.26,91.055,91.07,50548
2022-04-13 10:00:00,91.07,91.09,90.54,90.71,81127
2022-04-13 10:05:00,90.7075,90.84,90.57,90.6,27196
2022-04-13 10:10:00,90.595,90.85,90.58,90.62,56520
2022-04-13 10:15:00,90.66,90.91,90.645,90.7906,28804
2022-04-13 10:20:00,90.805,90.86,90.61,90.7995,21377
2022-04-13 10:25:00,90.83,90.98,90.69,90.69,22284
2022-04-13 10:30:00,90.66,90.82,90.64,90.75,27579
2022-04-13 10:35:00,90.75,90.81,90.57,90.595,23461
2022-04-13 10:40:00,90.6,90.69,90.38,90.69,42959
2022-04-13 10:45:00,90.7,90.85,90.69,90.745,16748
2022-04-13 10:50:00,90.76,90.94,90.76,90.8,39171
2022-04-13 10:55:00,90.795,91.02,90.77,90.98,33612
2022-04-13 11:00:00,90.975,91.1,90.8831,91.045,14663
2022-04-13 11:05:00,91.06,91.06,90.9044,90.93,8772
2022-04-13 11:10:00,90.95,91.05,90.95,91.035,25285
2022-04-13 11:15:00,91.0201,91.1,91.0,91.0976,12928
2022-04-13 11:20:00,91.09,91.14,91.035,91.09,34335
2022-04-13 11:25:00,91.1,91.22,91.1,91.15,15652
2022-04-13 11:30:00,91.1512,91.23,91.11,91.17,29798
2022-04-13 11:35:00,91.19,91.23,91.1077,91.18,17348
2022-04-13 11:40:00,91.19,91.19,91.0837,91.11,14943
2022-04-13 11:45:00,91.125,91.22,91.095,91.165,26652
2022-04-13 11:50:00,91.16,91.16,90.96,91.0,30278
2022-04-13 11:55:00,90.99,91.045,90.9701,91.03,27367
2022-04-13 12:00:00,91.0116,91.08,90.94,91.08,13823
2022-04-13 12:05:00,91.07,91.13,91.0428,91.05,13345
2022-04-13 12:10:00,91.04,91.1,90.98,91.09,17005
2022-04-13 12:15:00,91.1,91.11,91.011,91.06,10900
2022-04-13 12:20:00,91.07,91.15,91.03,91.15,25484
2022-04-13 12:25:00,91.13,91.18,91.06,91.15,15911
2022-04-13 12:30:00,91.175,91.215,91.1002,91.14,15716
2022-04-13 12:35:00,91.16,91.22,91.15,91.16,17085
2022-04-13 12:40:00,91.16,91.4,91.14,91.4,51239
2022-04-13 12:45:00,91.405,91.42,91.32,91.35,18538
2022-04-13 12:50:00,91.35,91.35,91.23,91.25,15015
2022-04-13 12:55:00,91.25,91.27,91.104,91.13,28359
2022-04-13 13:00:00,91.12,91.23,91.095,91.19,13715
2022-04-13 13:05:00,91.18,91.24,91.18,91.23,6198
2022-04-13 13:10:00,91.23,91.28,91.191,91.205,11645
2022-04-13 13:15:00,91.19,91.26,91.19,91.25,11532
2022-04-13 13:20:00,91.25,91.26,91.18,91.2,16843
2022-04-13 13:25:00,91.205,91.205,91.05,91.06,12328
2022-04-13 13:30:00,91.06,91.11,90.93,90.94,21934
2022-04-13 13:35:00,90.94,90.95,90.86,90.86,31370
2022-04-13 13:40:00,90.87,90.91,90.81,90.86,25266
2022-04-13 13:45:00,90.87,90.925,90.86,90.9,15546
2022-04-13 13:50:00,90.89,90.89,90.785,90.79,15329
2022-04-13 13:55:00,90.78,90.8,90.7,90.8,32165
2022-04-13 14:00:00,90.79,90.8,90.705,90.73,12914
2022-04-13 14:05:00,90.73,90.83,90.73,90.8,27365
2022-04-13 14:10:00,90.79,90.815,90.58,90.64,44469
2022-04-13 14:15:00,90.65,90.7,90.63,90.66,16545
2022-04-13 14:20:00,90.69,90.73,90.55,90.565,18119
2022-04-13 14:25:00,90.57,90.68,90.51,90.67,37886
2022-04-13 14:30:00,90.68,90.7,90.62,90.66,15409
2022-04-13 14:35:00,90.66,90.67,90.59,90.59,14483
2022-04-13 14:40:00,90.6,90.72,90.585,90.72,17537
2022-04-13 14:45:00,90.71,90.71,90.65,90.7,9400
2022-04-13 14:50:00,90.69,90.739,90.64,90.65,19324
2022-04-13 14:55:00,90.65,90.705,90.615,90.665,20918
2022-04-13 15:00:00,90.665,90.675,90.545,90.58,65127
2022-04-13 15:05:00,90.58,90.615,90.5076,90.54,25898
2022-04-13 15:10:00,90.52,90.6,90.515,90.59,17473
2022-04-13 15:15:00,90.58,90.68,90.58,90.66,21832
2022-04-13 15:20:00,90.66,90.71,90.62,90.71,24929
2022-04-13 15:25:00,90.72,90.72,90.5771,90.63,34259
2022-04-13 15:30:00,90.64,90.73,90.635,90.72,72568
2022-04-13 15:35:00,90.74,90.74,90.65,90.715,70242
2022-04-13 15:40:00,90.71,90.74,90.66,90.72,88289
2022-04-13 15:45:00,90.72,90.835,90.705,90.765,130868
2022-04-13 15:50:00,90.76,90.77,90.64,90.71,127341
2022-04-13 15:55:00,90.71,90.78,90.68,90.76,209266
2022-04-13 16:00:00,90.75,90.75,90.75,90.75,427526
2022-04-13 16:35:00,90.75,90.75,90.75,90.75,400
2022-04-13 17:15:00,90.6,90.6,90.6,90.6,312
2022-04-13 19:45:00,90.53,90.53,90.53,90.53,230
2022-04-14 08:20:00,90.9,90.9,90.9,90.9,330
2022-04-14 08:25:00,90.99,91.0,90.99,90.9999,3099
2022-04-14 08:30:00,91.0,91.0,90.98,90.98,11089
2022-04-14 08:40:00,90.7,90.8,90.7,90.8,398
2022-04-14 08:50:00,91.03,91.03,90.8,90.8,5311
2022-04-14 09:05:00,90.86,90.86,90.86,90.86,120
2022-04-14 09:15:00,90.87,90.88,90.87,90.88,581
2022-04-14 09:25:00,90.61,90.61,90.61,90.61,101
2022-04-14 09:30:00,91.04,91.99,90.97,91.945,241230
2022-04-14 09:35:00,91.98,92.15,91.35,91.56,79596
2022-04-14 09:40:00,91.57,91.58,91.14,91.175,64407
2022-04-14 09:45:00,91.175,91.46,90.94,91.105,46676
2022-04-14 09:50:00,91.09,91.18,90.89,91.01,22007
2022-04-14 09:55:00,91.05,91.3,91.015,91.18,24635
2022-04-14 10:00:00,91.225,91.68,91.21,91.6,42964
2022-04-14 10:05:00,91.5669,91.5669,90.985,91.0684,46717
2022-04-14 10:10:00,91.02,91.15,91.01,91.025,23742
2022-04-14 10:15:00,91.0155,91.16,90.88,90.98,32616
2022-04-14 10:20:00,91.0,91.24,90.9568,91.16,23718
2022-04-14 10:25:00,91.1786,91.2,91.01,91.165,21001
2022-04-14 10:30:00,91.17,91.31,91.1,91.2101,30072
2022-04-14 10:35:00,91.235,91.28,90.942,91.015,28831
2022-04-14 10:40:00,91.0,91.03,90.9101,91.0,21574
2022-04-14 10:45:00,90.98,91.055,90.91,90.95,20648
2022-04-14 10:50:00,90.92,90.96,90.82,90.9162,37590
2022-04-14 10:55:00,90.945,91.08,90.93,91.01,29350
2022-04-14 11:00:00,90.95,91.135,90.9273,91.12,37491
2022-04-14 11:05:00,91.09,91.17,91.05,91.11,24293
2022-04-14 11:10:00,91.115,91.12,90.94,91.04,34457
2022-04-14 11:15:00,91.06,91.09,90.94,90.97,21708
2022-04-14 11:20:00,91.0,91.125,90.9,91.11,28736
2022-04-14 11:25:00,91.14,91.18,90.97,90.97,17278
2022-04-14 11:30:00,90.98,91.06,90.97,90.99,17954
2022-04-14 11:35:00,90.96,91.0,90.84,90.8568,13319
2022-04-14 11:40:00,90.91,90.91,90.75,90.77,15189
2022-04-14 11:45:00,90.77,90.85,90.74,90.85,13389
2022-04-14 11:50:00,90.84,90.89,90.75,90.75,23835
2022-04-14 11:55:00,90.74,90.93,90.7,90.93,19981
2022-04-14 12:00:00,90.91,90.955,90.83,90.85,19338
2022-04-14 12:05:00,90.83,90.9279,90.79,90.89,9987
2022-04-14 12:10:00,90.875,90.875,90.78,90.79,10418
2022-04-14 12:15:00,90.8,90.84,90.66,90.72,15299
2022-04-14 12:20:00,90.72,90.81,90.69,90.8,11418
2022-04-14 12:25:00,90.81,90.825,90.68,90.74,13503
2022-04-14 12:30:00,90.755,90.76,90.69,90.7,8713
2022-04-14 12:35:00,90.6994,90.77,90.695,90.73,12744
2022-04-14 12:40:00,90.71,90.79,90.7,90.7218,13822
2022-04-14 12:45:00,90.72,90.76,90.69,90.75,10760
2022-04-14 12:50:00,90.74,90.75,90.7,90.73,17829
2022-04-14 12:55:00,90.74,90.85,90.705,90.8449,13966
2022-04-14 13:00:00,90.86,90.88,90.77,90.85,8911
2022-04-14 13:05:00,90.82,90.82,90.715,90.75,12213
2022-04-14 13:10:00,90.745,90.785,90.72,90.735,25134
2022-04-14 13:15:00,90.74,90.7526,90.675,90.705,23395
2022-04-14 13:20:00,90.69,90.7406,90.66,90.685,12311
2022-04-14 13:25:00,90.69,90.71,90.63,90.66,17056
2022-04-14 13:30:00,90.66,90.75,90.66,90.74,22601
2022-04-14 13:35:00,90.75,90.86,90.75,90.83,12283
2022-04-14 13:40:00,90.84,90.95,90.77,90.91,14353
2022-04-14 13:45:00,90.93,91.03,90.93,90.99,23514
2022-04-14 13:50:00,91.0,91.045,90.97,91.0,20225
2022-04-14 13:55:00,90.99,91.14,90.985,91.13,34171
2022-04-14 14:00:00,91.15,91.27,91.13,91.23,21235
2022-04-14 14:05:00,91.22,91.2374,91.07,91.105,12812
2022-04-14 14:10:00,91.11,91.2,91.07,91.2,26232
2022-04-14 14:15:00,91.205,91.205,91.1,91.13,25469
2022-04-14 14:20:00,91.1063,91.115,90.93,91.0,20063
2022-04-14 14:25:00,91.02,91.1,90.97,91.0682,18188
2022-04-14 14:30:00,91.08,91.1401,91.025,91.065,19243
2022-04-14 14:35:00,91.09,91.11,91.005,91.01,12049
2022-04-14 14:40:00,91.04,91.06,91.02,91.055,8488
2022-04-14 14:45:00,91.06,91.11,91.0241,91.0854,8947
2022-04-14 14:50:00,91.08,91.09,90.82,90.835,14561
2022-04-14 14:55:00,90.85,90.85,90.755,90.79,17266
2022-04-14 15:00:00,90.79,90.85,90.715,90.825,18713
2022-04-14 15:05:00,90.83,90.885,90.75,90.75,15126
2022-04-14 15:10:00,90.75,90.78,90.68,90.76,39182
2022-04-14 15:15:00,90.77,91.05,90.76,91.04,39800
2022-04-14 15:20:00,91.07,91.07,91.0,91.06,35020
2022-04-14 15:25:00,91.07,91.08,90.91,90.97,29961
2022-04-14 15:30:00,90.965,91.01,90.87,90.87,35328
2022-04-14 15:35:00,90.88,90.9906,90.865,90.88,36418
2022-04-14 15:40:00,90.885,91.01,90.84,91.005,36639
2022-04-14 15:45:00,91.015,91.03,90.9,90.95,65179
2022-04-14 15:50:00,90.94,90.94,90.8,90.92,76963
2022-04-14 15:55:00,90.91,90.94,90.8,90.84,191989
2022-04-14 16:00:00,90.83,90.83,90.7,90.83,580760
2022-04-14 16:05:00,90.83,90.83,90.83,90.83,16882
2022-04-14 16:10:00,90.68,90.68,90.68,90.68,125
2022-04-14 17:25:00,90.71,90.71,90.71,90.71,1000
2022-04-14 17:30:00,90.83,90.83,90.83,90.83,1000
2022-04-14 17:45:00,90.83,90.83,90.83,90.83,160
2022-04-14 17:55:00,90.83,90.83,90.83,90.83,100
2022-04-14 18:00:00,91.01,91.01,91.01,91.01,120
2022-04-14 18:05:00,90.84,90.84,90.83,90.83,220
2022-04-14 18:10:00,90.68,90.68,90.68,90.68,100
2022-04-14 18:25:00,91.02,91.02,90.99,90.99,4200
2022-04-14 18:30:00,90.99,90.99,90.99,90.99,200
2022-04-14 18:35:00,90.83,90.99,90.83,90.99,250
2022-04-14 18:40:00,90.99,90.99,90.99,90.99,100
2022-04-14 19:00:00,91.0,91.0,91.0,91.0,100
