2022-04-01 08:40:00,2806.0,2806.0,2806.0,2806.0,372
2022-04-01 08:45:00,2806.0,2806.0,2806.0,2806.0,1050
2022-04-01 08:50:00,2803.16,2803.16,2803.16,2803.16,100
2022-04-01 09:05:00,2792.99,2792.99,2792.99,2792.99,358
2022-04-01 09:25:00,2802.95,2802.95,2802.95,2802.95,100
2022-04-01 09:30:00,2800.2,2814.41,2796.695,2802.35,28493
2022-04-01 09:35:00,2803.95,2806.28,2796.01,2796.01,7425
2022-04-01 09:40:00,2796.0,2799.07,2788.0,2790.15,12920
2022-04-01 09:45:00,2790.0,2793.31,2786.46,2792.3724,9425
2022-04-01 09:50:00,2791.46,2791.875,2775.94,2780.2662,9543
2022-04-01 09:55:00,2781.02,2785.91,2781.02,2784.465,8108
2022-04-01 10:00:00,2783.63,2784.54,2778.7164,2781.615,8237
2022-04-01 10:05:00,2780.98,2790.42,2780.98,2787.5,9685
2022-04-01 10:10:00,2787.76,2799.4252,2787.76,2796.67,9786
2022-04-01 10:15:00,2796.785,2797.52,2792.5742,2794.38,6187
2022-04-01 10:20:00,2794.71,2794.71,2788.87,2792.51,3824
2022-04-01 10:25:00,2793.535,2795.72,2788.995,2795.72,1720
2022-04-01 10:30:00,2797.1614,2802.0,2796.77,2801.97,4030
2022-04-01 10:35:00,2803.1,2804.655,2800.94,2801.66,4158
2022-04-01 10:40:00,2802.51,2805.0,2798.7322,2799.215,3820
2022-04-01 10:45:00,2801.05,2806.73,2800.81,2803.805,4498
2022-04-01 10:50:00,2803.475,2810.0,2803.475,2807.3566,2148
2022-04-01 10:55:00,2808.26,2814.14,2807.805,2813.86,6508
2022-04-01 11:00:00,2813.02,2816.67,2811.01,2815.2,8096
2022-04-01 11:05:00,2815.03,2817.28,2813.41,2815.27,5038
2022-04-01 11:10:00,2815.31,2817.315,2809.04,2811.7824,11614
2022-04-01 11:15:00,2809.085,2813.945,2808.79,2813.803,1675
2022-04-01 11:20:00,2815.81,2817.4,2814.96,2814.96,1018
2022-04-01 11:25:00,2814.97,2814.97,2808.76,2809.35,4881
2022-04-01 11:30:00,2809.23,2809.245,2804.1,2805.585,2990
2022-04-01 11:35:00,2804.0,2804.0,2797.59,2798.95,3219
2022-04-01 11:40:00,2797.4126,2800.415,2796.6,2799.19,1991
2022-04-01 11:45:00,2797.175,2799.455,2796.1,2797.22,3760
2022-04-01 11:50:00,2796.07,2800.81,2795.95,2800.0,2289
2022-04-01 11:55:00,2798.0,2798.23,2792.675,2794.04,1959
2022-04-01 12:00:00,2794.295,2794.295,2791.72,2792.75,1760
2022-04-01 12:05:00,2792.12,2795.31,2789.55,2795.31,3182
2022-04-01 12:10:00,2795.875,2799.58,2794.3828,2796.29,4081
2022-04-01 12:15:00,2797.0,2797.0,2793.615,2793.615,2572
2022-04-01 12:20:00,2795.07,2797.59,2794.42,2797.11,3820
2022-04-01 12:25:00,2798.01,2800.66,2796.1,2800.66,3161
2022-04-01 12:30:00,2800.25,2800.48,2795.9214,2795.9214,1820
2022-04-01 12:35:00,2795.0,2798.42,2794.51,2798.42,1530
2022-04-01 12:40:00,2797.525,2800.83,2797.525,2800.365,977
2022-04-01 12:45:00,2800.05,2802.72,2799.12,2802.72,2009
2022-04-01 12:50:00,2801.04,2801.51,2799.5,2801.51,1947
2022-04-01 12:55:00,2804.27,2805.405,2802.0,2802.0,2290
2022-04-01 13:00:00,2801.69,2802.975,2798.82,2801.36,1800
2022-04-01 13:05:00,2802.0,2803.75,2801.2,2803.75,1979
2022-04-01 13:10:00,2800.795,2800.88,2798.695,2800.635,1260
2022-04-01 13:15:00,2800.95,2804.2,2800.19,2803.85,1053
2022-04-01 13:20:00,2804.465,2804.81,2800.925,2804.33,1888
2022-04-01 13:25:00,2803.1294,2804.89,2803.1294,2804.89,1220
2022-04-01 13:30:00,2804.92,2809.49,2804.5,2806.5,2867
2022-04-01 13:35:00,2806.5,2812.62,2806.5,2810.31,2714
2022-04-01 13:40:00,2809.985,2812.495,2809.985,2810.74,1220
2022-04-01 13:45:00,2808.21,2808.21,2805.398,2806.1,4188
2022-04-01 13:50:00,2805.78,2806.1,2803.86,2804.863,1755
2022-04-01 13:55:00,2803.44,2805.69,2803.12,2804.31,1049
2022-04-01 14:00:00,2804.59,2807.92,2803.09,2807.54,2819
2022-04-01 14:05:00,2808.17,2809.9528,2806.27,2808.6772,4249
2022-04-01 14:10:00,2807.76,2809.82,2804.955,2809.6298,1931
2022-04-01 14:15:00,2809.63,2811.225,2809.0,2809.83,2817
2022-04-01 14:20:00,2809.3418,2812.31,2809.07,2809.07,2948
2022-04-01 14:25:00,2809.99,2811.67,2809.53,2811.5,2546
2022-04-01 14:30:00,2812.35,2815.555,2812.35,2815.39,3827
2022-04-01 14:35:00,2816.41,2816.41,2812.085,2813.49,4228
2022-04-01 14:40:00,2814.905,2818.339,2814.18,2818.339,3886
2022-04-01 14:45:00,2817.02,2819.0,2814.01,2814.2,5118
2022-04-01 14:50:00,2813.81,2814.6172,2809.205,2809.98,3359
2022-04-01 14:55:00,2810.3,2811.645,2808.285,2809.43,4278
2022-04-01 15:00:00,2809.865,2814.27,2809.865,2811.32,6062
2022-04-01 15:05:00,2809.195,2812.55,2806.62,2806.62,3211
2022-04-01 15:10:00,2807.74,2808.39,2797.79,2805.98,6703
2022-04-01 15:15:00,2804.385,2805.22,2794.85,2794.85,4255
2022-04-01 15:20:00,2794.9,2798.3406,2793.43,2797.36,3269
2022-04-01 15:25:00,2799.42,2799.57,2795.85,2799.54,6474
2022-04-01 15:30:00,2798.465,2801.39,2792.94,2793.29,6149
2022-04-01 15:35:00,2793.89,2795.29,2790.705,2795.06,4873
2022-04-01 15:40:00,2794.26,2797.429,2792.19,2792.33,5334
2022-04-01 15:45:00,2792.81,2799.2,2792.25,2799.2,5654
2022-04-01 15:50:00,2800.89,2812.91,2800.89,2812.81,18611
2022-04-01 15:55:00,2811.04,2817.44,2810.6876,2815.06,28112
2022-04-01 16:00:00,2814.0,2814.0,2802.0,2814.0,123957
2022-04-01 16:05:00,2812.75,2812.75,2812.75,2812.75,200
2022-04-01 16:10:00,2814.0,2814.0,2810.0136,2811.0,741
2022-04-01 16:15:00,2806.26,2806.26,2805.21,2806.11,400
2022-04-01 16:20:00,2807.0,2807.0,2807.0,2807.0,188
2022-04-01 16:25:00,2808.0,2808.0,2808.0,2808.0,100
2022-04-01 16:30:00,2809.0,2809.0,2809.0,2809.0,130
2022-04-01 16:35:00,2814.0,2814.0,2814.0,2814.0,361
2022-04-01 17:15:00,2813.96,2813.96,2813.96,2813.96,100
2022-04-04 08:40:00,2822.946,2822.946,2822.946,2822.946,115
2022-04-04 08:45:00,2822.8444,2822.8444,2822.8444,2822.8444,250
2022-04-04 09:00:00,2817.035,2817.035,2817.035,2817.035,334
2022-04-04 09:05:00,2817.0,2817.0,2817.0,2817.0,100
2022-04-04 09:25:00,2810.85,2815.0,2807.6,2815.0,1188
2022-04-04 09:30:00,2816.49,2843.5598,2816.49,2837.89,25670
2022-04-04 09:35:00,2837.6646,2858.955,2837.6646,2856.73,13825
2022-04-04 09:40:00,2857.29,2872.37,2854.73,2868.05,9791
2022-04-04 09:45:00,2869.5,2869.86,2857.15,2866.71,6469
2022-04-04 09:50:00,2867.51,2873.23,2867.51,2869.19,8199
2022-04-04 09:55:00,2869.16,2872.11,2864.475,2865.72,3364
2022-04-04 10:00:00,2866.34,2868.34,2862.99,2867.495,3542
2022-04-04 10:05:00,2866.135,2867.63,2863.29,2863.505,2927
2022-04-04 10:10:00,2864.83,2870.5,2862.02,2864.55,7053
2022-04-04 10:15:00,2863.55,2863.55,2858.27,2860.89,2699
2022-04-04 10:20:00,2863.0298,2871.16,2862.5,2869.335,5783
2022-04-04 10:25:00,2869.24,2869.295,2865.23,2867.5,4799
2022-04-04 10:30:00,2866.94,2869.37,2866.12,2866.63,4971
2022-04-04 10:35:00,2865.6,2872.98,2864.7876,2868.66,7032
2022-04-04 10:40:00,2868.695,2868.695,2864.75,2867.085,2651
2022-04-04 10:45:00,2867.47,2868.99,2863.49,2867.83,2477
2022-04-04 10:50:00,2867.87,2870.185,2866.83,2866.83,4721
2022-04-04 10:55:00,2866.3,2868.045,2864.01,2867.62,2338
2022-04-04 11:00:00,2868.4,2873.8798,2868.4,2873.19,4563
2022-04-04 11:05:00,2871.56,2874.72,2871.41,2874.28,2763
2022-04-04 11:10:00,2874.95,2877.88,2871.854,2872.96,5750
2022-04-04 11:15:00,2871.72,2871.9248,2867.51,2869.043,1768
2022-04-04 11:20:00,2866.84,2866.84,2863.0,2863.0,3397
2022-04-04 11:25:00,2862.5,2866.065,2861.03,2864.44,3304
2022-04-04 11:30:00,2866.27,2869.395,2863.0,2864.28,4273
2022-04-04 11:35:00,2863.769,2865.71,2863.42,2864.33,1875
2022-04-04 11:40:00,2867.481,2868.6,2865.28,2868.6,1923
2022-04-04 11:45:00,2867.5434,2869.05,2866.69,2869.05,1194
2022-04-04 11:50:00,2869.99,2871.36,2867.718,2867.718,2250
2022-04-04 11:55:00,2867.6,2869.57,2867.33,2869.57,1082
2022-04-04 12:00:00,2869.665,2872.2,2869.665,2871.3586,1919
2022-04-04 12:05:00,2869.895,2871.947,2869.895,2870.78,1907
2022-04-04 12:10:00,2870.38,2871.43,2868.89,2871.43,2188
2022-04-04 12:15:00,2871.43,2871.77,2870.0,2871.075,2280
2022-04-04 12:20:00,2871.6224,2878.322,2871.03,2878.322,5509
2022-04-04 12:25:00,2878.51,2879.52,2878.12,2879.398,4216
2022-04-04 12:30:00,2878.9,2880.875,2878.9,2880.235,6784
2022-04-04 12:35:00,2880.82,2880.82,2876.5476,2877.72,3607
2022-04-04 12:40:00,2877.4,2877.4,2873.32,2874.06,1903
2022-04-04 12:45:00,2872.0914,2876.21,2872.0914,2873.97,3487
2022-04-04 12:50:00,2875.2,2875.2,2870.8898,2871.46,2910
2022-04-04 12:55:00,2870.73,2871.01,2869.03,2869.36,1428
2022-04-04 13:00:00,2869.09,2871.79,2867.89,2869.79,3285
2022-04-04 13:05:00,2869.77,2871.45,2868.68,2870.86,1910
2022-04-04 13:10:00,2869.54,2871.06,2869.54,2870.425,1924
2022-04-04 13:15:00,2870.1,2872.42,2870.1,2872.36,3120
2022-04-04 13:20:00,2873.32,2873.32,2870.43,2871.28,1377
2022-04-04 13:25:00,2870.755,2872.0678,2870.755,2871.445,2373
2022-04-04 13:30:00,2870.83,2872.05,2869.59,2871.695,2017
2022-04-04 13:35:00,2871.4322,2871.4322,2868.6668,2869.37,1774
2022-04-04 13:40:00,2869.02,2869.5,2868.6574,2869.0518,910
2022-04-04 13:45:00,2869.5,2870.74,2869.3974,2870.74,1440
2022-04-04 13:50:00,2869.2,2869.52,2867.0,2867.0,1083
2022-04-04 13:55:00,2866.675,2871.2,2866.675,2871.2,3567
2022-04-04 14:00:00,2868.4,2868.865,2866.87,2866.87,1420
2022-04-04 14:05:00,2866.0,2866.0,2858.0576,2858.27,4331
2022-04-04 14:10:00,2857.4274,2860.76,2856.3076,2859.82,2782
2022-04-04 14:15:00,2859.57,2863.655,2859.529,2863.0,1470
2022-04-04 14:20:00,2862.74,2863.13,2861.51,2863.02,1250
2022-04-04 14:25:00,2863.55,2863.55,2860.515,2862.7398,1687
2022-04-04 14:30:00,2865.34,2866.965,2862.675,2866.965,1380
2022-04-04 14:35:00,2868.0,2868.785,2867.61,2868.65,1338
2022-04-04 14:40:00,2867.405,2868.225,2867.2054,2868.225,470
2022-04-04 14:45:00,2870.065,2870.34,2869.67,2869.67,610
2022-04-04 14:50:00,2870.85,2872.03,2869.765,2872.03,840
2022-04-04 14:55:00,2872.6,2872.6,2870.24,2871.445,1080
2022-04-04 15:00:00,2869.57,2870.78,2867.4912,2870.02,1715
2022-04-04 15:05:00,2870.21,2872.0,2870.21,2871.155,1878
2022-04-04 15:10:00,2871.56,2871.56,2868.79,2870.48,1780
2022-04-04 15:15:00,2871.69,2871.69,2868.77,2868.77,1298
2022-04-04 15:20:00,2869.575,2872.765,2869.019,2869.5,2687
2022-04-04 15:25:00,2870.295,2870.295,2867.55,2870.015,2661
2022-04-04 15:30:00,2868.773,2874.95,2868.773,2874.95,6054
2022-04-04 15:35:00,2873.1,2874.96,2872.575,2874.96,2460
2022-04-04 15:40:00,2873.38,2875.72,2871.89,2872.955,3863
2022-04-04 15:45:00,2872.305,2874.03,2870.25,2870.61,3362
2022-04-04 15:50:00,2873.42,2873.67,2868.67,2873.2,7083
2022-04-04 15:55:00,2872.54,2873.93,2868.98,2873.86,8800
2022-04-04 16:00:00,2872.85,2872.85,2868.7,2870.0,142981
2022-04-04 16:05:00,2872.85,2872.85,2870.8,2870.94,10339
2022-04-04 16:10:00,2871.45,2874.25,2871.45,2872.85,2771
2022-04-04 16:30:00,2872.85,2872.85,2872.85,2872.85,1048
2022-04-04 17:00:00,2874.9,2874.9,2874.9,2874.9,100
2022-04-05 07:45:00,2871.0,2871.0,2871.0,2871.0,100
2022-04-05 07:50:00,2870.24,2870.24,2870.24,2870.24,100
2022-04-05 07:55:00,2868.8,2868.8,2868.8,2868.8,100
2022-04-05 08:00:00,2870.67,2870.67,2870.67,2870.67,100
2022-04-05 08:20:00,2868.0,2868.0,2868.0,2868.0,400
2022-04-05 09:30:00,2870.2,2871.8,2857.42,2862.79,27896
2022-04-05 09:35:00,2863.47,2868.0,2858.0,2865.97,8981
2022-04-05 09:40:00,2866.32,2867.53,2859.8,2859.8,8500
2022-04-05 09:45:00,2861.12,2865.3,2859.04,2860.065,5500
2022-04-05 09:50:00,2860.0966,2860.2,2855.987,2856.545,4944
2022-04-05 09:55:00,2857.0,2858.69,2854.52,2858.69,5480
2022-04-05 10:00:00,2858.64,2863.06,2854.66,2863.0,3239
2022-04-05 10:05:00,2858.89,2858.89,2842.12,2842.12,3923
2022-04-05 10:10:00,2843.0,2845.93,2843.0,2843.94,2676
2022-04-05 10:15:00,2843.94,2843.94,2833.655,2837.525,6984
2022-04-05 10:20:00,2837.7902,2839.905,2834.51,2837.93,4449
2022-04-05 10:25:00,2838.68,2840.64,2835.935,2840.55,3609
2022-04-05 10:30:00,2840.86,2841.01,2833.0,2833.07,2974
2022-04-05 10:35:00,2832.72,2835.86,2825.34,2826.63,7094
2022-04-05 10:40:00,2827.69,2828.645,2825.575,2828.645,2565
2022-04-05 10:45:00,2829.57,2837.5,2828.65,2837.5,3699
2022-04-05 10:50:00,2837.35,2845.125,2835.815,2845.125,2597
2022-04-05 10:55:00,2844.96,2844.96,2838.45,2841.355,4960
2022-04-05 11:00:00,2841.51,2842.69,2836.2,2838.985,2517
2022-04-05 11:05:00,2840.25,2843.83,2838.48,2838.48,3505
2022-04-05 11:10:00,2838.455,2841.045,2834.7684,2837.49,3753
2022-04-05 11:15:00,2837.49,2837.49,2833.525,2835.615,2562
2022-04-05 11:20:00,2835.99,2837.8774,2832.33,2832.33,2799
2022-04-05 11:25:00,2831.4974,2836.25,2831.4974,2836.2,2891
2022-04-05 11:30:00,2835.26,2838.07,2834.709,2837.165,2724
2022-04-05 11:35:00,2839.95,2839.95,2827.7576,2828.38,2084
2022-04-05 11:40:00,2829.67,2831.53,2828.6634,2831.53,2389
2022-04-05 11:45:00,2831.41,2831.41,2828.16,2828.18,1281
2022-04-05 11:50:00,2828.94,2832.915,2828.88,2831.89,1655
2022-04-05 11:55:00,2832.18,2832.8,2831.16,2831.16,300
2022-04-05 12:00:00,2832.785,2833.16,2830.84,2833.16,1645
2022-04-05 12:05:00,2834.0,2836.61,2834.0,2836.61,2470
2022-04-05 12:10:00,2836.255,2836.255,2833.35,2834.735,2084
2022-04-05 12:15:00,2833.33,2834.53,2829.55,2829.55,1368
2022-04-05 12:20:00,2829.43,2830.51,2827.705,2827.705,1879
2022-04-05 12:25:00,2829.275,2829.275,2823.6,2826.98,3316
2022-04-05 12:30:00,2826.78,2832.465,2826.18,2832.465,2692
2022-04-05 12:35:00,2832.475,2832.475,2830.04,2831.2,1710
2022-04-05 12:40:00,2831.8,2831.8,2830.0,2830.2842,1921
2022-04-05 12:45:00,2830.876,2837.93,2830.876,2837.75,2380
2022-04-05 12:50:00,2837.879,2840.04,2835.14,2836.64,5104
2022-04-05 12:55:00,2835.67,2836.055,2833.71,2834.955,1050
2022-04-05 13:00:00,2835.8,2835.8,2833.716,2834.86,1500
2022-04-05 13:05:00,2832.6232,2839.0,2832.6232,2838.16,1453
2022-04-05 13:10:00,2839.048,2843.561,2839.048,2843.01,3621
2022-04-05 13:15:00,2842.86,2843.3894,2840.53,2841.12,1948
2022-04-05 13:20:00,2842.14,2842.945,2841.2676,2842.9226,1892
2022-04-05 13:25:00,2842.0622,2842.7026,2840.97,2841.955,1980
2022-04-05 13:30:00,2841.185,2843.195,2840.6,2840.6,1410
2022-04-05 13:35:00,2840.78,2840.78,2838.51,2838.7648,1850
2022-04-05 13:40:00,2838.08,2838.08,2835.0,2835.0942,1400
2022-04-05 13:45:00,2832.98,2832.98,2830.5,2831.0292,1480
2022-04-05 13:50:00,2830.86,2832.0,2830.5,2831.845,1509
2022-04-05 13:55:00,2833.01,2835.83,2831.18,2834.61,4062
2022-04-05 14:00:00,2835.135,2835.135,2832.4,2832.4,640
2022-04-05 14:05:00,2832.4,2836.175,2831.635,2833.1556,1938
2022-04-05 14:10:00,2833.4938,2835.585,2833.4938,2834.87,1410
2022-04-05 14:15:00,2835.42,2836.99,2833.26,2836.08,1854
2022-04-05 14:20:00,2836.99,2837.95,2833.9,2833.9,670
2022-04-05 14:25:00,2835.02,2836.81,2834.63,2834.63,1480
2022-04-05 14:30:00,2834.88,2834.88,2833.29,2834.574,1546
2022-04-05 14:35:00,2834.67,2835.065,2833.7,2833.7,1525
2022-04-05 14:40:00,2833.61,2834.42,2833.2756,2834.42,800
2022-04-05 14:45:00,2834.0,2834.46,2833.96,2834.46,440
2022-04-05 14:50:00,2835.445,2840.1456,2835.445,2838.24,3838
2022-04-05 14:55:00,2838.6086,2839.645,2832.3602,2833.13,1658
2022-04-05 15:00:00,2833.51,2834.98,2830.0,2830.655,23383
2022-04-05 15:05:00,2828.0,2829.22,2827.58,2827.68,2332
2022-04-05 15:10:00,2826.705,2827.39,2824.0,2824.275,3338
2022-04-05 15:15:00,2823.67,2824.64,2822.0,2824.0,1400
2022-04-05 15:20:00,2822.0,2830.22,2822.0,2830.22,2730
2022-04-05 15:25:00,2829.18,2830.625,2827.2478,2829.41,3689
2022-04-05 15:30:00,2827.07,2827.07,2823.253,2825.1,1948
2022-04-05 15:35:00,2824.045,2825.785,2821.3,2823.31,3292
2022-04-05 15:40:00,2823.775,2826.99,2823.775,2826.29,3483
2022-04-05 15:45:00,2825.22,2826.59,2821.74,2822.39,4337
2022-04-05 15:50:00,2821.0,2829.39,2821.0,2825.26,11192
2022-04-05 15:55:00,2824.82,2828.39,2818.87,2821.26,39988
2022-04-05 16:00:00,2821.26,2821.26,2821.26,2821.26,111210
2022-04-05 16:05:00,2822.23,2822.23,2821.0,2821.0,1905
2022-04-05 16:10:00,2821.26,2821.26,2821.26,2821.26,1390
2022-04-05 16:15:00,2813.0,2813.0,2813.0,2813.0,14115
2022-04-05 16:35:00,2823.99,2823.99,2823.99,2823.99,100
2022-04-05 16:40:00,2821.26,2821.26,2821.26,2821.26,635
2022-04-05 19:35:00,2823.5,2823.5,2823.0,2823.0,500
2022-04-05 19:50:00,2825.0,2825.0,2825.0,2825.0,301
2022-04-06 07:30:00,2786.0,2786.0,2786.0,2786.0,100
2022-04-06 08:00:00,2789.246,2789.246,2787.2,2787.2,296
2022-04-06 09:25:00,2779.11,2779.11,2779.11,2779.11,100
2022-04-06 09:30:00,2783.23,2796.97,2782.8,2787.695,24217
2022-04-06 09:35:00,2787.65,2787.65,2779.5,2779.97,4262
2022-04-06 09:40:00,2778.63,2778.63,2768.26,2770.0,9179
2022-04-06 09:45:00,2767.61,2767.76,2754.1834,2755.22,6856
2022-04-06 09:50:00,2752.93,2760.44,2746.25,2760.44,10068
2022-04-06 09:55:00,2757.64,2763.95,2756.9294,2757.24,4530
2022-04-06 10:00:00,2755.77,2755.82,2751.09,2753.72,5038
2022-04-06 10:05:00,2753.73,2759.665,2751.73,2757.99,8421
2022-04-06 10:10:00,2755.92,2759.5,2751.33,2759.5,3994
2022-04-06 10:15:00,2759.505,2767.89,2759.505,2766.66,2977
2022-04-06 10:20:00,2765.49,2770.41,2763.58,2764.015,6257
2022-04-06 10:25:00,2762.88,2764.062,2756.925,2758.3,2947
2022-04-06 10:30:00,2761.5,2765.0688,2760.165,2760.698,2529
2022-04-06 10:35:00,2765.72,2768.66,2756.51,2760.595,2390
2022-04-06 10:40:00,2760.9,2765.2238,2758.81,2764.39,2670
2022-04-06 10:45:00,2763.22,2765.79,2760.3216,2763.815,3807
2022-04-06 10:50:00,2763.63,2765.5,2761.54,2762.23,2540
2022-04-06 10:55:00,2760.0,2761.2,2757.41,2757.41,3876
2022-04-06 11:00:00,2756.6768,2759.8,2755.63,2757.295,1940
2022-04-06 11:05:00,2758.69,2759.58,2756.31,2756.565,2557
2022-04-06 11:10:00,2756.53,2758.35,2753.52,2756.13,4707
2022-04-06 11:15:00,2754.62,2754.62,2751.9,2751.9,2990
2022-04-06 11:20:00,2752.19,2758.725,2752.19,2753.44,5362
2022-04-06 11:25:00,2753.195,2754.4,2752.11,2753.91,2110
2022-04-06 11:30:00,2752.72,2753.72,2747.66,2749.245,4612
2022-04-06 11:35:00,2749.17,2753.18,2749.17,2750.6384,4856
2022-04-06 11:40:00,2750.59,2753.08,2749.935,2752.48,4610
2022-04-06 11:45:00,2754.16,2760.59,2753.5,2755.39,4414
2022-04-06 11:50:00,2760.0,2760.1474,2756.63,2758.04,1592
2022-04-06 11:55:00,2758.84,2758.84,2753.02,2756.175,2292
2022-04-06 12:00:00,2757.59,2758.5,2754.17,2756.54,6011
2022-04-06 12:05:00,2756.541,2757.255,2753.59,2755.265,3767
2022-04-06 12:10:00,2755.4,2756.26,2750.74,2750.74,3560
2022-04-06 12:15:00,2750.0,2750.6252,2748.4108,2749.07,3044
2022-04-06 12:20:00,2749.04,2749.05,2740.01,2745.15,3918
2022-04-06 12:25:00,2743.775,2745.09,2743.045,2743.045,2580
2022-04-06 12:30:00,2742.585,2746.13,2741.0,2745.6,3693
2022-04-06 12:35:00,2744.943,2745.82,2743.97,2745.7976,2010
2022-04-06 12:40:00,2746.59,2747.36,2745.76,2747.07,1520
2022-04-06 12:45:00,2745.0,2747.45,2741.605,2745.1504,2232
2022-04-06 12:50:00,2745.745,2746.49,2741.61,2743.0,4460
2022-04-06 12:55:00,2741.95,2743.5,2740.97,2742.23,3835
2022-04-06 13:00:00,2743.425,2743.75,2739.85,2740.04,2764
2022-04-06 13:05:00,2741.2186,2744.03,2741.125,2741.13,2381
2022-04-06 13:10:00,2742.32,2742.32,2741.0,2741.765,1140
2022-04-06 13:15:00,2741.88,2746.21,2741.88,2746.21,500
2022-04-06 13:20:00,2745.545,2747.0,2745.545,2745.86,850
2022-04-06 13:25:00,2745.83,2747.94,2745.04,2747.94,1040
2022-04-06 13:30:00,2749.035,2751.18,2746.54,2749.6938,3169
2022-04-06 13:35:00,2749.29,2750.18,2747.49,2749.415,1955
2022-04-06 13:40:00,2750.0676,2756.5,2749.87,2755.39,2677
2022-04-06 13:45:00,2755.975,2757.4,2752.67,2757.4,1626
2022-04-06 13:50:00,2757.1,2758.46,2756.115,2756.67,2080
2022-04-06 13:55:00,2757.07,2757.778,2753.63,2754.2,2380
2022-04-06 14:00:00,2750.79,2772.671,2750.79,2766.14,10985
2022-04-06 14:05:00,2762.815,2763.31,2745.2,2745.44,3752
2022-04-06 14:10:00,2745.87,2748.455,2744.67,2744.67,2886
2022-04-06 14:15:00,2743.25,2743.25,2732.955,2732.955,2258
2022-04-06 14:20:00,2734.0,2735.0,2728.3624,2731.33,3794
2022-04-06 14:25:00,2732.31,2735.755,2730.148,2733.21,2796
2022-04-06 14:30:00,2735.0,2752.6,2735.0,2752.6,3911
2022-04-06 14:35:00,2755.01,2755.6414,2743.435,2748.62,4644
2022-04-06 14:40:00,2748.77,2749.325,2739.9,2748.28,5318
2022-04-06 14:45:00,2749.0,2752.67,2742.0,2744.205,3402
2022-04-06 14:50:00,2747.83,2753.0,2747.83,2753.0,3456
2022-04-06 14:55:00,2759.0,2761.53,2756.875,2760.41,2662
2022-04-06 15:00:00,2762.52,2764.57,2760.35,2761.368,7693
2022-04-06 15:05:00,2760.95,2760.95,2752.2746,2757.91,10753
2022-04-06 15:10:00,2761.96,2762.055,2756.49,2760.12,6416
2022-04-06 15:15:00,2759.12,2762.495,2753.452,2754.44,7679
2022-04-06 15:20:00,2753.18,2753.2442,2742.0,2742.0,3672
2022-04-06 15:25:00,2742.95,2742.95,2736.95,2738.615,3619
2022-04-06 15:30:00,2737.63,2743.6,2735.985,2735.985,4515
2022-04-06 15:35:00,2737.095,2747.635,2737.095,2746.0,3896
2022-04-06 15:40:00,2746.9,2749.0,2743.0046,2747.755,5371
2022-04-06 15:45:00,2747.02,2756.75,2747.02,2753.8,5100
2022-04-06 15:50:00,2753.92,2754.6,2745.0,2745.85,9878
2022-04-06 15:55:00,2745.25,2753.26,2742.0,2744.39,22352
2022-04-06 16:00:00,2743.52,2751.1346,2743.52,2743.52,152959
2022-04-06 16:05:00,2743.52,2743.52,2743.52,2743.52,1889
2022-04-06 16:15:00,2742.0,2742.0,2742.0,2742.0,200
2022-04-06 16:20:00,2743.52,2743.52,2743.52,2743.52,999
2022-04-07 06:55:00,2758.0,2758.0,2758.0,2758.0,302
2022-04-07 07:05:00,2750.66,2750.66,2750.66,2750.66,140
2022-04-07 07:25:00,2756.0,2756.0,2756.0,2756.0,100
2022-04-07 08:00:00,2758.0,2758.0,2758.0,2758.0,100
2022-04-07 08:05:00,2753.0,2753.0,2753.0,2753.0,200
2022-04-07 08:10:00,2753.03,2753.03,2753.03,2753.03,100
2022-04-07 08:45:00,2747.1404,2747.1404,2747.1404,2747.1404,100
2022-04-07 09:10:00,2738.0,2738.0,2734.25,2734.25,200
2022-04-07 09:15:00,2735.87,2735.87,2735.87,2735.87,100
2022-04-07 09:25:00,2732.23,2732.23,2732.23,2732.23,100
2022-04-07 09:30:00,2732.36,2744.58,2725.535,2744.58,21173
2022-04-07 09:35:00,2744.03,2754.03,2740.43,2748.28,3669
2022-04-07 09:40:00,2750.73,2752.6,2737.03,2737.76,3486
2022-04-07 09:45:00,2739.19,2743.3,2730.0,2730.01,4411
2022-04-07 09:50:00,2730.6,2744.57,2730.25,2743.66,3615
2022-04-07 09:55:00,2742.04,2744.39,2738.52,2738.52,1800
2022-04-07 10:00:00,2737.2,2748.43,2736.35,2736.36,3827
2022-04-07 10:05:00,2737.79,2738.78,2727.5,2728.87,3344
2022-04-07 10:10:00,2729.62,2738.96,2726.63,2738.96,2066
2022-04-07 10:15:00,2735.43,2735.43,2726.31,2726.31,2711
2022-04-07 10:20:00,2725.5958,2728.0,2723.68,2728.0,1322
2022-04-07 10:25:00,2729.99,2730.86,2724.05,2724.05,2147
2022-04-07 10:30:00,2726.75,2733.4,2726.75,2729.86,900
2022-04-07 10:35:00,2731.74,2734.4376,2725.465,2725.465,3753
2022-04-07 10:40:00,2723.68,2723.68,2716.6,2719.94,4909
2022-04-07 10:45:00,2721.2,2723.1,2716.43,2718.35,2201
2022-04-07 10:50:00,2730.52,2730.52,2725.6502,2725.8296,992
2022-04-07 10:55:00,2728.87,2730.0,2725.7,2726.15,1300
2022-04-07 11:00:00,2729.62,2736.695,2729.62,2732.63,1595
2022-04-07 11:05:00,2730.9,2734.79,2728.45,2731.41,1491
2022-04-07 11:10:00,2726.8366,2727.745,2722.0,2726.52,1407
2022-04-07 11:20:00,2725.92,2733.0,2724.42,2731.66,1468
2022-04-07 11:25:00,2731.98,2734.72,2723.14,2724.715,2300
2022-04-07 11:30:00,2723.1552,2725.21,2721.78,2725.21,2327
2022-04-07 11:35:00,2724.81,2725.36,2721.64,2722.46,1300
2022-04-07 11:40:00,2721.0,2721.0,2715.7102,2716.815,2426
2022-04-07 11:45:00,2717.54,2720.755,2712.86,2712.86,4900
2022-04-07 11:50:00,2712.68,2712.875,2703.71,2703.71,4140
2022-04-07 11:55:00,2703.28,2709.78,2703.28,2709.11,1849
2022-04-07 12:00:00,2709.81,2713.25,2709.81,2710.925,4100
2022-04-07 12:05:00,2711.9,2715.7,2710.27,2715.7,2100
2022-04-07 12:10:00,2714.28,2717.26,2714.25,2717.25,3006
2022-04-07 12:15:00,2719.0,2719.0,2713.44,2713.57,1473
2022-04-07 12:20:00,2711.58,2714.975,2710.0,2710.0,1610
2022-04-07 12:25:00,2709.0,2710.55,2708.78,2710.06,1100
2022-04-07 12:30:00,2709.044,2710.95,2707.16,2710.35,2605
2022-04-07 12:35:00,2708.715,2709.35,2703.69,2704.55,1512
2022-04-07 12:40:00,2704.15,2705.735,2703.88,2705.4,2401
2022-04-07 12:45:00,2704.46,2706.4712,2697.145,2697.94,8326
2022-04-07 12:50:00,2697.94,2704.69,2697.94,2704.13,2025
2022-04-07 12:55:00,2704.25,2707.41,2703.925,2706.86,2152
2022-04-07 13:00:00,2707.22,2710.5424,2705.49,2708.92,4116
2022-04-07 13:05:00,2708.0,2710.77,2708.0,2709.745,1700
2022-04-07 13:10:00,2710.465,2718.16,2710.13,2716.825,6582
2022-04-07 13:15:00,2715.0,2718.46,2714.785,2718.44,818
2022-04-07 13:20:00,2723.2,2723.2,2716.92,2720.92,1500
2022-04-07 13:25:00,2719.2,2728.17,2719.2,2727.33,3842
2022-04-07 13:30:00,2726.12,2726.61,2722.64,2723.31,2036
2022-04-07 13:35:00,2724.0,2724.43,2721.89,2722.0,925
2022-04-07 13:40:00,2722.49,2724.715,2721.8182,2722.99,993
2022-04-07 13:45:00,2723.885,2727.0,2720.44,2720.44,720
2022-04-07 13:50:00,2720.03,2723.3,2720.0104,2723.03,1800
2022-04-07 13:55:00,2726.53,2731.7166,2726.53,2729.66,2519
2022-04-07 14:00:00,2732.83,2734.6704,2730.98,2731.95,4600
2022-04-07 14:05:00,2730.88,2733.15,2730.88,2731.0066,412
2022-04-07 14:10:00,2731.6512,2734.68,2731.6512,2734.63,872
2022-04-07 14:15:00,2733.1,2733.1,2728.68,2729.65,600
2022-04-07 14:20:00,2730.32,2733.82,2729.97,2732.49,700
2022-04-07 14:25:00,2734.0,2736.565,2725.123,2725.123,2228
2022-04-07 14:30:00,2728.09,2728.09,2724.51,2726.165,1993
2022-04-07 14:35:00,2727.45,2728.595,2724.1752,2728.595,1006
2022-04-07 14:40:00,2727.21,2730.05,2726.83,2728.04,1100
2022-04-07 14:45:00,2730.02,2734.67,2728.82,2732.965,1765
2022-04-07 14:50:00,2733.71,2738.8588,2733.71,2735.72,1670
2022-04-07 14:55:00,2735.665,2737.18,2734.995,2736.66,2697
2022-04-07 15:00:00,2737.53,2745.39,2736.54,2744.09,4210
2022-04-07 15:05:00,2744.76,2746.93,2742.32,2743.75,4623
2022-04-07 15:10:00,2743.95,2751.0,2743.95,2749.16,3900
2022-04-07 15:15:00,2751.0,2751.0,2746.39,2746.4646,3526
2022-04-07 15:20:00,2744.13,2744.49,2741.6,2742.27,2863
2022-04-07 15:25:00,2745.0,2745.0,2736.64,2738.665,2881
2022-04-07 15:30:00,2740.3986,2746.0,2740.3986,2746.0,4439
2022-04-07 15:35:00,2743.7,2746.06,2743.7,2745.8,1206
2022-04-07 15:40:00,2747.8,2749.6628,2745.6,2745.6,976
2022-04-07 15:45:00,2745.01,2748.77,2739.09,2739.09,4537
2022-04-07 15:50:00,2741.54,2744.5,2733.02,2734.8,10027
2022-04-07 15:55:00,2736.095,2736.095,2724.69,2728.01,31001
2022-04-07 16:00:00,2729.3,2729.3,2726.5,2729.3,164593
2022-04-07 16:05:00,2729.3,2729.3,2728.54,2728.54,325
2022-04-07 16:20:00,2729.3,2729.3,2729.3,2729.3,121
2022-04-07 16:50:00,2722.7766,2722.7766,2722.7766,2722.7766,100
2022-04-08 08:00:00,2740.0,2740.0,2739.0,2739.0,300
2022-04-08 08:10:00,2736.0,2736.0,2736.0,2736.0,123
2022-04-08 08:35:00,2735.5,2735.5,2735.5,2735.5,100
2022-04-08 09:00:00,2726.0,2726.0,2726.0,2726.0,300
2022-04-08 09:30:00,2725.0,2725.0,2710.7312,2711.49,15936
2022-04-08 09:35:00,2710.7,2714.05,2707.2176,2714.05,3083
2022-04-08 09:40:00,2712.44,2713.885,2704.0,2704.0,5575
2022-04-08 09:45:00,2700.0,2707.09,2699.62,2706.29,3631
2022-04-08 09:50:00,2703.0,2704.23,2690.59,2694.89,2270
2022-04-08 09:55:00,2696.28,2696.28,2690.065,2691.66,2695
2022-04-08 10:00:00,2689.85,2703.46,2689.575,2703.46,5064
2022-04-08 10:05:00,2705.89,2712.8,2705.47,2711.4,3000
2022-04-08 10:10:00,2710.83,2710.83,2700.0,2703.36,1470
2022-04-08 10:15:00,2702.0,2702.0,2697.16,2700.4,1190
2022-04-08 10:20:00,2705.0,2708.92,2702.545,2708.745,4284
2022-04-08 10:25:00,2708.8,2714.795,2707.48,2712.0,5786
2022-04-08 10:30:00,2710.93,2715.54,2707.37,2708.8226,1861
2022-04-08 10:35:00,2708.125,2708.125,2702.19,2703.86,1515
2022-04-08 10:40:00,2704.325,2704.425,2697.53,2697.53,1621
2022-04-08 10:45:00,2695.09,2698.57,2693.85,2693.85,1694
2022-04-08 10:50:00,2693.31,2703.51,2693.12,2702.95,2247
2022-04-08 10:55:00,2702.56,2712.0,2702.56,2712.0,970
2022-04-08 11:00:00,2710.56,2717.0,2710.41,2714.12,1856
2022-04-08 11:05:00,2714.57,2714.57,2710.52,2710.52,300
2022-04-08 11:10:00,2709.13,2712.82,2709.13,2712.66,700
2022-04-08 11:15:00,2711.31,2711.31,2706.47,2706.47,1137
2022-04-08 11:20:00,2704.0,2704.88,2702.92,2702.92,700
2022-04-08 11:25:00,2703.52,2703.635,2701.755,2703.635,1270
2022-04-08 11:30:00,2705.32,2706.0,2703.01,2705.4,1320
2022-04-08 11:35:00,2704.0,2705.0,2698.63,2705.0,1462
2022-04-08 11:40:00,2704.88,2707.0,2704.88,2707.0,300
2022-04-08 11:45:00,2708.58,2712.49,2708.19,2708.57,1300
2022-04-08 11:50:00,2708.425,2709.81,2707.6,2709.81,900
2022-04-08 11:55:00,2708.47,2708.47,2708.47,2708.47,200
2022-04-08 12:00:00,2708.2324,2709.65,2706.65,2706.8,1436
2022-04-08 12:05:00,2707.35,2707.61,2702.5,2706.06,2398
2022-04-08 12:10:00,2706.41,2706.57,2706.41,2706.57,200
2022-04-08 12:15:00,2702.92,2708.0512,2702.92,2708.0512,701
2022-04-08 12:20:00,2708.53,2710.73,2707.63,2707.63,800
2022-04-08 12:25:00,2711.0,2711.0,2711.0,2711.0,269
2022-04-08 12:30:00,2712.6536,2712.6536,2707.2576,2707.2576,2109
2022-04-08 12:35:00,2708.11,2708.11,2706.0,2707.18,300
2022-04-08 12:40:00,2707.0,2708.51,2704.4,2704.4,1700
2022-04-08 12:45:00,2703.75,2706.21,2703.75,2704.01,780
2022-04-08 12:50:00,2704.97,2707.56,2703.55,2707.56,500
2022-04-08 12:55:00,2706.6,2707.5,2705.75,2705.75,600
2022-04-08 13:00:00,2705.71,2705.71,2703.0,2704.29,800
2022-04-08 13:05:00,2704.99,2704.99,2704.99,2704.99,100
2022-04-08 13:10:00,2706.76,2706.76,2702.38,2702.4,1100
2022-04-08 13:15:00,2702.45,2702.46,2699.73,2699.97,1529
2022-04-08 13:20:00,2699.965,2701.2458,2699.965,2700.245,1433
2022-04-08 13:25:00,2698.0,2699.0,2698.0,2699.0,1597
2022-04-08 13:30:00,2698.85,2699.55,2698.34,2699.39,1141
2022-04-08 13:35:00,2698.0,2698.26,2696.14,2696.14,805
2022-04-08 13:40:00,2697.75,2697.75,2695.0,2695.82,2590
2022-04-08 13:45:00,2694.01,2694.01,2688.295,2690.85,1936
2022-04-08 13:50:00,2689.185,2695.96,2689.185,2695.12,1400
2022-04-08 13:55:00,2695.11,2697.51,2694.519,2697.51,2250
2022-04-08 14:00:00,2695.87,2700.5,2695.1132,2696.62,3900
2022-04-08 14:05:00,2695.81,2699.08,2695.22,2698.51,1522
2022-04-08 14:10:00,2699.24,2703.0,2699.24,2700.85,6550
2022-04-08 14:15:00,2701.34,2703.045,2700.39,2700.99,1700
2022-04-08 14:20:00,2698.8,2701.94,2697.09,2697.09,2629
2022-04-08 14:25:00,2694.9,2694.9,2689.41,2689.67,1525
2022-04-08 14:30:00,2690.85,2690.85,2689.06,2690.68,1007
2022-04-08 14:35:00,2688.2,2691.01,2687.77,2691.01,2956
2022-04-08 14:40:00,2689.45,2691.52,2686.2,2687.2,1200
2022-04-08 14:45:00,2688.465,2693.13,2687.39,2693.13,1100
2022-04-08 14:50:00,2692.98,2698.235,2692.98,2696.54,1000
2022-04-08 14:55:00,2694.72,2694.72,2691.96,2692.07,727
2022-04-08 15:00:00,2691.27,2692.28,2689.18,2689.18,1580
2022-04-08 15:05:00,2690.3,2690.3,2688.2,2688.465,1110
2022-04-08 15:10:00,2689.78,2695.1,2688.17,2695.1,1400
2022-04-08 15:15:00,2690.89,2696.785,2690.89,2692.68,2471
2022-04-08 15:20:00,2691.7,2692.69,2689.38,2691.14,2077
2022-04-08 15:25:00,2692.0,2694.12,2691.19,2694.12,700
2022-04-08 15:30:00,2694.255,2695.1198,2687.78,2687.78,2152
2022-04-08 15:35:00,2687.81,2687.81,2685.53,2686.81,1651
2022-04-08 15:40:00,2686.455,2690.4644,2686.07,2690.4644,3487
2022-04-08 15:45:00,2689.58,2690.28,2683.91,2684.9,3324
2022-04-08 15:50:00,2684.99,2685.84,2675.05,2675.12,11146
2022-04-08 15:55:00,2676.73,2683.9716,2675.17,2680.49,33190
2022-04-08 16:00:00,2680.21,2680.21,2680.21,2680.21,108513
2022-04-08 16:10:00,2680.21,2680.21,2680.21,2680.21,1193
2022-04-08 16:20:00,2680.21,2680.21,2680.21,2680.21,864
2022-04-08 16:35:00,2680.0,2680.0,2677.01,2677.01,250
2022-04-08 17:10:00,2678.0,2680.24,2678.0,2680.24,200
2022-04-08 17:20:00,2680.2,2680.2,2680.2,2680.2,100
2022-04-11 04:05:00,2660.0,2660.0,2660.0,2660.0,100
2022-04-11 04:40:00,2654.0,2654.0,2654.0,2654.0,100
2022-04-11 08:25:00,2650.03,2650.03,2650.03,2650.03,100
2022-04-11 09:25:00,2660.0,2660.0,2655.0,2655.0,466
2022-04-11 09:30:00,2655.5,2658.0,2642.3,2642.38,31940
2022-04-11 09:35:00,2644.4002,2652.78,2639.42,2643.86,6344
2022-04-11 09:40:00,2644.07,2654.9,2641.69,2654.9,7894
2022-04-11 09:45:00,2653.125,2658.7836,2648.6,2652.51,5389
2022-04-11 09:50:00,2651.01,2651.22,2643.5308,2646.2786,5763
2022-04-11 09:55:00,2648.75,2650.0,2642.735,2642.735,3000
2022-04-11 10:00:00,2642.45,2649.96,2639.0,2639.87,4246
2022-04-11 10:05:00,2638.23,2641.09,2636.975,2640.0,2280
2022-04-11 10:10:00,2640.88,2640.88,2634.62,2634.62,3362
2022-04-11 10:15:00,2636.01,2636.01,2622.4878,2625.47,5107
2022-04-11 10:20:00,2626.45,2626.45,2620.78,2623.8928,7681
2022-04-11 10:25:00,2622.53,2623.145,2612.23,2614.95,8948
2022-04-11 10:30:00,2615.245,2627.06,2615.245,2626.37,4522
2022-04-11 10:35:00,2625.55,2625.55,2614.51,2615.495,4182
2022-04-11 10:40:00,2613.57,2615.07,2607.51,2608.67,4569
2022-04-11 10:45:00,2609.015,2610.784,2606.76,2607.495,4969
2022-04-11 10:50:00,2607.54,2613.91,2606.51,2613.57,3741
2022-04-11 10:55:00,2613.1026,2613.48,2609.63,2611.34,3246
2022-04-11 11:00:00,2611.91,2614.72,2610.65,2610.65,3240
2022-04-11 11:05:00,2613.245,2616.14,2610.8602,2615.25,2820
2022-04-11 11:10:00,2615.8,2617.445,2612.0,2613.28,4047
2022-04-11 11:15:00,2612.3436,2615.03,2611.26,2612.01,2750
2022-04-11 11:20:00,2613.66,2613.66,2611.95,2612.195,1140
2022-04-11 11:25:00,2611.0,2614.06,2611.0,2613.52,1113
2022-04-11 11:30:00,2613.42,2621.22,2613.42,2620.03,3990
2022-04-11 11:35:00,2618.62,2622.16,2614.67,2614.67,4103
2022-04-11 11:40:00,2614.73,2616.32,2614.51,2615.69,2424
2022-04-11 11:45:00,2615.65,2615.775,2610.87,2611.97,2583
2022-04-11 11:50:00,2611.97,2613.44,2610.79,2611.2976,4088
2022-04-11 11:55:00,2610.76,2610.76,2606.5366,2607.19,3811
2022-04-11 12:00:00,2606.53,2606.97,2604.42,2606.46,5542
2022-04-11 12:05:00,2606.18,2606.48,2604.5864,2605.53,2880
2022-04-11 12:10:00,2605.8746,2607.09,2605.1648,2606.39,2100
2022-04-11 12:15:00,2606.51,2608.54,2605.752,2607.36,1875
2022-04-11 12:20:00,2605.23,2607.49,2605.23,2606.7,4625
2022-04-11 12:25:00,2606.17,2606.17,2605.0,2605.65,400
2022-04-11 12:30:00,2604.93,2605.6098,2603.795,2603.795,2218
2022-04-11 12:35:00,2603.34,2603.74,2601.365,2603.6694,1800
2022-04-11 12:40:00,2602.18,2609.43,2601.85,2609.43,3868
2022-04-11 12:45:00,2610.83,2613.75,2609.81,2609.85,6237
2022-04-11 12:50:00,2611.195,2611.195,2608.0,2608.58,1000
2022-04-11 12:55:00,2608.403,2615.0,2608.403,2612.78,3199
2022-04-11 13:00:00,2613.95,2620.15,2613.95,2620.15,3217
2022-04-11 13:05:00,2618.7,2621.76,2618.6,2619.735,2718
2022-04-11 13:10:00,2618.82,2621.01,2618.82,2620.64,1440
2022-04-11 13:15:00,2620.415,2621.0,2618.1,2620.14,3210
2022-04-11 13:20:00,2621.42,2621.46,2616.32,2616.32,2970
2022-04-11 13:25:00,2617.94,2618.74,2615.3482,2617.91,3301
2022-04-11 13:30:00,2618.06,2618.7,2616.0162,2617.51,3988
2022-04-11 13:35:00,2620.0,2620.0,2616.36,2618.12,1440
2022-04-11 13:40:00,2617.76,2619.6,2616.75,2616.94,8150
2022-04-11 13:45:00,2616.65,2619.27,2616.65,2616.92,1584
2022-04-11 13:50:00,2617.5096,2618.42,2617.007,2617.16,1496
2022-04-11 13:55:00,2616.495,2619.99,2616.0958,2619.98,2486
2022-04-11 14:00:00,2619.01,2619.8,2615.02,2617.45,4578
2022-04-11 14:05:00,2616.77,2621.04,2615.2766,2619.24,2933
2022-04-11 14:10:00,2618.15,2619.17,2611.035,2612.08,4149
2022-04-11 14:15:00,2611.795,2612.395,2610.86,2610.97,1940
2022-04-11 14:20:00,2610.0926,2610.0926,2607.13,2607.85,750
2022-04-11 14:25:00,2607.65,2611.33,2607.65,2611.33,1002
2022-04-11 14:30:00,2608.82,2609.32,2608.21,2608.47,671
2022-04-11 14:35:00,2607.69,2608.4,2606.92,2608.4,606
2022-04-11 14:40:00,2609.2,2609.56,2607.92,2608.72,2117
2022-04-11 14:45:00,2610.48,2611.64,2608.1716,2608.84,2535
2022-04-11 14:50:00,2609.42,2612.0,2608.27,2608.79,1600
2022-04-11 14:55:00,2609.13,2610.31,2607.2,2608.49,1300
2022-04-11 15:00:00,2609.46,2614.6,2607.345,2607.91,6531
2022-04-11 15:05:00,2609.105,2611.355,2607.86,2611.33,3079
2022-04-11 15:10:00,2611.33,2612.3,2608.82,2610.184,3410
2022-04-11 15:15:00,2610.76,2611.79,2610.0,2610.13,3498
2022-04-11 15:20:00,2607.0,2609.255,2606.87,2607.0,3302
2022-04-11 15:25:00,2606.595,2607.05,2603.98,2605.14,3440
2022-04-11 15:30:00,2605.29,2605.32,2600.59,2602.14,5198
2022-04-11 15:35:00,2601.1796,2601.335,2598.78,2600.41,7946
2022-04-11 15:40:00,2601.83,2602.53,2597.6,2599.6,2000
2022-04-11 15:45:00,2599.685,2602.1626,2597.6284,2600.81,4593
2022-04-11 15:50:00,2600.6,2603.05,2594.15,2594.15,12259
2022-04-11 15:55:00,2594.59,2598.51,2592.35,2596.15,30343
2022-04-11 16:00:00,2595.93,2595.93,2595.93,2595.93,112597
2022-04-11 16:05:00,2595.93,2595.93,2595.93,2595.93,2165
2022-04-11 16:10:00,2595.93,2595.93,2595.93,2595.93,226
2022-04-11 16:20:00,2600.0,2600.0,2600.0,2600.0,140
2022-04-11 16:40:00,2599.0,2599.0,2599.0,2599.0,140
2022-04-11 16:50:00,2595.93,2595.93,2595.93,2595.93,1231
2022-04-11 17:00:00,2600.0014,2600.0014,2600.0,2600.0,200
2022-04-11 18:15:00,2602.0,2603.45,2602.0,2603.45,203
2022-04-11 19:20:00,2600.33,2600.33,2600.0,2600.0,992
2022-04-12 07:10:00,2602.01,2602.01,2602.01,2602.01,100
2022-04-12 07:40:00,2602.0,2602.0,2602.0,2602.0,288
2022-04-12 07:50:00,2602.99,2603.0,2602.99,2603.0,249
2022-04-12 08:00:00,2603.0,2603.0,2600.0,2600.0,200
2022-04-12 08:30:00,2630.0,2644.0,2630.0,2634.0,2202
2022-04-12 08:50:00,2643.0,2643.0,2643.0,2643.0,200
2022-04-12 08:55:00,2645.0,2645.0,2645.0,2645.0,200
2022-04-12 09:05:00,2643.9,2643.9,2643.9,2643.9,100
2022-04-12 09:10:00,2642.0,2642.0,2637.0,2637.0,200
2022-04-12 09:25:00,2644.0,2644.0,2643.8,2643.8,200
2022-04-12 09:30:00,2648.47,2648.47,2617.03,2621.12,34660
2022-04-12 09:35:00,2622.0,2632.1,2611.395,2630.77,8797
2022-04-12 09:40:00,2628.35,2636.0,2617.865,2631.78,8677
2022-04-12 09:45:00,2633.63,2634.72,2624.7,2624.7,7508
2022-04-12 09:50:00,2626.55,2631.09,2623.9,2631.01,8488
2022-04-12 09:55:00,2630.31,2630.31,2623.78,2627.14,2867
2022-04-12 10:00:00,2631.87,2632.95,2629.33,2631.0,8524
2022-04-12 10:05:00,2629.6376,2632.35,2626.63,2630.0,3507
2022-04-12 10:10:00,2635.0,2637.358,2630.1,2631.86,7474
2022-04-12 10:15:00,2635.12,2637.55,2628.36,2628.42,7301
2022-04-12 10:20:00,2627.96,2630.54,2624.74,2624.83,5646
2022-04-12 10:25:00,2624.972,2625.93,2619.08,2619.08,2080
2022-04-12 10:30:00,2620.99,2622.01,2618.21,2620.85,2752
2022-04-12 10:35:00,2619.64,2620.0,2608.98,2610.48,6294
2022-04-12 10:40:00,2609.0,2612.1,2608.85,2608.93,2780
2022-04-12 10:45:00,2609.695,2613.52,2603.86,2603.86,3490
2022-04-12 10:50:00,2604.505,2604.505,2599.95,2601.36,2890
2022-04-12 10:55:00,2602.89,2609.5,2602.89,2607.655,2438
2022-04-12 11:00:00,2607.62,2611.8398,2605.74,2608.01,1298
2022-04-12 11:05:00,2608.05,2608.05,2601.545,2603.515,2771
2022-04-12 11:10:00,2604.41,2610.58,2603.85,2608.749,2580
2022-04-12 11:15:00,2610.44,2610.495,2607.62,2609.0,1100
2022-04-12 11:20:00,2610.01,2613.805,2610.01,2611.17,1850
2022-04-12 11:25:00,2612.58,2615.435,2611.0,2614.29,2028
2022-04-12 11:30:00,2615.33,2615.74,2612.305,2612.305,2970
2022-04-12 11:35:00,2611.84,2613.78,2607.41,2610.15,4174
2022-04-12 11:40:00,2610.36,2614.275,2609.52,2611.68,2949
2022-04-12 11:45:00,2612.33,2612.33,2605.98,2605.98,1613
2022-04-12 11:50:00,2605.25,2613.86,2605.25,2613.05,2006
2022-04-12 11:55:00,2611.45,2612.334,2605.0,2607.715,3480
2022-04-12 12:00:00,2607.68,2607.68,2602.59,2603.0914,1742
2022-04-12 12:05:00,2604.44,2604.76,2597.01,2597.96,3912
2022-04-12 12:10:00,2598.27,2600.0,2594.385,2600.0,2995
2022-04-12 12:15:00,2599.75,2606.47,2598.61,2602.695,2560
2022-04-12 12:20:00,2600.64,2600.805,2594.805,2594.805,1985
2022-04-12 12:25:00,2593.27,2593.27,2591.15,2591.88,1040
2022-04-12 12:30:00,2590.83,2595.04,2590.83,2595.04,1966
2022-04-12 12:35:00,2593.74,2596.21,2592.4544,2593.29,4413
2022-04-12 12:40:00,2592.19,2595.12,2591.36,2591.36,2043
2022-04-12 12:45:00,2592.51,2594.035,2591.405,2593.9166,2283
2022-04-12 12:50:00,2595.106,2596.9,2594.49,2594.785,940
2022-04-12 12:55:00,2595.52,2597.86,2594.53,2594.53,2010
2022-04-12 13:00:00,2595.2,2598.77,2591.26,2592.36,3561
2022-04-12 13:05:00,2593.39,2596.2,2590.45,2593.64,4423
2022-04-12 13:10:00,2594.01,2597.2,2592.01,2596.31,1650
2022-04-12 13:15:00,2595.68,2595.68,2592.828,2593.9,740
2022-04-12 13:20:00,2596.59,2599.72,2594.7,2594.7,1370
2022-04-12 13:25:00,2594.61,2594.91,2591.85,2593.265,1840
2022-04-12 13:30:00,2592.13,2593.59,2590.62,2593.59,1140
2022-04-12 13:35:00,2591.9,2592.52,2586.45,2586.45,2901
2022-04-12 13:40:00,2587.71,2588.0,2582.76,2582.76,3839
2022-04-12 13:45:00,2585.81,2585.81,2579.99,2583.101,1940
2022-04-12 13:50:00,2580.8,2581.55,2577.615,2577.725,2022
2022-04-12 13:55:00,2575.941,2577.69,2575.26,2577.415,2491
2022-04-12 14:00:00,2576.2,2579.4916,2574.5122,2579.4916,4225
2022-04-12 14:05:00,2579.49,2585.67,2579.49,2583.02,5999
2022-04-12 14:10:00,2582.01,2582.01,2576.23,2576.23,6785
2022-04-12 14:15:00,2573.27,2573.27,2567.06,2567.45,8847
2022-04-12 14:20:00,2566.96,2568.03,2563.15,2564.435,4228
2022-04-12 14:25:00,2564.0,2566.69,2563.0,2563.28,2425
2022-04-12 14:30:00,2562.09,2563.565,2559.9804,2563.31,2800
2022-04-12 14:35:00,2562.79,2565.72,2560.02,2560.02,5070
2022-04-12 14:40:00,2560.14,2563.6572,2560.14,2562.825,1700
2022-04-12 14:45:00,2566.39,2569.81,2564.87,2568.005,5678
2022-04-12 14:50:00,2567.26,2567.26,2562.215,2563.9776,2737
2022-04-12 14:55:00,2564.75,2565.4,2560.0,2562.13,2112
2022-04-12 15:00:00,2561.465,2561.9,2556.08,2556.69,2509
2022-04-12 15:05:00,2556.075,2556.6,2553.2256,2553.875,3089
2022-04-12 15:10:00,2554.82,2556.51,2551.52,2552.57,4073
2022-04-12 15:15:00,2552.97,2556.86,2552.32,2556.13,4513
2022-04-12 15:20:00,2559.0,2560.21,2556.0,2556.55,5875
2022-04-12 15:25:00,2555.94,2556.09,2551.76,2554.375,6785
2022-04-12 15:30:00,2553.6,2555.895,2552.249,2553.42,6819
2022-04-12 15:35:00,2552.3088,2564.48,2552.3088,2564.48,9949
2022-04-12 15:40:00,2563.475,2565.56,2559.495,2561.15,6622
2022-04-12 15:45:00,2560.2,2570.99,2559.0,2567.38,11562
2022-04-12 15:50:00,2565.43,2571.29,2562.56,2570.43,18080
2022-04-12 15:55:00,2572.17,2572.79,2567.02,2567.49,19001
2022-04-12 16:00:00,2567.49,2567.49,2567.49,2567.49,89522
2022-04-12 16:05:00,2567.49,2567.49,2567.49,2567.49,721
2022-04-12 16:20:00,2567.49,2567.49,2567.49,2567.49,879
2022-04-12 16:30:00,2570.28,2570.28,2570.28,2570.28,120
2022-04-12 16:35:00,2570.0,2570.0,2570.0,2570.0,100
2022-04-12 17:30:00,2567.49,2567.49,2567.49,2567.49,1130
2022-04-12 18:50:00,2570.0,2570.0,2570.0,2570.0,222
2022-04-13 07:05:00,2588.0,2588.0,2588.0,2588.0,100
2022-04-13 08:00:00,2581.07,2581.07,2581.07,2581.07,100
2022-04-13 08:20:00,2582.0,2582.0,2582.0,2582.0,100
2022-04-13 08:30:00,2573.0,2573.0,2573.0,2573.0,115
2022-04-13 09:00:00,2575.0,2575.0,2575.0,2575.0,100
2022-04-13 09:05:00,2572.0,2572.0,2572.0,2572.0,100
2022-04-13 09:25:00,2580.0,2580.0,2576.77,2576.77,300
2022-04-13 09:30:00,2572.53,2577.23,2568.772,2572.0,20320
2022-04-13 09:35:00,2572.0,2577.3698,2571.0,2571.31,9184
2022-04-13 09:40:00,2570.465,2577.65,2570.02,2576.105,10268
2022-04-13 09:45:00,2574.66,2581.25,2574.66,2580.81,7683
2022-04-13 09:50:00,2579.54,2582.0,2575.89,2582.0,4991
2022-04-13 09:55:00,2580.93,2580.93,2575.0,2576.28,7174
2022-04-13 10:00:00,2576.28,2576.28,2569.85,2570.17,3228
2022-04-13 10:05:00,2576.86,2580.58,2574.52,2574.52,3767
2022-04-13 10:10:00,2572.8658,2574.33,2571.75,2572.88,2360
2022-04-13 10:15:00,2579.4922,2587.725,2579.4922,2586.455,1680
2022-04-13 10:20:00,2586.64,2590.0196,2585.717,2589.315,2390
2022-04-13 10:25:00,2589.35,2589.35,2582.665,2582.665,1782
2022-04-13 10:30:00,2583.91,2591.58,2583.86,2586.0,4257
2022-04-13 10:35:00,2586.55,2587.7,2581.375,2581.375,4913
2022-04-13 10:40:00,2580.21,2583.41,2576.82,2582.3474,3070
2022-04-13 10:45:00,2582.935,2584.9624,2580.43,2580.615,6060
2022-04-13 10:50:00,2580.3076,2583.58,2579.46,2581.34,4700
2022-04-13 10:55:00,2580.165,2580.92,2577.01,2578.37,2989
2022-04-13 11:00:00,2579.58,2590.785,2579.58,2589.695,10647
2022-04-13 11:05:00,2589.785,2593.67,2588.8094,2591.7956,3334
2022-04-13 11:10:00,2591.21,2594.875,2591.21,2593.48,3412
2022-04-13 11:15:00,2593.54,2594.16,2591.27,2592.01,9754
2022-04-13 11:20:00,2592.0,2592.655,2590.0,2591.96,3660
2022-04-13 11:25:00,2592.365,2595.0,2590.145,2590.145,5804
2022-04-13 11:30:00,2589.74,2590.24,2587.74,2588.98,7622
2022-04-13 11:35:00,2589.23,2590.575,2588.26,2589.63,3060
2022-04-13 11:40:00,2590.18,2599.5998,2590.18,2595.57,3905
2022-04-13 11:45:00,2595.2,2596.25,2592.06,2592.8,7833
2022-04-13 11:50:00,2591.77,2596.44,2591.77,2596.0874,2501
2022-04-13 11:55:00,2596.0,2596.21,2594.075,2594.925,3000
2022-04-13 12:00:00,2594.96,2595.03,2591.535,2594.52,2980
2022-04-13 12:05:00,2595.34,2596.81,2594.38,2596.81,1200
2022-04-13 12:10:00,2596.75,2599.15,2594.81,2599.15,2035
2022-04-13 12:15:00,2598.56,2603.19,2598.395,2602.695,2890
2022-04-13 12:20:00,2601.7022,2605.8372,2601.15,2604.78,1820
2022-04-13 12:25:00,2606.54,2607.81,2603.82,2604.195,2111
2022-04-13 12:30:00,2604.2994,2607.17,2603.8574,2606.525,2821
2022-04-13 12:35:00,2607.365,2609.0,2607.2824,2607.7712,6047
2022-04-13 12:40:00,2607.83,2610.0,2607.53,2609.97,7118
2022-04-13 12:45:00,2608.3404,2610.395,2606.01,2606.01,2301
2022-04-13 12:50:00,2605.62,2609.215,2604.69,2609.215,3428
2022-04-13 12:55:00,2608.105,2608.105,2606.0454,2606.355,1291
2022-04-13 13:00:00,2605.76,2607.62,2601.9,2603.55,9620
2022-04-13 13:05:00,2603.235,2606.395,2601.0,2606.23,3740
2022-04-13 13:10:00,2606.79,2609.8638,2604.565,2604.69,6009
2022-04-13 13:15:00,2604.69,2605.14,2601.2,2601.47,5896
2022-04-13 13:20:00,2601.54,2602.865,2599.18,2601.27,5445
2022-04-13 13:25:00,2600.0,2601.0,2598.67,2600.0,2357
2022-04-13 13:30:00,2600.04,2600.04,2594.4,2595.499,2625
2022-04-13 13:35:00,2594.32,2595.045,2592.41,2595.045,3160
2022-04-13 13:40:00,2594.5,2594.825,2592.835,2593.7994,1212
2022-04-13 13:45:00,2594.78,2594.975,2591.6882,2593.825,3150
2022-04-13 13:50:00,2594.0,2596.0,2593.15,2595.1026,1963
2022-04-13 13:55:00,2595.05,2595.525,2594.59,2594.59,1400
2022-04-13 14:00:00,2594.2,2595.0,2593.85,2594.0,1000
2022-04-13 14:05:00,2595.0,2599.84,2595.0,2598.905,1391
2022-04-13 14:10:00,2598.13,2598.13,2594.06,2594.06,600
2022-04-13 14:15:00,2597.19,2600.8926,2596.57,2598.94,799
2022-04-13 14:20:00,2600.6036,2600.95,2597.1226,2598.06,400
2022-04-13 14:25:00,2597.25,2597.35,2595.16,2596.33,600
2022-04-13 14:30:00,2597.985,2598.0,2596.01,2598.0,844
2022-04-13 14:35:00,2598.14,2600.33,2598.14,2598.49,9000
2022-04-13 14:40:00,2597.5,2597.5,2596.83,2597.21,700
2022-04-13 14:45:00,2598.1,2600.36,2597.73,2600.0,1800
2022-04-13 14:50:00,2599.97,2600.11,2598.8,2599.58,600
2022-04-13 14:55:00,2600.1562,2600.5318,2595.63,2595.63,1316
2022-04-13 15:00:00,2596.17,2597.165,2592.59,2593.99,2081
2022-04-13 15:05:00,2595.6274,2601.0,2595.6274,2600.02,3230
2022-04-13 15:10:00,2600.805,2600.805,2598.21,2599.565,2595
2022-04-13 15:15:00,2599.58,2604.8798,2599.58,2604.8798,2159
2022-04-13 15:20:00,2603.63,2607.18,2602.09,2606.66,3929
2022-04-13 15:25:00,2606.59,2609.85,2605.87,2608.24,2625
2022-04-13 15:30:00,2607.68,2610.66,2607.18,2609.58,4807
2022-04-13 15:35:00,2609.5376,2610.81,2608.5,2610.6,3073
2022-04-13 15:40:00,2610.05,2610.05,2608.04,2608.04,3875
2022-04-13 15:45:00,2609.34,2613.115,2608.01,2609.195,7713
2022-04-13 15:50:00,2610.01,2610.01,2603.565,2606.32,6541
2022-04-13 15:55:00,2605.11,2607.09,2603.2,2605.02,13512
2022-04-13 16:00:00,2605.72,2605.72,2605.72,2605.72,113212
2022-04-13 16:05:00,2605.72,2605.72,2605.72,2605.72,1040
2022-04-13 16:20:00,2605.72,2605.72,2605.72,2605.72,100
2022-04-13 16:25:00,2605.72,2605.72,2605.72,2605.72,100
2022-04-13 16:45:00,2605.72,2605.72,2605.72,2605.72,659
2022-04-14 07:50:00,2612.0,2612.0,2612.0,2612.0,217
2022-04-14 09:25:00,2612.57,2612.57,2612.57,2612.57,100
2022-04-14 09:30:00,2612.99,2614.205,2593.86,2599.98,51065
2022-04-14 09:35:00,2599.81,2601.0396,2591.09,2592.3,3548
2022-04-14 09:40:00,2593.305,2595.05,2577.41,2577.41,9083
2022-04-14 09:45:00,2578.105,2580.885,2572.2972,2573.01,12459
2022-04-14 09:50:00,2573.895,2574.435,2568.4,2573.34,11279
2022-04-14 09:55:00,2572.5,2578.0,2571.09,2578.0,3181
2022-04-14 10:00:00,2575.95,2578.0,2573.32,2576.09,3236
2022-04-14 10:05:00,2574.23,2575.7798,2560.26,2561.78,4609
2022-04-14 10:10:00,2562.08,2565.16,2560.27,2560.27,5513
2022-04-14 10:15:00,2560.14,2567.7324,2558.57,2563.0,5583
2022-04-14 10:20:00,2562.0,2566.74,2561.79,2563.0,3589
2022-04-14 10:25:00,2562.925,2565.315,2561.87,2564.1,1300
2022-04-14 10:30:00,2563.13,2568.42,2561.09,2565.06,3384
2022-04-14 10:35:00,2564.54,2567.095,2562.0,2562.663,2469
2022-04-14 10:40:00,2564.91,2566.6,2562.66,2563.78,2400
2022-04-14 10:45:00,2569.23,2573.3426,2567.0,2567.5,2234
2022-04-14 10:50:00,2567.4274,2568.0,2565.0,2566.79,3740
2022-04-14 10:55:00,2570.69,2572.9002,2567.1,2569.89,5333
2022-04-14 11:00:00,2570.21,2573.58,2568.69,2572.325,4542
2022-04-14 11:05:00,2572.115,2573.925,2568.03,2568.9,3940
2022-04-14 11:10:00,2569.27,2574.02,2568.655,2570.89,4332
2022-04-14 11:15:00,2569.455,2573.986,2567.46,2568.82,1910
2022-04-14 11:20:00,2568.56,2575.2212,2568.56,2575.2212,927
2022-04-14 11:25:00,2578.48,2578.57,2574.66,2574.86,4004
2022-04-14 11:30:00,2574.48,2574.48,2568.27,2570.19,5148
2022-04-14 11:35:00,2570.28,2571.36,2567.0,2567.09,4484
2022-04-14 11:40:00,2567.065,2567.73,2562.95,2562.95,1383
2022-04-14 11:45:00,2564.88,2565.345,2560.77,2565.31,1410
2022-04-14 11:50:00,2564.93,2566.32,2564.86,2564.86,1410
2022-04-14 11:55:00,2563.54,2564.5,2563.26,2563.445,2040
2022-04-14 12:00:00,2562.56,2565.735,2562.0,2562.47,2743
2022-04-14 12:05:00,2560.85,2565.14,2560.85,2563.54,3386
2022-04-14 12:10:00,2562.67,2563.0,2560.0,2560.185,5908
2022-04-14 12:15:00,2560.88,2561.46,2560.09,2561.145,1216
2022-04-14 12:20:00,2560.01,2560.49,2556.88,2558.2496,2050
2022-04-14 12:25:00,2558.73,2558.95,2553.93,2555.81,4531
2022-04-14 12:30:00,2554.66,2555.565,2553.5,2553.5,981
2022-04-14 12:35:00,2553.5798,2553.6,2552.0,2553.0,3759
2022-04-14 12:40:00,2552.54,2552.54,2548.25,2549.41,6778
2022-04-14 12:45:00,2549.85,2551.07,2549.41,2549.92,1540
2022-04-14 12:50:00,2549.7,2551.288,2549.7,2551.0,1140
2022-04-14 12:55:00,2552.21,2554.18,2550.67,2551.14,1440
2022-04-14 13:00:00,2554.51,2556.73,2554.51,2556.73,912
2022-04-14 13:05:00,2556.73,2558.31,2554.85,2557.87,1210
2022-04-14 13:10:00,2558.575,2559.83,2556.15,2556.15,1865
2022-04-14 13:15:00,2555.8,2559.79,2555.39,2557.74,1398
2022-04-14 13:20:00,2557.86,2559.54,2557.15,2557.56,1355
2022-04-14 13:25:00,2558.64,2558.84,2557.64,2557.8076,1150
2022-04-14 13:30:00,2558.17,2558.715,2557.14,2558.45,1200
2022-04-14 13:35:00,2560.25,2561.1,2559.01,2559.81,6920
2022-04-14 13:40:00,2560.23,2563.285,2560.205,2562.01,2619
2022-04-14 13:45:00,2561.1,2565.0,2561.1,2564.845,1400
2022-04-14 13:50:00,2564.44,2567.565,2564.35,2566.53,4630
2022-04-14 13:55:00,2566.66,2571.0,2566.66,2570.89,4369
2022-04-14 14:00:00,2571.0,2575.5298,2570.045,2573.2,3804
2022-04-14 14:05:00,2572.06,2575.5566,2568.49,2569.02,2400
2022-04-14 14:10:00,2569.82,2572.29,2568.832,2570.11,2018
2022-04-14 14:15:00,2571.59,2572.06,2566.38,2566.53,1938
2022-04-14 14:20:00,2565.0,2565.0,2561.05,2561.93,2541
2022-04-14 14:25:00,2561.93,2563.755,2560.895,2563.755,804
2022-04-14 14:30:00,2562.855,2565.375,2561.645,2561.645,1300
2022-04-14 14:35:00,2560.41,2560.725,2559.165,2560.0,1100
2022-04-14 14:40:00,2560.36,2563.75,2560.01,2562.0,1926
2022-04-14 14:45:00,2562.7,2564.7798,2561.845,2562.985,1555
2022-04-14 14:50:00,2563.79,2563.79,2555.47,2555.47,8770
2022-04-14 14:55:00,2556.0,2556.27,2551.61,2553.02,4154
2022-04-14 15:00:00,2552.31,2554.46,2550.84,2553.51,2739
2022-04-14 15:05:00,2552.815,2554.865,2551.51,2551.51,4432
2022-04-14 15:10:00,2550.38,2552.0,2550.0,2550.0,2960
2022-04-14 15:15:00,2550.74,2557.0,2550.74,2555.97,2600
2022-04-14 15:20:00,2556.61,2556.61,2552.34,2553.1,1600
2022-04-14 15:25:00,2553.85,2553.85,2548.69,2549.075,4639
2022-04-14 15:30:00,2549.31,2549.67,2545.5,2548.3,7032
2022-04-14 15:35:00,2547.0,2547.82,2545.77,2545.89,3109
2022-04-14 15:40:00,2546.18,2549.92,2545.37,2548.92,3549
2022-04-14 15:45:00,2548.74,2550.5,2547.01,2547.01,7991
2022-04-14 15:50:00,2546.35,2549.35,2543.535,2548.48,11198
2022-04-14 15:55:00,2546.22,2547.99,2542.23,2545.58,23518
2022-04-14 16:00:00,2545.06,2545.06,2545.06,2545.06,128894
2022-04-14 16:05:00,2545.06,2545.06,2545.06,2545.06,6553
2022-04-14 16:20:00,2545.06,2545.06,2545.06,2545.06,816
2022-04-14 16:45:00,2545.06,2545.06,2545.06,2545.06,410
2022-04-14 16:50:00,2543.0,2543.0,2543.0,2543.0,200
2022-04-14 17:00:00,2546.1,2546.1,2546.1,2546.1,100
2022-04-14 17:05:00,2547.27,2547.27,2547.27,2547.27,122
2022-04-14 17:20:00,2545.55,2545.55,2545.55,2545.55,100
2022-04-14 17:50:00,2546.99,2546.99,2546.99,2546.99,100
2022-04-14 19:00:00,2545.06,2545.06,2545.06,2545.06,150
