2022-04-01 07:20:00,38.01,38.01,38.0,38.0,700
2022-04-01 08:00:00,38.0099,38.0099,38.0,38.0,277
2022-04-01 08:35:00,37.95,37.95,37.9,37.9,200
2022-04-01 08:45:00,37.9,37.95,37.9,37.95,1063
2022-04-01 08:50:00,37.95,37.95,37.95,37.95,100
2022-04-01 09:15:00,38.0,38.0,38.0,38.0,100
2022-04-01 09:20:00,38.0,38.0,38.0,38.0,2000
2022-04-01 09:25:00,37.88,37.88,37.8,37.8,5600
2022-04-01 09:30:00,37.98,38.45,37.9,38.45,326278
2022-04-01 09:35:00,38.48,38.95,38.45,38.88,221122
2022-04-01 09:40:00,38.88,38.99,38.72,38.74,193957
2022-04-01 09:45:00,38.74,38.96,38.68,38.92,134516
2022-04-01 09:50:00,38.91,38.9335,38.62,38.69,134349
2022-04-01 09:55:00,38.69,38.72,38.53,38.59,103976
2022-04-01 10:00:00,38.595,38.76,38.475,38.53,124145
2022-04-01 10:05:00,38.56,38.7287,38.54,38.7201,62606
2022-04-01 10:10:00,38.72,38.8,38.7,38.78,86679
2022-04-01 10:15:00,38.78,38.78,38.63,38.66,44301
2022-04-01 10:20:00,38.66,38.6899,38.52,38.54,52020
2022-04-01 10:25:00,38.54,38.77,38.47,38.68,64550
2022-04-01 10:30:00,38.65,38.765,38.62,38.75,59890
2022-04-01 10:35:00,38.74,38.785,38.62,38.6907,52646
2022-04-01 10:40:00,38.68,38.7308,38.57,38.575,69370
2022-04-01 10:45:00,38.5777,38.765,38.57,38.695,156807
2022-04-01 10:50:00,38.69,38.77,38.66,38.66,77842
2022-04-01 10:55:00,38.66,38.755,38.64,38.66,43387
2022-04-01 11:00:00,38.65,38.76,38.63,38.71,48716
2022-04-01 11:05:00,38.7,38.925,38.67,38.85,85308
2022-04-01 11:10:00,38.85,39.0,38.85,39.0,78565
2022-04-01 11:15:00,39.0,39.0485,38.88,38.885,114154
2022-04-01 11:20:00,38.89,39.07,38.89,39.045,90353
2022-04-01 11:25:00,39.055,39.11,38.985,39.05,52704
2022-04-01 11:30:00,39.05,39.055,38.8917,38.94,58609
2022-04-01 11:35:00,38.945,38.945,38.88,38.9271,47115
2022-04-01 11:40:00,38.92,39.04,38.905,38.935,98895
2022-04-01 11:45:00,38.94,38.97,38.89,38.92,74509
2022-04-01 11:50:00,38.93,39.05,38.9,39.04,86514
2022-04-01 11:55:00,39.045,39.05,38.93,38.93,45240
2022-04-01 12:00:00,38.935,38.955,38.7501,38.79,58301
2022-04-01 12:05:00,38.79,38.79,38.71,38.735,33484
2022-04-01 12:10:00,38.73,38.75,38.66,38.68,56343
2022-04-01 12:15:00,38.67,38.705,38.6,38.66,27637
2022-04-01 12:20:00,38.675,38.705,38.52,38.535,34113
2022-04-01 12:25:00,38.53,38.61,38.53,38.56,33258
2022-04-01 12:30:00,38.55,38.56,38.4,38.42,46220
2022-04-01 12:35:00,38.42,38.51,38.39,38.4795,77598
2022-04-01 12:40:00,38.48,38.54,38.43,38.54,37357
2022-04-01 12:45:00,38.54,38.5405,38.495,38.51,14931
2022-04-01 12:50:00,38.51,38.6,38.51,38.6,50591
2022-04-01 12:55:00,38.6,38.63,38.54,38.61,98560
2022-04-01 13:00:00,38.61,38.62,38.52,38.53,48629
2022-04-01 13:05:00,38.53,38.61,38.515,38.59,35566
2022-04-01 13:10:00,38.59,38.59,38.52,38.575,45693
2022-04-01 13:15:00,38.575,38.575,38.42,38.42,91658
2022-04-01 13:20:00,38.415,38.42,38.285,38.37,48559
2022-04-01 13:25:00,38.37,38.38,38.255,38.32,44130
2022-04-01 13:30:00,38.325,38.3299,38.25,38.315,23314
2022-04-01 13:35:00,38.32,38.42,38.32,38.3601,75999
2022-04-01 13:40:00,38.36,38.39,38.3389,38.3389,32182
2022-04-01 13:45:00,38.3399,38.44,38.33,38.34,87806
2022-04-01 13:50:00,38.34,38.38,38.33,38.37,26998
2022-04-01 13:55:00,38.36,38.48,38.36,38.42,86821
2022-04-01 14:00:00,38.42,38.55,38.42,38.55,30462
2022-04-01 14:05:00,38.55,38.64,38.53,38.63,38704
2022-04-01 14:10:00,38.625,38.67,38.58,38.67,43023
2022-04-01 14:15:00,38.675,38.77,38.675,38.71,37444
2022-04-01 14:20:00,38.7,38.805,38.68,38.78,44662
2022-04-01 14:25:00,38.78,38.815,38.75,38.805,48245
2022-04-01 14:30:00,38.8058,38.87,38.79,38.79,58090
2022-04-01 14:35:00,38.79,38.8185,38.75,38.78,90058
2022-04-01 14:40:00,38.78,38.7973,38.71,38.74,23034
2022-04-01 14:45:00,38.745,38.77,38.67,38.685,18991
2022-04-01 14:50:00,38.685,38.72,38.6415,38.645,51661
2022-04-01 14:55:00,38.645,38.684,38.6206,38.68,140285
2022-04-01 15:00:00,38.685,38.73,38.64,38.69,54554
2022-04-01 15:05:00,38.67,38.67,38.605,38.61,32333
2022-04-01 15:10:00,38.615,38.62,38.54,38.605,85752
2022-04-01 15:15:00,38.605,38.605,38.53,38.57,28972
2022-04-01 15:20:00,38.57,38.5758,38.525,38.56,42973
2022-04-01 15:25:00,38.57,38.61,38.5688,38.605,62646
2022-04-01 15:30:00,38.6009,38.61,38.55,38.59,74177
2022-04-01 15:35:00,38.59,38.61,38.5406,38.59,66429
2022-04-01 15:40:00,38.59,38.65,38.55,38.575,103777
2022-04-01 15:45:00,38.57,38.67,38.55,38.61,133489
2022-04-01 15:50:00,38.6,38.71,38.5328,38.635,318487
2022-04-01 15:55:00,38.63,38.67,38.57,38.57,364173
2022-04-01 16:00:00,38.58,38.58,38.58,38.58,526414
2022-04-01 16:05:00,38.58,38.58,38.58,38.58,4175
2022-04-01 16:10:00,38.5801,38.5801,38.5801,38.5801,100
2022-04-01 16:15:00,38.6727,38.6727,38.55,38.55,875
2022-04-01 16:35:00,38.4322,38.4322,38.4322,38.4322,200
2022-04-01 16:55:00,38.666,38.666,38.666,38.666,100
2022-04-01 17:25:00,38.58,38.58,38.58,38.58,450
2022-04-01 17:45:00,38.7899,38.79,38.78,38.79,1588
2022-04-01 17:50:00,38.79,38.79,38.78,38.79,7066
2022-04-01 18:00:00,38.67,38.67,38.67,38.67,100
2022-04-01 18:05:00,38.77,38.77,38.77,38.77,300
2022-04-01 18:10:00,38.77,38.77,38.77,38.77,950
2022-04-01 18:15:00,38.77,38.77,38.77,38.77,100
2022-04-01 18:25:00,38.77,38.79,38.77,38.79,1470
2022-04-01 18:45:00,38.77,38.77,38.77,38.77,100
2022-04-01 18:50:00,38.74,38.74,38.74,38.74,100
2022-04-01 18:55:00,38.67,38.67,38.66,38.66,300
2022-04-01 19:35:00,38.7,38.7,38.7,38.7,100
2022-04-04 05:55:00,38.64,38.64,38.64,38.64,100
2022-04-04 07:45:00,38.71,38.71,38.71,38.71,700
2022-04-04 07:50:00,38.75,38.75,38.75,38.75,266
2022-04-04 08:00:00,38.9452,38.95,38.7,38.7,1155
2022-04-04 08:05:00,38.75,38.8,38.75,38.79,1512
2022-04-04 08:10:00,38.86,38.86,38.86,38.86,100
2022-04-04 08:15:00,38.89,38.89,38.86,38.88,798
2022-04-04 08:20:00,38.86,38.9399,38.86,38.93,1721
2022-04-04 08:25:00,38.93,39.0,38.91,38.98,2542
2022-04-04 08:30:00,38.96,38.96,38.95,38.96,700
2022-04-04 08:35:00,39.0,39.12,39.0,39.12,4949
2022-04-04 08:40:00,39.19,39.19,39.15,39.16,397
2022-04-04 09:00:00,39.12,39.13,39.01,39.01,4221
2022-04-04 09:05:00,39.0,39.07,39.0,39.04,1533
2022-04-04 09:10:00,39.05,39.17,38.98,39.17,6837
2022-04-04 09:15:00,39.17,39.19,39.16,39.16,998
2022-04-04 09:25:00,39.13,39.13,38.62,38.62,17656
2022-04-04 09:30:00,38.77,38.97,38.64,38.87,547431
2022-04-04 09:35:00,38.9,38.99,38.38,38.41,350170
2022-04-04 09:40:00,38.45,38.69,38.33,38.34,165576
2022-04-04 09:45:00,38.34,38.38,38.13,38.35,177279
2022-04-04 09:50:00,38.34,38.44,38.09,38.44,187406
2022-04-04 09:55:00,38.44,38.61,38.44,38.59,126953
2022-04-04 10:00:00,38.5985,38.67,38.53,38.64,106434
2022-04-04 10:05:00,38.63,38.675,38.52,38.54,93235
2022-04-04 10:10:00,38.54,38.6,38.35,38.48,83093
2022-04-04 10:15:00,38.48,38.6,38.35,38.43,70911
2022-04-04 10:20:00,38.43,38.56,38.37,38.48,52176
2022-04-04 10:25:00,38.5,38.66,38.41,38.61,90098
2022-04-04 10:30:00,38.59,38.605,38.5,38.56,57952
2022-04-04 10:35:00,38.56,38.575,38.33,38.46,72342
2022-04-04 10:40:00,38.46,38.61,38.459,38.49,88437
2022-04-04 10:45:00,38.49,38.585,38.48,38.54,42991
2022-04-04 10:50:00,38.53,38.56,38.46,38.48,40778
2022-04-04 10:55:00,38.4719,38.535,38.43,38.455,36522
2022-04-04 11:00:00,38.45,38.45,38.32,38.33,94158
2022-04-04 11:05:00,38.3282,38.34,38.22,38.33,91265
2022-04-04 11:10:00,38.33,38.33,38.11,38.2098,125217
2022-04-04 11:15:00,38.23,38.33,38.22,38.2925,49032
2022-04-04 11:20:00,38.3,38.36,38.2385,38.3392,55955
2022-04-04 11:25:00,38.35,38.36,38.2284,38.2759,110842
2022-04-04 11:30:00,38.28,38.34,38.223,38.3192,54744
2022-04-04 11:35:00,38.31,38.365,38.28,38.3,36091
2022-04-04 11:40:00,38.29,38.31,38.17,38.19,78872
2022-04-04 11:45:00,38.2,38.255,38.14,38.145,67360
2022-04-04 11:50:00,38.145,38.25,38.06,38.25,46259
2022-04-04 11:55:00,38.26,38.325,38.23,38.305,73134
2022-04-04 12:00:00,38.31,38.335,38.27,38.3,44959
2022-04-04 12:05:00,38.29,38.29,38.19,38.25,35770
2022-04-04 12:10:00,38.25,38.2599,38.1897,38.215,26695
2022-04-04 12:15:00,38.21,38.2513,38.205,38.24,24719
2022-04-04 12:20:00,38.25,38.255,38.145,38.15,38740
2022-04-04 12:25:00,38.15,38.1878,38.12,38.18,67756
2022-04-04 12:30:00,38.18,38.25,38.15,38.235,58709
2022-04-04 12:35:00,38.24,38.245,38.155,38.2001,77074
2022-04-04 12:40:00,38.21,38.31,38.2,38.3,95130
2022-04-04 12:45:00,38.32,38.41,38.29,38.37,92673
2022-04-04 12:50:00,38.38,38.4,38.355,38.355,98827
2022-04-04 12:55:00,38.355,38.42,38.34,38.38,94599
2022-04-04 13:00:00,38.38,38.392,38.36,38.37,73733
2022-04-04 13:05:00,38.375,38.41,38.36,38.375,45547
2022-04-04 13:10:00,38.38,38.42,38.32,38.35,36660
2022-04-04 13:15:00,38.35,38.4,38.345,38.3842,46600
2022-04-04 13:20:00,38.385,38.53,38.385,38.43,57296
2022-04-04 13:25:00,38.43,38.445,38.39,38.425,33403
2022-04-04 13:30:00,38.42,38.46,38.38,38.4201,41121
2022-04-04 13:35:00,38.42,38.49,38.42,38.4683,39110
2022-04-04 13:40:00,38.47,38.6,38.47,38.5741,73047
2022-04-04 13:45:00,38.58,38.605,38.53,38.59,49603
2022-04-04 13:50:00,38.585,38.61,38.555,38.6,33019
2022-04-04 13:55:00,38.595,38.61,38.575,38.5978,39839
2022-04-04 14:00:00,38.5975,38.7,38.555,38.68,66816
2022-04-04 14:05:00,38.675,38.72,38.675,38.705,73001
2022-04-04 14:10:00,38.705,38.725,38.59,38.67,104595
2022-04-04 14:15:00,38.6699,38.72,38.645,38.695,31164
2022-04-04 14:20:00,38.695,38.72,38.65,38.665,56191
2022-04-04 14:25:00,38.67,38.71,38.665,38.71,64752
2022-04-04 14:30:00,38.7,38.7,38.61,38.655,65525
2022-04-04 14:35:00,38.65,38.73,38.62,38.725,51577
2022-04-04 14:40:00,38.725,38.745,38.654,38.67,79703
2022-04-04 14:45:00,38.68,38.725,38.62,38.66,62528
2022-04-04 14:50:00,38.67,38.73,38.67,38.73,30030
2022-04-04 14:55:00,38.72,38.72,38.695,38.71,60350
2022-04-04 15:00:00,38.71,38.755,38.66,38.72,86472
2022-04-04 15:05:00,38.72,38.735,38.68,38.71,45226
2022-04-04 15:10:00,38.71,38.77,38.68,38.76,73377
2022-04-04 15:15:00,38.76,38.77,38.685,38.7,75236
2022-04-04 15:20:00,38.7,38.76,38.7,38.71,86044
2022-04-04 15:25:00,38.72,38.76,38.7,38.705,65619
2022-04-04 15:30:00,38.705,38.71,38.64,38.685,103693
2022-04-04 15:35:00,38.68,38.786,38.65,38.78,136638
2022-04-04 15:40:00,38.79,38.79,38.625,38.665,149834
2022-04-04 15:45:00,38.665,38.74,38.65,38.715,150727
2022-04-04 15:50:00,38.72,38.85,38.71,38.735,411596
2022-04-04 15:55:00,38.735,38.795,38.69,38.76,711611
2022-04-04 16:00:00,38.77,38.77,38.59,38.77,1179708
2022-04-04 16:05:00,38.7,38.7,38.7,38.7,100
2022-04-04 16:10:00,38.7,38.7,38.7,38.7,100
2022-04-04 16:25:00,38.68,38.68,38.67,38.67,1110
2022-04-04 16:35:00,38.77,38.77,38.77,38.77,700
2022-04-04 16:45:00,38.68,38.68,38.68,38.68,300
2022-04-04 17:15:00,38.75,38.75,38.75,38.75,128
2022-04-04 18:30:00,38.84,38.84,38.68,38.7,443
2022-04-04 18:35:00,38.84,38.84,38.84,38.84,450
2022-04-04 19:10:00,38.85,38.85,38.85,38.85,400
2022-04-04 19:55:00,38.85,38.86,38.82,38.82,1857
2022-04-05 04:10:00,38.84,38.86,38.84,38.86,514
2022-04-05 05:10:00,38.85,38.86,38.85,38.86,1300
2022-04-05 05:15:00,38.86,38.86,38.86,38.86,8217
2022-04-05 05:50:00,38.83,38.83,38.83,38.83,200
2022-04-05 05:55:00,38.83,38.83,38.83,38.83,400
2022-04-05 06:20:00,38.85,38.85,38.84,38.85,1000
2022-04-05 07:00:00,38.75,38.77,38.75,38.77,1420
2022-04-05 07:15:00,38.78,38.78,38.78,38.78,174
2022-04-05 07:35:00,38.86,38.87,38.86,38.87,1004
2022-04-05 07:40:00,38.81,38.81,38.81,38.81,250
2022-04-05 08:00:00,38.8499,38.86,38.81,38.81,1050
2022-04-05 08:10:00,38.81,38.81,38.81,38.81,600
2022-04-05 08:15:00,38.81,38.81,38.81,38.81,300
2022-04-05 08:20:00,38.9,38.92,38.9,38.92,2451
2022-04-05 08:35:00,38.8,38.8,38.8,38.8,100
2022-04-05 08:40:00,38.95,38.95,38.95,38.95,1200
2022-04-05 08:45:00,39.0,39.08,39.0,39.08,2576
2022-04-05 08:50:00,39.08,39.08,39.08,39.08,2055
2022-04-05 09:00:00,39.01,39.01,38.98,38.98,950
2022-04-05 09:05:00,39.06,39.09,38.95,38.95,6300
2022-04-05 09:10:00,38.96,38.96,38.96,38.96,100
2022-04-05 09:20:00,38.96,39.08,38.7327,39.0,1972
2022-04-05 09:25:00,38.89,38.9,38.75,38.75,3410
2022-04-05 09:30:00,38.67,39.48,38.45,39.44,573288
2022-04-05 09:35:00,39.46,39.57,39.28,39.37,293230
2022-04-05 09:40:00,39.38,39.51,39.255,39.51,112437
2022-04-05 09:45:00,39.52,39.54,39.11,39.28,170144
2022-04-05 09:50:00,39.27,39.27,38.93,39.03,152585
2022-04-05 09:55:00,39.02,39.14,38.95,38.99,114400
2022-04-05 10:00:00,38.98,39.02,38.77,38.8,96936
2022-04-05 10:05:00,38.77,38.78,38.26,38.38,187669
2022-04-05 10:10:00,38.37,38.59,38.35,38.46,131837
2022-04-05 10:15:00,38.4395,38.45,38.3,38.43,105438
2022-04-05 10:20:00,38.42,38.4872,38.29,38.36,144083
2022-04-05 10:25:00,38.35,38.44,38.3,38.35,69773
2022-04-05 10:30:00,38.32,38.39,38.21,38.2599,91031
2022-04-05 10:35:00,38.2559,38.38,38.21,38.305,77505
2022-04-05 10:40:00,38.32,38.375,38.22,38.23,72678
2022-04-05 10:45:00,38.24,38.37,38.18,38.34,88611
2022-04-05 10:50:00,38.33,38.48,38.26,38.305,92609
2022-04-05 10:55:00,38.29,38.435,38.26,38.3224,55485
2022-04-05 11:00:00,38.32,38.44,38.27,38.43,54317
2022-04-05 11:05:00,38.43,38.445,38.31,38.39,76467
2022-04-05 11:10:00,38.4,38.4,38.181,38.33,68900
2022-04-05 11:15:00,38.32,38.37,38.27,38.35,43913
2022-04-05 11:20:00,38.34,38.45,38.33,38.33,53458
2022-04-05 11:25:00,38.3101,38.37,38.3,38.3,39201
2022-04-05 11:30:00,38.32,38.33,38.23,38.3,60731
2022-04-05 11:35:00,38.29,38.4,38.265,38.3308,42201
2022-04-05 11:40:00,38.34,38.345,38.2477,38.27,41781
2022-04-05 11:45:00,38.265,38.33,38.2,38.32,30517
2022-04-05 11:50:00,38.3189,38.3189,38.195,38.2,54288
2022-04-05 11:55:00,38.2,38.25,38.1101,38.125,89177
2022-04-05 12:00:00,38.1247,38.195,38.1247,38.17,68774
2022-04-05 12:05:00,38.16,38.23,38.1075,38.19,65029
2022-04-05 12:10:00,38.19,38.28,38.19,38.25,54271
2022-04-05 12:15:00,38.26,38.35,38.215,38.345,50253
2022-04-05 12:20:00,38.34,38.35,38.19,38.195,47310
2022-04-05 12:25:00,38.19,38.27,38.155,38.16,39150
2022-04-05 12:30:00,38.15,38.17,38.1,38.165,52775
2022-04-05 12:35:00,38.16,38.2,38.124,38.185,44757
2022-04-05 12:40:00,38.185,38.19,38.1288,38.15,46180
2022-04-05 12:45:00,38.15,38.2,38.13,38.17,37159
2022-04-05 12:50:00,38.18,38.27,38.18,38.22,45844
2022-04-05 12:55:00,38.2199,38.25,38.19,38.24,22486
2022-04-05 13:00:00,38.245,38.31,38.23,38.31,52864
2022-04-05 13:05:00,38.31,38.405,38.3,38.37,49366
2022-04-05 13:10:00,38.37,38.4,38.255,38.27,62405
2022-04-05 13:15:00,38.27,38.31,38.25,38.29,40121
2022-04-05 13:20:00,38.29,38.3177,38.26,38.29,18496
2022-04-05 13:25:00,38.29,38.37,38.29,38.35,36821
2022-04-05 13:30:00,38.3599,38.38,38.305,38.33,32115
2022-04-05 13:35:00,38.34,38.395,38.3,38.3,31178
2022-04-05 13:40:00,38.3019,38.3019,38.185,38.185,55611
2022-04-05 13:45:00,38.18,38.18,38.12,38.14,30320
2022-04-05 13:50:00,38.135,38.16,38.09,38.1,31762
2022-04-05 13:55:00,38.105,38.125,38.05,38.12,38991
2022-04-05 14:00:00,38.12,38.15,38.07,38.09,33535
2022-04-05 14:05:00,38.095,38.095,38.0,38.06,43866
2022-04-05 14:10:00,38.07,38.08,38.025,38.025,23906
2022-04-05 14:15:00,38.03,38.03,37.935,37.99,36960
2022-04-05 14:20:00,38.0,38.055,37.985,38.02,39932
2022-04-05 14:25:00,38.0199,38.045,37.92,37.97,49714
2022-04-05 14:30:00,37.97,37.98,37.89,37.965,24479
2022-04-05 14:35:00,37.96,37.98,37.93,37.945,39702
2022-04-05 14:40:00,37.945,37.9601,37.9,37.94,32692
2022-04-05 14:45:00,37.94,37.955,37.885,37.945,42139
2022-04-05 14:50:00,37.95,37.98,37.88,37.965,40379
2022-04-05 14:55:00,37.97,38.06,37.94,38.015,47433
2022-04-05 15:00:00,38.02,38.05,37.995,38.0,35821
2022-04-05 15:05:00,38.01,38.01,37.93,37.965,44360
2022-04-05 15:10:00,37.96,37.99,37.94,37.97,42550
2022-04-05 15:15:00,37.97,37.97,37.905,37.94,99901
2022-04-05 15:20:00,37.94,37.94,37.8,37.92,112250
2022-04-05 15:25:00,37.92,37.92,37.865,37.89,71666
2022-04-05 15:30:00,37.9,37.9,37.77,37.815,103500
2022-04-05 15:35:00,37.82,37.8201,37.66,37.675,171418
2022-04-05 15:40:00,37.67,37.67,37.57,37.64,206366
2022-04-05 15:45:00,37.635,37.64,37.53,37.53,186804
2022-04-05 15:50:00,37.54,37.69,37.54,37.61,195348
2022-04-05 15:55:00,37.605,37.615,37.5,37.54,494838
2022-04-05 16:00:00,37.53,37.53,37.53,37.53,1233383
2022-04-05 16:05:00,37.53,37.53,37.53,37.53,135
2022-04-05 16:10:00,37.9906,37.9906,37.9906,37.9906,100
2022-04-05 16:30:00,37.7,37.7,37.7,37.7,200
2022-04-05 17:50:00,37.61,37.61,37.61,37.61,100
2022-04-05 18:00:00,37.65,37.65,37.65,37.65,110
2022-04-05 18:10:00,37.65,37.65,37.65,37.65,300
2022-04-05 18:55:00,37.56,37.57,37.56,37.57,289
2022-04-05 19:10:00,37.56,37.56,37.56,37.56,400
2022-04-05 19:15:00,37.56,37.56,37.56,37.56,100
2022-04-05 19:35:00,37.73,37.79,37.73,37.79,3922
2022-04-05 19:40:00,37.6,37.6,37.6,37.6,200
2022-04-05 19:45:00,37.6,37.6,37.6,37.6,100
2022-04-05 19:55:00,37.6,37.6,37.59,37.59,330
2022-04-06 04:20:00,38.0,38.0,37.99,37.99,200
2022-04-06 07:05:00,38.0,38.0,38.0,38.0,100
2022-04-06 07:10:00,37.91,37.91,37.91,37.91,1400
2022-04-06 07:25:00,37.9,37.9,37.9,37.9,300
2022-04-06 07:50:00,37.8,37.8,37.79,37.8,1209
2022-04-06 08:00:00,37.85,38.0,37.7999,38.0,7039
2022-04-06 08:05:00,37.7999,37.8,37.7,37.7,480
2022-04-06 08:10:00,37.77,37.82,37.77,37.8,1052
2022-04-06 08:30:00,37.85,37.85,37.85,37.85,300
2022-04-06 08:45:00,37.77,37.77,37.76,37.76,200
2022-04-06 08:50:00,37.74,37.77,37.74,37.77,575
2022-04-06 08:55:00,37.85,37.85,37.85,37.85,100
2022-04-06 09:00:00,37.8799,37.8799,37.8799,37.8799,3000
2022-04-06 09:05:00,37.89,37.95,37.85,37.85,1218
2022-04-06 09:10:00,37.83,37.83,37.83,37.83,200
2022-04-06 09:20:00,37.77,37.77,37.77,37.77,300
2022-04-06 09:25:00,37.9,38.0,37.9,38.0,1200
2022-04-06 09:30:00,38.18,38.45,37.71,37.765,275315
2022-04-06 09:35:00,37.78,37.89,37.39,37.53,130518
2022-04-06 09:40:00,37.56,37.63,37.42,37.55,118397
2022-04-06 09:45:00,37.55,37.5841,37.36,37.42,110178
2022-04-06 09:50:00,37.43,37.7,37.42,37.615,99733
2022-04-06 09:55:00,37.57,37.66,37.485,37.56,62333
2022-04-06 10:00:00,37.54,37.665,37.5,37.56,112761
2022-04-06 10:05:00,37.56,37.61,37.46,37.61,86424
2022-04-06 10:10:00,37.615,37.88,37.615,37.825,218643
2022-04-06 10:15:00,37.85,37.98,37.84,37.86,63778
2022-04-06 10:20:00,37.845,38.0,37.78,37.98,102944
2022-04-06 10:25:00,37.9899,38.02,37.7453,37.795,103595
2022-04-06 10:30:00,37.78,37.995,37.72,37.925,75190
2022-04-06 10:35:00,37.93,37.99,37.89,37.93,63963
2022-04-06 10:40:00,37.94,37.945,37.7899,37.84,79540
2022-04-06 10:45:00,37.84,37.93,37.75,37.925,66030
2022-04-06 10:50:00,37.925,38.0,37.88,37.99,96655
2022-04-06 10:55:00,37.99,38.055,37.91,38.03,158616
2022-04-06 11:00:00,38.03,38.09,37.7401,37.92,133836
2022-04-06 11:05:00,37.93,37.97,37.87,37.93,45295
2022-04-06 11:10:00,37.93,37.935,37.72,37.74,78425
2022-04-06 11:15:00,37.745,37.8,37.64,37.7798,59309
2022-04-06 11:20:00,37.77,37.77,37.54,37.59,108799
2022-04-06 11:25:00,37.5882,37.6,37.47,37.52,50697
2022-04-06 11:30:00,37.505,37.55,37.365,37.445,51466
2022-04-06 11:35:00,37.45,37.53,37.42,37.53,74273
2022-04-06 11:40:00,37.52,37.52,37.4,37.4417,53108
2022-04-06 11:45:00,37.44,37.64,37.44,37.62,85260
2022-04-06 11:50:00,37.62,37.67,37.55,37.6,47831
2022-04-06 11:55:00,37.59,37.77,37.59,37.63,52325
2022-04-06 12:00:00,37.63,37.72,37.625,37.72,30839
2022-04-06 12:05:00,37.73,37.82,37.69,37.7373,60483
2022-04-06 12:10:00,37.735,37.79,37.64,37.64,43764
2022-04-06 12:15:00,37.65,37.65,37.475,37.54,73613
2022-04-06 12:20:00,37.54,37.59,37.49,37.565,51333
2022-04-06 12:25:00,37.565,37.575,37.4,37.43,77384
2022-04-06 12:30:00,37.44,37.57,37.44,37.56,45735
2022-04-06 12:35:00,37.56,37.56,37.51,37.54,39671
2022-04-06 12:40:00,37.55,37.63,37.535,37.63,31915
2022-04-06 12:45:00,37.66,37.68,37.55,37.64,43937
2022-04-06 12:50:00,37.64,37.65,37.6,37.61,19342
2022-04-06 12:55:00,37.61,37.725,37.61,37.71,52506
2022-04-06 13:00:00,37.71,37.71,37.6189,37.63,19041
2022-04-06 13:05:00,37.62,37.64,37.57,37.625,33401
2022-04-06 13:10:00,37.63,37.67,37.6,37.62,28300
2022-04-06 13:15:00,37.61,37.62,37.4,37.4,56487
2022-04-06 13:20:00,37.4,37.44,37.34,37.43,106789
2022-04-06 13:25:00,37.43,37.455,37.375,37.415,80688
2022-04-06 13:30:00,37.41,37.485,37.405,37.475,30775
2022-04-06 13:35:00,37.48,37.505,37.33,37.33,63335
2022-04-06 13:40:00,37.34,37.345,37.175,37.19,105194
2022-04-06 13:45:00,37.185,37.205,37.13,37.165,98144
2022-04-06 13:50:00,37.16,37.285,37.155,37.255,75143
2022-04-06 13:55:00,37.255,37.27,37.2001,37.25,45148
2022-04-06 14:00:00,37.255,37.41,37.1981,37.235,77442
2022-04-06 14:05:00,37.23,37.285,37.12,37.16,92876
2022-04-06 14:10:00,37.165,37.21,37.09,37.12,65864
2022-04-06 14:15:00,37.1,37.11,37.0,37.07,151867
2022-04-06 14:20:00,37.08,37.12,37.03,37.08,63834
2022-04-06 14:25:00,37.08,37.16,37.0099,37.075,56825
2022-04-06 14:30:00,37.07,37.31,37.065,37.28,68820
2022-04-06 14:35:00,37.28,37.31,37.2,37.2253,80858
2022-04-06 14:40:00,37.215,37.27,37.12,37.2692,70007
2022-04-06 14:45:00,37.27,37.41,37.27,37.355,41127
2022-04-06 14:50:00,37.36,37.44,37.36,37.395,42740
2022-04-06 14:55:00,37.39,37.49,37.39,37.415,35159
2022-04-06 15:00:00,37.41,37.5,37.395,37.49,49682
2022-04-06 15:05:00,37.48,37.49,37.29,37.36,76326
2022-04-06 15:10:00,37.36,37.38,37.31,37.3699,63958
2022-04-06 15:15:00,37.365,37.415,37.325,37.365,73588
2022-04-06 15:20:00,37.36,37.455,37.36,37.42,48070
2022-04-06 15:25:00,37.42,37.44,37.335,37.34,159539
2022-04-06 15:30:00,37.34,37.375,37.275,37.305,124208
2022-04-06 15:35:00,37.31,37.35,37.26,37.285,98176
2022-04-06 15:40:00,37.29,37.3,37.21,37.27,127036
2022-04-06 15:45:00,37.265,37.36,37.26,37.36,185542
2022-04-06 15:50:00,37.35,37.43,37.285,37.295,272188
2022-04-06 15:55:00,37.295,37.375,37.25,37.34,280920
2022-04-06 16:00:00,37.35,37.35,37.35,37.35,787424
2022-04-06 16:15:00,37.35,37.35,37.35,37.35,800000
2022-04-06 16:30:00,37.35,37.35,37.35,37.35,23371
2022-04-06 16:35:00,37.35,37.35,37.35,37.35,100
2022-04-06 16:45:00,37.35,37.35,37.35,37.35,500
2022-04-06 17:15:00,37.25,37.25,37.25,37.25,419
2022-04-06 17:35:00,37.2635,37.2635,37.2635,37.2635,200
2022-04-06 18:45:00,37.39,37.39,37.39,37.39,300
2022-04-06 19:40:00,37.3,37.3,37.3,37.3,915
2022-04-07 07:05:00,37.8,37.8,37.8,37.8,280
2022-04-07 07:40:00,37.59,37.6,37.59,37.6,1445
2022-04-07 08:20:00,37.66,37.66,37.65,37.65,500
2022-04-07 08:25:00,37.6,37.6,37.5,37.5,400
2022-04-07 08:45:00,37.5,37.5,37.5,37.5,200
2022-04-07 08:55:00,37.4,37.4,37.4,37.4,1000
2022-04-07 09:00:00,37.4,37.4,37.13,37.4,1600
2022-04-07 09:05:00,37.25,37.3,37.25,37.3,1725
2022-04-07 09:10:00,37.31,37.44,37.31,37.44,1866
2022-04-07 09:15:00,37.31,37.31,37.29,37.29,827
2022-04-07 09:30:00,37.49,38.01,37.41,37.445,240929
2022-04-07 09:35:00,37.43,37.68,37.37,37.66,101454
2022-04-07 09:40:00,37.66,37.75,37.4532,37.62,110758
2022-04-07 09:45:00,37.62,37.75,37.49,37.51,93551
2022-04-07 09:50:00,37.49,37.69,37.46,37.65,144596
2022-04-07 09:55:00,37.66,37.68,37.4001,37.5,60847
2022-04-07 10:00:00,37.5,37.56,37.29,37.32,89958
2022-04-07 10:05:00,37.33,37.37,37.24,37.32,66568
2022-04-07 10:10:00,37.3016,37.4,37.23,37.24,75568
2022-04-07 10:15:00,37.23,37.28,37.15,37.28,80754
2022-04-07 10:20:00,37.28,37.32,37.2,37.3,142458
2022-04-07 10:25:00,37.3,37.379,37.21,37.22,97183
2022-04-07 10:30:00,37.23,37.355,37.2,37.32,49583
2022-04-07 10:35:00,37.31,37.345,37.23,37.25,70945
2022-04-07 10:40:00,37.25,37.29,37.15,37.1599,49099
2022-04-07 10:45:00,37.17,37.19,37.07,37.11,69241
2022-04-07 10:50:00,37.11,37.135,36.97,37.125,146741
2022-04-07 10:55:00,37.12,37.2,37.06,37.09,112068
2022-04-07 11:00:00,37.09,37.205,37.055,37.14,90931
2022-04-07 11:05:00,37.13,37.14,37.03,37.08,68795
2022-04-07 11:10:00,37.08,37.14,37.03,37.05,41227
2022-04-07 11:15:00,37.05,37.065,36.97,37.04,67818
2022-04-07 11:20:00,37.045,37.115,37.015,37.03,54172
2022-04-07 11:25:00,37.025,37.025,36.87,36.91,78971
2022-04-07 11:30:00,36.92,36.97,36.8608,36.95,91010
2022-04-07 11:35:00,36.95,37.015,36.91,36.955,90359
2022-04-07 11:40:00,36.9453,36.9813,36.88,36.88,47475
2022-04-07 11:45:00,36.88,36.8899,36.69,36.72,95463
2022-04-07 11:50:00,36.71,36.8202,36.65,36.78,63480
2022-04-07 11:55:00,36.78,36.87,36.76,36.855,41114
2022-04-07 12:00:00,36.86,36.86,36.7589,36.78,31612
2022-04-07 12:05:00,36.78,36.81,36.74,36.76,21630
2022-04-07 12:10:00,36.77,36.79,36.66,36.72,34197
2022-04-07 12:15:00,36.725,36.7908,36.7,36.76,36447
2022-04-07 12:20:00,36.76,36.76,36.655,36.695,28110
2022-04-07 12:25:00,36.685,36.69,36.57,36.6402,36416
2022-04-07 12:30:00,36.645,36.665,36.61,36.61,17754
2022-04-07 12:35:00,36.6,36.72,36.58,36.69,44795
2022-04-07 12:40:00,36.69,36.79,36.69,36.775,18506
2022-04-07 12:45:00,36.78,36.9,36.775,36.88,27334
2022-04-07 12:50:00,36.88,37.0161,36.86,36.9295,213994
2022-04-07 12:55:00,36.92,36.97,36.88,36.9,45319
2022-04-07 13:00:00,36.91,36.97,36.894,36.935,27983
2022-04-07 13:05:00,36.92,36.945,36.86,36.91,48526
2022-04-07 13:10:00,36.9,36.9612,36.88,36.96,34633
2022-04-07 13:15:00,36.96,37.065,36.96,37.06,30488
2022-04-07 13:20:00,37.06,37.145,37.05,37.075,65774
2022-04-07 13:25:00,37.08,37.1799,37.07,37.115,36851
2022-04-07 13:30:00,37.12,37.1458,37.065,37.0791,25463
2022-04-07 13:35:00,37.0793,37.13,37.015,37.13,80239
2022-04-07 13:40:00,37.14,37.14,37.06,37.07,17061
2022-04-07 13:45:00,37.075,37.17,37.05,37.16,26833
2022-04-07 13:50:00,37.151,37.16,37.06,37.065,29222
2022-04-07 13:55:00,37.06,37.18,37.035,37.16,26808
2022-04-07 14:00:00,37.17,37.225,37.17,37.21,54161
2022-04-07 14:05:00,37.21,37.22,37.14,37.17,34780
2022-04-07 14:10:00,37.17,37.245,37.165,37.24,37335
2022-04-07 14:15:00,37.24,37.2481,37.19,37.21,22278
2022-04-07 14:20:00,37.21,37.3,37.185,37.19,23791
2022-04-07 14:25:00,37.2,37.295,37.2,37.2499,30932
2022-04-07 14:30:00,37.24,37.33,37.23,37.27,30352
2022-04-07 14:35:00,37.27,37.4199,37.265,37.41,25055
2022-04-07 14:40:00,37.41,37.475,37.355,37.46,81063
2022-04-07 14:45:00,37.47,37.505,37.45,37.49,47074
2022-04-07 14:50:00,37.49,37.52,37.45,37.51,62766
2022-04-07 14:55:00,37.505,37.545,37.485,37.52,52459
2022-04-07 15:00:00,37.51,37.63,37.505,37.59,136151
2022-04-07 15:05:00,37.59,37.65,37.565,37.63,66989
2022-04-07 15:10:00,37.63,37.665,37.61,37.6634,60491
2022-04-07 15:15:00,37.665,37.69,37.64,37.665,64429
2022-04-07 15:20:00,37.66,37.71,37.62,37.71,87424
2022-04-07 15:25:00,37.72,37.77,37.6901,37.76,76587
2022-04-07 15:30:00,37.765,37.82,37.745,37.795,134419
2022-04-07 15:35:00,37.795,37.865,37.775,37.86,117803
2022-04-07 15:40:00,37.855,37.92,37.815,37.915,125410
2022-04-07 15:45:00,37.915,37.97,37.86,37.89,236705
2022-04-07 15:50:00,37.89,37.91,37.81,37.83,226823
2022-04-07 15:55:00,37.82,37.83,37.74,37.75,394430
2022-04-07 16:00:00,37.75,37.75,37.75,37.75,715268
2022-04-07 16:15:00,38.1299,38.13,38.1228,38.13,2065
2022-04-07 16:20:00,37.78,37.78,37.5902,37.5902,448
2022-04-07 16:25:00,37.75,38.055,37.75,38.055,472
2022-04-07 16:30:00,38.0,38.0,38.0,38.0,100
2022-04-07 16:55:00,38.0,38.0,38.0,38.0,400
2022-04-07 17:40:00,37.9999,37.9999,37.9999,37.9999,500
2022-04-07 17:55:00,38.0,38.0,38.0,38.0,100
2022-04-07 18:10:00,37.61,37.61,37.61,37.61,110
2022-04-07 18:30:00,37.79,37.79,37.78,37.78,900
2022-04-07 18:45:00,37.8,37.8,37.8,37.8,800
2022-04-07 19:35:00,37.63,37.79,37.63,37.79,380
2022-04-08 07:00:00,37.67,37.67,37.67,37.67,100
2022-04-08 08:00:00,37.7001,37.97,37.7001,37.97,3626
2022-04-08 08:05:00,37.9483,38.05,37.9483,38.05,2689
2022-04-08 08:10:00,38.15,38.23,38.13,38.23,5673
2022-04-08 08:15:00,38.15,38.15,38.12,38.12,3182
2022-04-08 08:20:00,38.1,38.1,38.1,38.1,250
2022-04-08 08:50:00,38.09,38.21,38.09,38.21,814
2022-04-08 09:05:00,38.168,38.168,38.0,38.0,1300
2022-04-08 09:15:00,37.91,37.91,37.91,37.91,2023
2022-04-08 09:20:00,37.91,37.91,37.91,37.91,1006
2022-04-08 09:25:00,38.24,38.35,38.24,38.35,2744
2022-04-08 09:30:00,38.19,38.97,38.15,38.875,546819
2022-04-08 09:35:00,38.88,39.17,38.82,38.86,409074
2022-04-08 09:40:00,38.83,38.83,38.53,38.73,86689
2022-04-08 09:45:00,38.72,38.96,38.57,38.75,174613
2022-04-08 09:50:00,38.73,38.77,38.63,38.67,54289
2022-04-08 09:55:00,38.67,38.8579,38.67,38.84,63030
2022-04-08 10:00:00,38.83,39.05,38.825,38.935,99184
2022-04-08 10:05:00,38.93,38.94,38.77,38.88,70808
2022-04-08 10:10:00,38.86,39.0276,38.8308,38.91,77591
2022-04-08 10:15:00,38.91,38.99,38.79,38.89,52168
2022-04-08 10:20:00,38.9,39.03,38.9,38.985,252165
2022-04-08 10:25:00,38.98,39.0,38.76,38.8899,95395
2022-04-08 10:30:00,38.8885,39.0,38.88,38.955,119582
2022-04-08 10:35:00,38.96,39.045,38.96,39.03,68287
2022-04-08 10:40:00,39.02,39.055,38.98,39.005,62661
2022-04-08 10:45:00,39.02,39.095,38.98,39.015,70634
2022-04-08 10:50:00,39.02,39.235,39.02,39.225,130481
2022-04-08 10:55:00,39.23,39.27,39.2,39.26,96040
2022-04-08 11:00:00,39.25,39.295,39.19,39.22,52290
2022-04-08 11:05:00,39.215,39.25,39.14,39.21,54478
2022-04-08 11:10:00,39.21,39.285,39.2,39.26,48716
2022-04-08 11:15:00,39.26,39.3193,39.21,39.22,39691
2022-04-08 11:20:00,39.21,39.28,39.19,39.24,57447
2022-04-08 11:25:00,39.235,39.35,39.235,39.32,74312
2022-04-08 11:30:00,39.325,39.39,39.315,39.325,132246
2022-04-08 11:35:00,39.32,39.38,39.32,39.33,103427
2022-04-08 11:40:00,39.32,39.4,39.32,39.38,117339
2022-04-08 11:45:00,39.38,39.4,39.33,39.36,67403
2022-04-08 11:50:00,39.36,39.47,39.3501,39.357,107100
2022-04-08 11:55:00,39.36,39.45,39.35,39.435,47731
2022-04-08 12:00:00,39.445,39.5817,39.43,39.565,148069
2022-04-08 12:05:00,39.567,39.585,39.515,39.52,45873
2022-04-08 12:10:00,39.53,39.56,39.49,39.54,65268
2022-04-08 12:15:00,39.545,39.64,39.52,39.623,87162
2022-04-08 12:20:00,39.62,39.68,39.56,39.62,55517
2022-04-08 12:25:00,39.605,39.7,39.6001,39.68,52753
2022-04-08 12:30:00,39.675,39.71,39.615,39.615,55256
2022-04-08 12:35:00,39.625,39.7,39.62,39.65,60685
2022-04-08 12:40:00,39.64,39.64,39.57,39.62,59655
2022-04-08 12:45:00,39.625,39.63,39.52,39.55,106900
2022-04-08 12:50:00,39.545,39.62,39.505,39.575,98477
2022-04-08 12:55:00,39.57,39.62,39.52,39.6003,100817
2022-04-08 13:00:00,39.61,39.695,39.59,39.675,114045
2022-04-08 13:05:00,39.67,39.67,39.62,39.65,334631
2022-04-08 13:10:00,39.66,39.66,39.6,39.605,51299
2022-04-08 13:15:00,39.605,39.64,39.57,39.61,143442
2022-04-08 13:20:00,39.6199,39.695,39.605,39.69,73608
2022-04-08 13:25:00,39.69,39.74,39.66,39.7,65709
2022-04-08 13:30:00,39.705,39.7599,39.69,39.715,46091
2022-04-08 13:35:00,39.72,39.77,39.7,39.75,40663
2022-04-08 13:40:00,39.755,39.79,39.73,39.76,52475
2022-04-08 13:45:00,39.76,39.765,39.7,39.7385,86586
2022-04-08 13:50:00,39.73,39.73,39.65,39.6901,86747
2022-04-08 13:55:00,39.69,39.74,39.66,39.73,41786
2022-04-08 14:00:00,39.73,39.79,39.71,39.75,64859
2022-04-08 14:05:00,39.75,39.8,39.74,39.765,65610
2022-04-08 14:10:00,39.76,39.765,39.73,39.735,62288
2022-04-08 14:15:00,39.73,39.73,39.66,39.715,73168
2022-04-08 14:20:00,39.72,39.76,39.68,39.722,185177
2022-04-08 14:25:00,39.72,39.775,39.68,39.76,68372
2022-04-08 14:30:00,39.77,39.815,39.72,39.791,109508
2022-04-08 14:35:00,39.795,39.85,39.77,39.83,74447
2022-04-08 14:40:00,39.825,39.855,39.78,39.84,76118
2022-04-08 14:45:00,39.85,39.89,39.84,39.875,107358
2022-04-08 14:50:00,39.8798,39.89,39.86,39.875,58184
2022-04-08 14:55:00,39.87,39.89,39.865,39.885,93880
2022-04-08 15:00:00,39.885,39.94,39.855,39.925,286998
2022-04-08 15:05:00,39.93,39.99,39.895,39.99,250619
2022-04-08 15:10:00,39.99,40.0,39.94,39.97,200320
2022-04-08 15:15:00,39.97,39.975,39.895,39.9,174751
2022-04-08 15:20:00,39.9,39.95,39.885,39.94,80722
2022-04-08 15:25:00,39.94,39.97,39.92,39.965,94504
2022-04-08 15:30:00,39.965,39.985,39.89,39.905,135963
2022-04-08 15:35:00,39.905,39.935,39.89,39.9,122885
2022-04-08 15:40:00,39.9,39.99,39.89,39.975,242341
2022-04-08 15:45:00,39.98,40.0,39.965,39.99,541069
2022-04-08 15:50:00,39.99,40.0,39.88,39.905,362419
2022-04-08 15:55:00,39.91,39.95,39.88,39.95,480261
2022-04-08 16:00:00,39.94,39.94,39.94,39.94,718096
2022-04-08 16:05:00,39.95,39.95,39.95,39.95,480
2022-04-08 16:15:00,39.94,39.94,39.94,39.94,4810
2022-04-08 16:20:00,39.95,39.95,39.93,39.93,856
2022-04-08 16:25:00,39.94,39.94,39.94,39.94,652
2022-04-08 16:35:00,39.93,39.93,39.93,39.93,100
2022-04-08 16:50:00,39.968,39.968,39.968,39.968,200
2022-04-08 17:05:00,39.98,39.98,39.98,39.98,285
2022-04-08 17:15:00,39.98,39.98,39.98,39.98,1100
2022-04-08 17:25:00,39.9787,39.9787,39.9787,39.9787,500
2022-04-08 17:30:00,39.9773,39.9773,39.9773,39.9773,248
2022-04-08 17:55:00,39.95,39.95,39.95,39.95,111
2022-04-08 18:10:00,39.98,39.98,39.98,39.98,100
2022-04-08 18:15:00,39.98,39.98,39.98,39.98,757
2022-04-08 18:30:00,39.99,40.0,39.96,39.96,2379
2022-04-08 18:40:00,39.99,39.99,39.99,39.99,100
2022-04-08 19:10:00,39.99,39.99,39.99,39.99,380
2022-04-08 19:15:00,39.99,39.99,39.99,39.99,500
2022-04-08 19:25:00,40.0,40.0,40.0,40.0,5896
2022-04-08 19:30:00,39.99,39.99,39.99,39.99,536
2022-04-08 19:40:00,39.99,39.99,39.99,39.99,100
2022-04-08 19:45:00,39.99,40.0,39.99,40.0,1086
2022-04-08 19:50:00,39.99,40.0,39.99,40.0,1400
2022-04-11 04:00:00,39.98,39.98,39.98,39.98,100
2022-04-11 06:50:00,39.39,39.39,39.39,39.39,145
2022-04-11 07:00:00,39.47,39.59,39.42,39.5,5629
2022-04-11 07:20:00,39.59,39.59,39.59,39.59,100
2022-04-11 07:25:00,39.6,39.6,39.4,39.4,2225
2022-04-11 07:30:00,39.3,39.3,39.3,39.3,2509
2022-04-11 07:45:00,39.23,39.3,39.22,39.23,2091
2022-04-11 07:50:00,39.22,39.22,39.21,39.21,709
2022-04-11 07:55:00,39.28,39.28,39.28,39.28,108
2022-04-11 08:00:00,39.5,39.5,39.11,39.11,4455
2022-04-11 08:05:00,39.12,39.12,39.12,39.12,100
2022-04-11 08:10:00,39.1501,39.1501,39.1501,39.1501,1000
2022-04-11 08:15:00,39.12,39.17,39.07,39.17,2296
2022-04-11 08:20:00,39.2,39.2,39.06,39.06,2760
2022-04-11 08:25:00,39.2,39.2,39.2,39.2,400
2022-04-11 08:30:00,39.1,39.1,39.1,39.1,200
2022-04-11 08:35:00,39.06,39.06,39.06,39.06,501
2022-04-11 08:40:00,39.12,39.1501,39.12,39.1501,1600
2022-04-11 08:45:00,39.19,39.32,39.19,39.32,2376
2022-04-11 08:50:00,39.18,39.18,39.18,39.18,125
2022-04-11 08:55:00,39.182,39.182,39.182,39.182,100
2022-04-11 09:00:00,39.1757,39.23,39.1757,39.23,602
2022-04-11 09:05:00,39.29,39.32,39.29,39.32,200
2022-04-11 09:10:00,39.32,39.35,39.28,39.28,780
2022-04-11 09:15:00,39.26,39.4,39.26,39.4,1500
2022-04-11 09:20:00,39.56,39.56,39.3,39.3,1650
2022-04-11 09:25:00,39.51,39.6,39.47,39.59,3683
2022-04-11 09:30:00,39.58,39.605,39.19,39.42,385972
2022-04-11 09:35:00,39.43,39.5,39.1,39.15,292029
2022-04-11 09:40:00,39.165,39.165,38.85,39.03,261323
2022-04-11 09:45:00,39.02,39.08,38.8499,39.04,166108
2022-04-11 09:50:00,39.04,39.1648,38.855,38.93,281656
2022-04-11 09:55:00,38.93,39.31,38.92,39.24,348269
2022-04-11 10:00:00,39.24,39.36,39.0946,39.22,309746
2022-04-11 10:05:00,39.21,39.305,39.1,39.18,129638
2022-04-11 10:10:00,39.19,39.3299,39.17,39.23,95269
2022-04-11 10:15:00,39.23,39.33,39.1529,39.3,125785
2022-04-11 10:20:00,39.3,39.435,39.29,39.35,88884
2022-04-11 10:25:00,39.33,39.33,39.06,39.245,161380
2022-04-11 10:30:00,39.245,39.28,39.1,39.195,304988
2022-04-11 10:35:00,39.2,39.26,38.94,38.955,391746
2022-04-11 10:40:00,38.955,39.1,38.95,39.055,104178
2022-04-11 10:45:00,39.0599,39.16,38.985,39.16,204010
2022-04-11 10:50:00,39.15,39.26,39.145,39.25,95640
2022-04-11 10:55:00,39.24,39.24,39.11,39.15,116969
2022-04-11 11:00:00,39.155,39.33,39.135,39.27,119122
2022-04-11 11:05:00,39.265,39.265,39.145,39.165,70667
2022-04-11 11:10:00,39.16,39.255,39.155,39.17,58015
2022-04-11 11:15:00,39.16,39.1878,39.125,39.17,91886
2022-04-11 11:20:00,39.17,39.175,39.08,39.115,175485
2022-04-11 11:25:00,39.115,39.15,39.02,39.045,168559
2022-04-11 11:30:00,39.035,39.09,38.95,39.02,97823
2022-04-11 11:35:00,39.035,39.14,39.015,39.02,138574
2022-04-11 11:40:00,39.015,39.12,39.0,39.095,106859
2022-04-11 11:45:00,39.095,39.15,39.08,39.135,73574
2022-04-11 11:50:00,39.14,39.14,39.09,39.12,60634
2022-04-11 11:55:00,39.12,39.185,39.085,39.18,52269
2022-04-11 12:00:00,39.17,39.21,39.05,39.151,74708
2022-04-11 12:05:00,39.16,39.2,39.12,39.13,56000
2022-04-11 12:10:00,39.13,39.16,39.1,39.12,40055
2022-04-11 12:15:00,39.11,39.11,39.06,39.095,39739
2022-04-11 12:20:00,39.095,39.145,39.06,39.125,75102
2022-04-11 12:25:00,39.13,39.14,39.09,39.09,50837
2022-04-11 12:30:00,39.085,39.165,39.08,39.1,41410
2022-04-11 12:35:00,39.1047,39.15,39.1,39.105,43995
2022-04-11 12:40:00,39.1,39.12,39.03,39.0516,134484
2022-04-11 12:45:00,39.055,39.12,39.04,39.06,96305
2022-04-11 12:50:00,39.055,39.105,38.95,38.955,201516
2022-04-11 12:55:00,38.95,39.02,38.935,38.96,321859
2022-04-11 13:00:00,38.95,39.07,38.95,39.055,63863
2022-04-11 13:05:00,39.05,39.09,39.03,39.05,87464
2022-04-11 13:10:00,39.04,39.08,39.0,39.05,83379
2022-04-11 13:15:00,39.04,39.06,38.995,39.04,71555
2022-04-11 13:20:00,39.045,39.07,38.97,38.97,66862
2022-04-11 13:25:00,38.9601,39.035,38.95,38.9809,53856
2022-04-11 13:30:00,38.99,39.04,38.99,39.02,37218
2022-04-11 13:35:00,39.015,39.06,39.0,39.02,41439
2022-04-11 13:40:00,39.02,39.08,39.0,39.03,43893
2022-04-11 13:45:00,39.03,39.08,39.0,39.04,69785
2022-04-11 13:50:00,39.04,39.08,39.03,39.06,35335
2022-04-11 13:55:00,39.06,39.085,39.05,39.07,42950
2022-04-11 14:00:00,39.07,39.105,39.04,39.045,45244
2022-04-11 14:05:00,39.05,39.09,39.04,39.05,51014
2022-04-11 14:10:00,39.04,39.105,39.03,39.05,34545
2022-04-11 14:15:00,39.04,39.08,39.02,39.035,57879
2022-04-11 14:20:00,39.03,39.075,39.02,39.03,55443
2022-04-11 14:25:00,39.04,39.15,39.04,39.13,67935
2022-04-11 14:30:00,39.13,39.1875,39.0948,39.12,112001
2022-04-11 14:35:00,39.115,39.26,39.0888,39.255,238123
2022-04-11 14:40:00,39.25,39.3,39.23,39.26,176480
2022-04-11 14:45:00,39.26,39.325,39.25,39.325,89428
2022-04-11 14:50:00,39.32,39.39,39.29,39.31,158089
2022-04-11 14:55:00,39.31,39.395,39.31,39.37,71952
2022-04-11 15:00:00,39.37,39.4,39.34,39.34,80042
2022-04-11 15:05:00,39.335,39.395,39.3133,39.38,87243
2022-04-11 15:10:00,39.385,39.46,39.383,39.41,166004
2022-04-11 15:15:00,39.415,39.47,39.4,39.435,176243
2022-04-11 15:20:00,39.435,39.46,39.24,39.24,224885
2022-04-11 15:25:00,39.24,39.31,39.225,39.2699,141442
2022-04-11 15:30:00,39.2716,39.28,39.22,39.25,115338
2022-04-11 15:35:00,39.24,39.26,39.2,39.253,136231
2022-04-11 15:40:00,39.25,39.28,39.21,39.245,314045
2022-04-11 15:45:00,39.245,39.245,39.145,39.15,167455
2022-04-11 15:50:00,39.15,39.16,39.06,39.105,679851
2022-04-11 15:55:00,39.1,39.1,39.01,39.07,713932
2022-04-11 16:00:00,39.06,39.26,39.06,39.06,1158792
2022-04-11 16:05:00,39.1,39.1,39.1,39.1,2000
2022-04-11 16:10:00,39.1,39.1,39.1,39.1,400
2022-04-11 16:15:00,39.1,39.11,39.1,39.11,3886
2022-04-11 16:20:00,39.22,39.22,39.22,39.22,100
2022-04-11 16:25:00,39.2199,39.22,39.13,39.13,850
2022-04-11 16:30:00,39.13,39.14,39.13,39.14,1110
2022-04-11 16:35:00,39.13,39.13,39.13,39.13,322
2022-04-11 16:40:00,39.09,39.09,39.09,39.09,358
2022-04-11 16:50:00,39.11,39.11,39.06,39.06,1015
2022-04-11 16:55:00,39.06,39.06,39.0599,39.0599,300
2022-04-11 17:00:00,39.06,39.1028,39.06,39.1028,1492
2022-04-11 17:50:00,39.11,39.11,39.11,39.11,818
2022-04-11 17:55:00,39.2,39.22,39.07,39.22,2450
2022-04-11 18:05:00,39.06,39.1,39.06,39.1,475
2022-04-11 18:10:00,39.22,39.22,39.22,39.22,100
2022-04-11 18:15:00,39.1,39.1,39.1,39.1,100
2022-04-11 18:25:00,39.08,39.22,39.08,39.22,300
2022-04-11 18:30:00,39.2199,39.2199,39.2199,39.2199,300
2022-04-11 18:35:00,39.21,39.21,39.19,39.21,1918
2022-04-11 18:40:00,39.21,39.21,39.21,39.21,100
2022-04-11 18:45:00,39.21,39.21,39.21,39.21,250
2022-04-11 18:50:00,39.21,39.21,39.21,39.21,225
2022-04-11 19:05:00,39.22,39.22,39.22,39.22,500
2022-04-11 19:10:00,39.22,39.22,39.22,39.22,200
2022-04-11 19:15:00,39.45,39.45,39.45,39.45,104
2022-04-11 19:35:00,39.45,39.45,39.45,39.45,200
2022-04-11 19:40:00,39.45,39.45,39.45,39.45,506
2022-04-11 19:45:00,39.5,39.5,39.39,39.39,654
2022-04-11 19:55:00,39.4,39.4,39.4,39.4,250
2022-04-12 06:45:00,39.73,39.73,39.64,39.64,400
2022-04-12 07:00:00,39.56,39.56,39.56,39.56,302
2022-04-12 07:40:00,39.8,39.82,39.8,39.82,1025
2022-04-12 07:50:00,39.85,39.86,39.85,39.86,878
2022-04-12 07:55:00,39.86,39.86,39.86,39.86,120
2022-04-12 08:00:00,39.9499,39.9499,39.79,39.87,500
2022-04-12 08:05:00,39.69,39.87,39.69,39.87,855
2022-04-12 08:10:00,39.9499,39.9499,39.87,39.87,500
2022-04-12 08:15:00,39.8,39.95,39.78,39.78,1950
2022-04-12 08:20:00,39.76,39.95,39.76,39.95,750
2022-04-12 08:25:00,39.8999,39.9,39.8999,39.9,734
2022-04-12 08:30:00,39.9,39.9,39.9,39.9,100
2022-04-12 08:40:00,39.8498,39.8498,39.83,39.83,550
2022-04-12 08:45:00,39.9,39.95,39.9,39.95,1175
2022-04-12 08:50:00,39.91,39.95,39.9,39.95,980
2022-04-12 08:55:00,39.81,39.81,39.75,39.75,200
2022-04-12 09:00:00,39.77,39.77,39.69,39.69,3390
2022-04-12 09:05:00,39.7,39.9,39.7,39.9,1106
2022-04-12 09:10:00,39.89,39.89,39.89,39.89,200
2022-04-12 09:15:00,39.79,39.79,39.69,39.69,419
2022-04-12 09:20:00,39.8,39.8,39.6,39.78,900
2022-04-12 09:25:00,39.6,39.6,39.56,39.56,600
2022-04-12 09:30:00,39.68,40.14,39.64,40.1,864804
2022-04-12 09:35:00,40.11,40.57,40.11,40.49,480322
2022-04-12 09:40:00,40.515,40.67,40.1,40.32,267434
2022-04-12 09:45:00,40.32,40.47,40.21,40.36,164366
2022-04-12 09:50:00,40.38,40.61,40.32,40.52,164794
2022-04-12 09:55:00,40.52,40.65,40.3,40.62,184796
2022-04-12 10:00:00,40.62,40.76,40.48,40.56,266703
2022-04-12 10:05:00,40.56,40.64,40.43,40.4975,79242
2022-04-12 10:10:00,40.47,40.59,40.29,40.585,92685
2022-04-12 10:15:00,40.59,40.61,40.48,40.53,60287
2022-04-12 10:20:00,40.52,40.57,40.27,40.3999,79984
2022-04-12 10:25:00,40.4,40.46,40.275,40.3101,68624
2022-04-12 10:30:00,40.33,40.545,40.33,40.54,103040
2022-04-12 10:35:00,40.54,40.6301,40.51,40.52,61095
2022-04-12 10:40:00,40.51,40.575,40.41,40.43,47568
2022-04-12 10:45:00,40.43,40.54,40.385,40.53,49309
2022-04-12 10:50:00,40.55,40.595,40.48,40.51,56282
2022-04-12 10:55:00,40.5,40.51,40.35,40.36,334685
2022-04-12 11:00:00,40.365,40.38,40.23,40.335,218152
2022-04-12 11:05:00,40.34,40.47,40.295,40.42,37335
2022-04-12 11:10:00,40.43,40.47,40.21,40.26,60329
2022-04-12 11:15:00,40.26,40.26,40.13,40.21,85006
2022-04-12 11:20:00,40.22,40.31,40.2,40.2996,69824
2022-04-12 11:25:00,40.3,40.37,40.27,40.35,49063
2022-04-12 11:30:00,40.325,40.41,40.27,40.3586,71104
2022-04-12 11:35:00,40.365,40.3902,40.2919,40.36,40312
2022-04-12 11:40:00,40.36,40.5,40.315,40.49,63377
2022-04-12 11:45:00,40.495,40.5271,40.38,40.48,51368
2022-04-12 11:50:00,40.48,40.49,40.4,40.46,111302
2022-04-12 11:55:00,40.465,40.52,40.42,40.46,37196
2022-04-12 12:00:00,40.47,40.495,40.415,40.415,43755
2022-04-12 12:05:00,40.415,40.44,40.36,40.41,104497
2022-04-12 12:10:00,40.4,40.405,40.315,40.39,33748
2022-04-12 12:15:00,40.39,40.45,40.3,40.32,48106
2022-04-12 12:20:00,40.315,40.37,40.28,40.28,44534
2022-04-12 12:25:00,40.29,40.32,40.24,40.29,71086
2022-04-12 12:30:00,40.29,40.34,40.25,40.29,36115
2022-04-12 12:35:00,40.28,40.38,40.2794,40.3787,46341
2022-04-12 12:40:00,40.375,40.43,40.2524,40.305,75497
2022-04-12 12:45:00,40.305,40.325,40.25,40.305,66077
2022-04-12 12:50:00,40.3,40.34,40.295,40.33,37590
2022-04-12 12:55:00,40.335,40.425,40.33,40.42,49404
2022-04-12 13:00:00,40.41,40.45,40.355,40.375,77152
2022-04-12 13:05:00,40.39,40.425,40.345,40.35,60783
2022-04-12 13:10:00,40.34,40.41,40.29,40.35,102407
2022-04-12 13:15:00,40.34,40.47,40.34,40.465,48296
2022-04-12 13:20:00,40.465,40.505,40.39,40.4,56449
2022-04-12 13:25:00,40.41,40.415,40.29,40.3,37822
2022-04-12 13:30:00,40.28,40.295,40.23,40.285,59683
2022-04-12 13:35:00,40.285,40.285,40.18,40.18,60507
2022-04-12 13:40:00,40.185,40.21,40.105,40.12,74936
2022-04-12 13:45:00,40.115,40.14,40.06,40.12,75849
2022-04-12 13:50:00,40.13,40.16,39.96,39.99,104942
2022-04-12 13:55:00,39.99,39.99,39.785,39.89,339321
2022-04-12 14:00:00,39.885,39.9,39.7,39.79,191076
2022-04-12 14:05:00,39.785,39.88,39.77,39.805,58036
2022-04-12 14:10:00,39.805,39.85,39.6697,39.69,125993
2022-04-12 14:15:00,39.6899,39.81,39.685,39.81,44145
2022-04-12 14:20:00,39.8,39.85,39.74,39.74,29384
2022-04-12 14:25:00,39.74,39.74,39.65,39.655,60670
2022-04-12 14:30:00,39.66,39.71,39.6,39.7047,97734
2022-04-12 14:35:00,39.71,39.815,39.6875,39.74,53740
2022-04-12 14:40:00,39.74,39.74,39.55,39.56,80217
2022-04-12 14:45:00,39.555,39.67,39.555,39.66,46713
2022-04-12 14:50:00,39.665,39.665,39.51,39.57,46437
2022-04-12 14:55:00,39.56,39.625,39.51,39.615,71138
2022-04-12 15:00:00,39.61,39.64,39.56,39.56,174508
2022-04-12 15:05:00,39.56,39.62,39.47,39.48,63519
2022-04-12 15:10:00,39.47,39.485,39.43,39.475,58252
2022-04-12 15:15:00,39.4701,39.57,39.45,39.565,111148
2022-04-12 15:20:00,39.57,39.58,39.44,39.475,61447
2022-04-12 15:25:00,39.47,39.475,39.33,39.38,73159
2022-04-12 15:30:00,39.37,39.425,39.35,39.355,160953
2022-04-12 15:35:00,39.355,39.535,39.34,39.52,142759
2022-04-12 15:40:00,39.52,39.57,39.47,39.48,127918
2022-04-12 15:45:00,39.47,39.63,39.44,39.585,134998
2022-04-12 15:50:00,39.58,39.655,39.56,39.605,195665
2022-04-12 15:55:00,39.605,39.615,39.51,39.54,369308
2022-04-12 16:00:00,39.53,39.53,39.4,39.53,529768
2022-04-12 16:05:00,39.53,39.75,39.53,39.75,2052
2022-04-12 16:20:00,39.5,39.5,39.5,39.5,253
2022-04-12 16:25:00,39.53,39.53,39.53,39.53,150
2022-04-12 16:30:00,39.55,39.75,39.55,39.75,2300
2022-04-12 16:35:00,39.75,39.75,39.7,39.7,1720
2022-04-12 16:55:00,39.55,39.55,39.55,39.55,139
2022-04-12 17:05:00,39.8799,39.8799,39.8799,39.8799,150
2022-04-12 17:15:00,39.8699,39.87,39.8699,39.87,3116
2022-04-12 17:20:00,39.8,39.87,39.8,39.87,650
2022-04-12 17:25:00,39.87,39.87,39.7,39.7,224
2022-04-12 17:30:00,39.7,39.7,39.7,39.7,200
2022-04-12 17:35:00,39.8699,39.8699,39.8699,39.8699,235
2022-04-12 17:40:00,39.87,39.87,39.87,39.87,1100
2022-04-12 17:45:00,39.8699,39.8699,39.8699,39.8699,100
2022-04-12 17:50:00,39.86,39.88,39.7,39.7,831
2022-04-12 18:15:00,39.85,39.85,39.85,39.85,250
2022-04-12 18:25:00,39.6,39.6,39.6,39.6,153
2022-04-12 18:45:00,39.61,39.85,39.61,39.85,500
2022-04-12 18:50:00,39.8,39.8,39.8,39.8,297
2022-04-12 18:55:00,39.8499,39.8499,39.8499,39.8499,375
2022-04-12 19:05:00,39.6,39.6,39.6,39.6,144
2022-04-12 19:25:00,39.85,39.85,39.85,39.85,100
2022-04-12 19:35:00,39.61,39.61,39.61,39.61,500
2022-04-13 07:00:00,39.92,39.92,39.92,39.92,298
2022-04-13 07:10:00,40.4,40.4,40.4,40.4,446
2022-04-13 07:20:00,40.41,40.41,40.35,40.35,539
2022-04-13 07:30:00,40.47,40.47,40.39,40.47,440
2022-04-13 07:40:00,40.2,40.2,40.2,40.2,500
2022-04-13 07:45:00,40.27,40.27,40.26,40.26,595
2022-04-13 08:00:00,40.4397,40.5,39.85,40.48,7246
2022-04-13 08:05:00,40.1001,40.15,40.1001,40.15,1900
2022-04-13 08:15:00,40.3599,40.3599,40.3599,40.3599,1000
2022-04-13 08:20:00,40.1,40.1,40.1,40.1,1150
2022-04-13 08:25:00,40.1,40.1,40.03,40.03,1500
2022-04-13 08:30:00,40.05,40.05,40.05,40.05,1000
2022-04-13 08:40:00,40.13,40.2,40.13,40.2,1897
2022-04-13 08:55:00,40.2,40.2,40.2,40.2,153
2022-04-13 09:00:00,40.32,40.32,40.04,40.04,3711
2022-04-13 09:05:00,40.07,40.07,40.07,40.07,188
2022-04-13 09:10:00,40.15,40.15,40.15,40.15,400
2022-04-13 09:20:00,40.03,40.19,40.03,40.17,550
2022-04-13 09:25:00,40.04,40.12,40.03,40.03,1750
2022-04-13 09:30:00,40.05,40.52,40.03,40.46,304933
2022-04-13 09:35:00,40.47,40.47,40.19,40.335,158522
2022-04-13 09:40:00,40.34,40.45,40.03,40.08,141434
2022-04-13 09:45:00,40.08,40.12,39.82,40.02,178091
2022-04-13 09:50:00,40.01,40.15,39.84,40.09,108133
2022-04-13 09:55:00,40.1,40.1,39.92,39.9746,86894
2022-04-13 10:00:00,39.98,40.005,39.84,39.91,114751
2022-04-13 10:05:00,39.9,39.96,39.8204,39.915,115419
2022-04-13 10:10:00,39.92,39.9467,39.79,39.86,81354
2022-04-13 10:15:00,39.855,39.865,39.71,39.74,117119
2022-04-13 10:20:00,39.75,39.81,39.67,39.7,152419
2022-04-13 10:25:00,39.705,39.74,39.58,39.59,114596
2022-04-13 10:30:00,39.59,39.8,39.45,39.7705,193281
2022-04-13 10:35:00,39.7809,39.86,39.7499,39.8,182682
2022-04-13 10:40:00,39.8,39.81,39.67,39.8,70295
2022-04-13 10:45:00,39.8,39.87,39.78,39.845,103030
2022-04-13 10:50:00,39.84,39.96,39.81,39.94,155420
2022-04-13 10:55:00,39.94,39.99,39.83,39.83,78870
2022-04-13 11:00:00,39.83,39.8301,39.64,39.66,71713
2022-04-13 11:05:00,39.67,39.79,39.64,39.76,41968
2022-04-13 11:10:00,39.78,39.82,39.71,39.755,37337
2022-04-13 11:15:00,39.76,39.91,39.745,39.89,53880
2022-04-13 11:20:00,39.885,39.94,39.81,39.91,68483
2022-04-13 11:25:00,39.9,39.91,39.85,39.89,37689
2022-04-13 11:30:00,39.88,40.005,39.86,39.96,66356
2022-04-13 11:35:00,39.96,39.98,39.88,39.95,35222
2022-04-13 11:40:00,39.95,40.01,39.88,39.99,47151
2022-04-13 11:45:00,40.0,40.046,39.99,40.03,42751
2022-04-13 11:50:00,40.0319,40.095,39.97,40.0,67916
2022-04-13 11:55:00,40.01,40.035,39.98,40.02,40224
2022-04-13 12:00:00,40.02,40.085,40.01,40.08,44076
2022-04-13 12:05:00,40.08,40.11,40.025,40.05,43273
2022-04-13 12:10:00,40.04,40.04,39.9199,39.93,29400
2022-04-13 12:15:00,39.93,39.96,39.9037,39.94,26448
2022-04-13 12:20:00,39.94,39.99,39.93,39.95,37251
2022-04-13 12:25:00,39.95,39.995,39.9,39.9,51033
2022-04-13 12:30:00,39.91,40.03,39.9,40.005,38992
2022-04-13 12:35:00,40.005,40.025,39.97,40.025,26436
2022-04-13 12:40:00,40.02,40.08,40.01,40.05,37111
2022-04-13 12:45:00,40.06,40.09,40.02,40.02,28375
2022-04-13 12:50:00,40.02,40.02,39.93,40.01,75798
2022-04-13 12:55:00,40.02,40.08,40.005,40.06,29136
2022-04-13 13:00:00,40.06,40.135,40.06,40.11,46829
2022-04-13 13:05:00,40.11,40.1799,40.1,40.1244,53694
2022-04-13 13:10:00,40.12,40.2,40.12,40.14,49838
2022-04-13 13:15:00,40.145,40.2,40.145,40.17,24992
2022-04-13 13:20:00,40.17,40.215,40.16,40.215,34879
2022-04-13 13:25:00,40.21,40.225,40.085,40.09,70932
2022-04-13 13:30:00,40.092,40.17,40.07,40.08,26638
2022-04-13 13:35:00,40.075,40.08,40.0,40.0,41429
2022-04-13 13:40:00,39.99,40.04,39.98,40.0198,17464
2022-04-13 13:45:00,40.025,40.085,40.01,40.08,22510
2022-04-13 13:50:00,40.085,40.11,40.0647,40.065,59126
2022-04-13 13:55:00,40.06,40.06,39.95,39.97,46940
2022-04-13 14:00:00,39.98,40.09,39.955,40.045,128811
2022-04-13 14:05:00,40.05,40.155,40.0,40.15,102585
2022-04-13 14:10:00,40.15,40.21,40.12,40.2,108537
2022-04-13 14:15:00,40.205,40.24,40.12,40.12,52074
2022-04-13 14:20:00,40.1199,40.15,40.085,40.15,38265
2022-04-13 14:25:00,40.14,40.14,40.065,40.09,20344
2022-04-13 14:30:00,40.1,40.105,40.005,40.02,32401
2022-04-13 14:35:00,40.02,40.08,40.02,40.08,46362
2022-04-13 14:40:00,40.08,40.18,40.07,40.155,43312
2022-04-13 14:45:00,40.1511,40.1511,40.09,40.11,29226
2022-04-13 14:50:00,40.1199,40.14,40.075,40.13,21469
2022-04-13 14:55:00,40.14,40.27,40.14,40.24,127610
2022-04-13 15:00:00,40.2379,40.2379,40.11,40.16,42877
2022-04-13 15:05:00,40.155,40.16,40.12,40.155,37085
2022-04-13 15:10:00,40.155,40.16,40.1299,40.14,62279
2022-04-13 15:15:00,40.15,40.15,40.105,40.13,116576
2022-04-13 15:20:00,40.13,40.165,40.125,40.1576,87371
2022-04-13 15:25:00,40.155,40.225,40.155,40.185,79280
2022-04-13 15:30:00,40.1824,40.21,40.15,40.17,70994
2022-04-13 15:35:00,40.17,40.21,40.15,40.185,67712
2022-04-13 15:40:00,40.18,40.2,40.12,40.2,81106
2022-04-13 15:45:00,40.195,40.25,40.18,40.235,131733
2022-04-13 15:50:00,40.24,40.275,40.165,40.27,191050
2022-04-13 15:55:00,40.27,40.27,40.165,40.2,281050
2022-04-13 16:00:00,40.19,40.19,40.19,40.19,446423
2022-04-13 16:10:00,40.23,40.23,40.23,40.23,431
2022-04-13 16:15:00,40.14,40.14,40.14,40.14,113
2022-04-13 16:40:00,40.16,40.16,40.16,40.16,117
2022-04-13 17:10:00,40.19,40.33,40.19,40.3299,1081
2022-04-13 17:20:00,40.15,40.15,40.15,40.15,500
2022-04-13 18:10:00,40.33,40.33,40.33,40.33,100
2022-04-13 19:05:00,40.29,40.29,40.29,40.29,100
2022-04-13 19:10:00,40.2,40.2,40.2,40.2,100
2022-04-13 19:20:00,40.15,40.2,40.15,40.2,450
2022-04-13 19:25:00,40.2,40.2,40.2,40.2,1000
2022-04-13 19:35:00,40.15,40.15,40.15,40.15,150
2022-04-13 19:50:00,40.2,40.2,40.2,40.2,100
2022-04-14 07:15:00,40.01,40.01,40.0,40.0,1600
2022-04-14 08:00:00,39.7824,40.33,39.7824,39.95,965
2022-04-14 08:15:00,40.0,40.0,40.0,40.0,294
2022-04-14 08:30:00,40.0,40.0,40.0,40.0,100
2022-04-14 08:50:00,39.93,39.93,39.93,39.93,250
2022-04-14 08:55:00,39.85,39.85,39.82,39.82,1300
2022-04-14 09:05:00,39.88,39.88,39.88,39.88,1146
2022-04-14 09:20:00,40.0,40.0,40.0,40.0,2874
2022-04-14 09:25:00,40.0,40.0,40.0,40.0,3447
2022-04-14 09:30:00,40.29,40.29,39.87,40.175,288364
2022-04-14 09:35:00,40.19,40.37,40.03,40.06,79398
2022-04-14 09:40:00,40.06,40.1867,40.0,40.0,76669
2022-04-14 09:45:00,40.02,40.14,39.96,40.05,107881
2022-04-14 09:50:00,40.06,40.28,40.03,40.07,61805
2022-04-14 09:55:00,40.04,40.24,40.01,40.18,34653
2022-04-14 10:00:00,40.195,40.425,40.18,40.4092,63332
2022-04-14 10:05:00,40.41,40.43,40.2,40.24,54921
2022-04-14 10:10:00,40.23,40.24,40.07,40.11,39218
2022-04-14 10:15:00,40.11,40.16,40.03,40.1,36999
2022-04-14 10:20:00,40.12,40.18,40.025,40.14,47057
2022-04-14 10:25:00,40.145,40.22,40.08,40.1247,32742
2022-04-14 10:30:00,40.11,40.225,40.09,40.21,48753
2022-04-14 10:35:00,40.21,40.3,40.07,40.11,93392
2022-04-14 10:40:00,40.1162,40.21,40.105,40.19,92344
2022-04-14 10:45:00,40.19,40.26,40.135,40.18,129467
2022-04-14 10:50:00,40.17,40.18,40.06,40.07,56560
2022-04-14 10:55:00,40.1,40.19,40.1,40.13,53955
2022-04-14 11:00:00,40.12,40.2206,40.105,40.16,32901
2022-04-14 11:05:00,40.16,40.22,40.1,40.15,54191
2022-04-14 11:10:00,40.155,40.171,40.04,40.07,36248
2022-04-14 11:15:00,40.08,40.085,39.93,39.94,118297
2022-04-14 11:20:00,39.96,40.08,39.9,40.06,60988
2022-04-14 11:25:00,40.06,40.13,40.03,40.12,33194
2022-04-14 11:30:00,40.12,40.13,40.04,40.13,42911
2022-04-14 11:35:00,40.12,40.21,40.1,40.1,51134
2022-04-14 11:40:00,40.09,40.0901,39.9833,40.01,67579
2022-04-14 11:45:00,40.005,40.05,39.97,39.97,33350
2022-04-14 11:50:00,39.95,39.985,39.93,39.94,18285
2022-04-14 11:55:00,39.95,40.13,39.95,40.0999,33866
2022-04-14 12:00:00,40.09,40.26,40.08,40.2064,34018
2022-04-14 12:05:00,40.204,40.36,40.2,40.36,26132
2022-04-14 12:10:00,40.36,40.43,40.35,40.4279,61521
2022-04-14 12:15:00,40.42,40.42,40.28,40.32,40951
2022-04-14 12:20:00,40.33,40.3912,40.29,40.37,28364
2022-04-14 12:25:00,40.37,40.475,40.37,40.47,32138
2022-04-14 12:30:00,40.46,40.47,40.4,40.4325,22748
2022-04-14 12:35:00,40.44,40.49,40.41,40.435,27422
2022-04-14 12:40:00,40.4307,40.515,40.4231,40.499,47376
2022-04-14 12:45:00,40.49,40.615,40.48,40.59,57266
2022-04-14 12:50:00,40.59,40.66,40.565,40.66,33336
2022-04-14 12:55:00,40.665,40.7,40.6046,40.67,65079
2022-04-14 13:00:00,40.68,40.7878,40.67,40.765,150665
2022-04-14 13:05:00,40.765,40.775,40.695,40.745,115579
2022-04-14 13:10:00,40.74,40.865,40.74,40.78,88573
2022-04-14 13:15:00,40.77,40.785,40.655,40.66,46056
2022-04-14 13:20:00,40.6599,40.69,40.62,40.64,36907
2022-04-14 13:25:00,40.65,40.729,40.64,40.68,93613
2022-04-14 13:30:00,40.69,40.7,40.61,40.64,63595
2022-04-14 13:35:00,40.64,40.66,40.63,40.6418,47523
2022-04-14 13:40:00,40.64,40.67,40.61,40.665,42764
2022-04-14 13:45:00,40.67,40.75,40.67,40.7382,70754
2022-04-14 13:50:00,40.735,40.795,40.73,40.795,64910
2022-04-14 13:55:00,40.79,40.89,40.77,40.89,73243
2022-04-14 14:00:00,40.89,40.995,40.89,40.95,140979
2022-04-14 14:05:00,40.94,40.99,40.905,40.92,71429
2022-04-14 14:10:00,40.92,40.99,40.91,40.97,92148
2022-04-14 14:15:00,40.97,40.985,40.93,40.97,46254
2022-04-14 14:20:00,40.97,40.975,40.91,40.9221,61787
2022-04-14 14:25:00,40.93,40.995,40.93,40.945,90587
2022-04-14 14:30:00,40.955,40.98,40.88,40.93,45032
2022-04-14 14:35:00,40.94,40.96,40.875,40.8883,38135
2022-04-14 14:40:00,40.89,40.94,40.875,40.915,42528
2022-04-14 14:45:00,40.91,40.935,40.867,40.91,42737
2022-04-14 14:50:00,40.91,40.99,40.905,40.98,79206
2022-04-14 14:55:00,40.99,40.99,40.94,40.94,76465
2022-04-14 15:00:00,40.945,40.95,40.89,40.8967,47445
2022-04-14 15:05:00,40.9,40.925,40.81,40.81,53469
2022-04-14 15:10:00,40.82,40.875,40.8,40.84,52777
2022-04-14 15:15:00,40.835,40.965,40.835,40.95,71309
2022-04-14 15:20:00,40.955,40.985,40.91,40.915,74179
2022-04-14 15:25:00,40.915,40.99,40.9,40.975,48237
2022-04-14 15:30:00,40.97,41.005,40.9598,40.975,249298
2022-04-14 15:35:00,40.97,41.025,40.945,40.955,97537
2022-04-14 15:40:00,40.955,40.975,40.93,40.97,96577
2022-04-14 15:45:00,40.9601,40.97,40.865,40.885,164041
2022-04-14 15:50:00,40.88,40.88,40.81,40.84,198912
2022-04-14 15:55:00,40.845,40.87,40.73,40.75,325665
2022-04-14 16:00:00,40.76,40.76,40.76,40.76,822123
2022-04-14 16:05:00,40.76,40.76,40.76,40.76,500
2022-04-14 16:20:00,40.76,40.76,40.76,40.76,500
2022-04-14 16:45:00,40.76,40.81,40.76,40.81,26770
2022-04-14 16:55:00,40.76,40.76,40.76,40.76,1000
2022-04-14 17:00:00,40.76,40.76,40.76,40.76,1000
2022-04-14 17:15:00,40.7601,40.7601,40.7601,40.7601,550
2022-04-14 17:30:00,40.9504,40.9504,40.9504,40.9504,100
2022-04-14 17:50:00,40.9,40.9,40.9,40.9,1938
2022-04-14 18:00:00,40.94,40.97,40.94,40.97,3315
2022-04-14 18:05:00,41.0,41.26,41.0,41.14,4058
2022-04-14 18:10:00,41.12,41.15,41.12,41.15,3083
2022-04-14 18:15:00,41.15,41.2,41.0999,41.0999,2735
2022-04-14 18:20:00,41.15,41.15,41.1,41.15,1570
2022-04-14 18:25:00,41.19,41.19,41.15,41.15,2370
2022-04-14 18:30:00,41.14,41.2,41.14,41.2,3138
2022-04-14 18:40:00,41.2,41.2,41.2,41.2,100
2022-04-14 18:45:00,41.25,41.25,41.25,41.25,300
2022-04-14 18:50:00,41.1,41.2,41.1,41.2,849
2022-04-14 18:55:00,41.15,41.15,41.15,41.15,700
2022-04-14 19:00:00,41.1,41.1,41.1,41.1,379
