2022-04-01 09:25:00,82.45,82.45,82.42,82.42,546
2022-04-01 09:30:00,82.34,83.4,82.34,83.18,23370
2022-04-01 09:35:00,83.175,83.29,82.79,82.79,6173
2022-04-01 09:40:00,82.83,82.83,82.33,82.4285,4893
2022-04-01 09:45:00,82.35,82.5658,82.34,82.46,2257
2022-04-01 09:50:00,82.455,82.69,82.36,82.69,6505
2022-04-01 09:55:00,82.685,82.905,82.685,82.84,2373
2022-04-01 10:00:00,82.93,83.01,82.35,82.39,11271
2022-04-01 10:05:00,82.36,82.395,82.25,82.38,8120
2022-04-01 10:10:00,82.43,82.555,82.4,82.475,7244
2022-04-01 10:15:00,82.5,82.58,82.174,82.23,10315
2022-04-01 10:20:00,82.17,82.18,81.98,82.055,6431
2022-04-01 10:25:00,82.06,82.08,81.84,81.99,7493
2022-04-01 10:30:00,81.995,82.095,81.87,81.95,14168
2022-04-01 10:35:00,81.945,82.08,81.86,81.915,11592
2022-04-01 10:40:00,81.93,82.04,81.85,81.885,8698
2022-04-01 10:45:00,81.95,82.22,81.92,82.02,7539
2022-04-01 10:50:00,82.0,82.21,82.0,82.1599,2553
2022-04-01 10:55:00,82.18,82.28,82.18,82.2,2918
2022-04-01 11:00:00,82.22,82.23,82.065,82.07,11987
2022-04-01 11:05:00,82.065,82.29,82.045,82.24,9184
2022-04-01 11:10:00,82.18,82.68,82.15,82.44,34722
2022-04-01 11:15:00,82.455,82.71,82.42,82.68,7161
2022-04-01 11:20:00,82.73,82.81,82.58,82.67,5829
2022-04-01 11:25:00,82.73,82.73,82.62,82.7,7552
2022-04-01 11:30:00,82.75,82.75,82.56,82.62,3600
2022-04-01 11:35:00,82.57,82.66,82.54,82.66,2470
2022-04-01 11:40:00,82.63,82.665,82.55,82.64,6050
2022-04-01 11:45:00,82.655,82.75,82.64,82.69,2966
2022-04-01 11:50:00,82.69,82.9,82.69,82.88,3466
2022-04-01 11:55:00,82.855,82.92,82.75,82.86,5469
2022-04-01 12:00:00,82.84,82.94,82.82,82.87,5246
2022-04-01 12:05:00,82.845,82.89,82.79,82.87,3377
2022-04-01 12:10:00,82.9,83.09,82.85,82.91,6024
2022-04-01 12:15:00,82.94,82.99,82.7901,82.93,8234
2022-04-01 12:20:00,82.87,82.92,82.84,82.86,1936
2022-04-01 12:25:00,82.9,83.02,82.9,82.98,3426
2022-04-01 12:30:00,82.98,82.98,82.645,82.645,18039
2022-04-01 12:35:00,82.62,82.63,82.45,82.63,6670
2022-04-01 12:40:00,82.61,82.795,82.59,82.78,14962
2022-04-01 12:45:00,82.72,82.73,82.67,82.7,1800
2022-04-01 12:50:00,82.7,82.72,82.65,82.72,3620
2022-04-01 12:55:00,82.735,82.83,82.735,82.82,2860
2022-04-01 13:00:00,82.8,82.84,82.73,82.775,3787
2022-04-01 13:05:00,82.77,82.94,82.77,82.91,4480
2022-04-01 13:10:00,82.905,83.05,82.825,83.01,67298
2022-04-01 13:15:00,83.01,83.24,83.01,83.24,8532
2022-04-01 13:20:00,83.24,83.37,83.18,83.37,15421
2022-04-01 13:25:00,83.34,83.37,83.28,83.35,4336
2022-04-01 13:30:00,83.33,83.41,83.3007,83.3007,6165
2022-04-01 13:35:00,83.305,83.465,83.28,83.455,4880
2022-04-01 13:40:00,83.43,83.55,83.43,83.45,6332
2022-04-01 13:45:00,83.48,83.55,83.43,83.48,15726
2022-04-01 13:50:00,83.47,83.5295,83.43,83.51,15576
2022-04-01 13:55:00,83.49,83.71,83.49,83.68,6359
2022-04-01 14:00:00,83.65,83.895,83.63,83.89,10923
2022-04-01 14:05:00,83.8905,83.905,83.8,83.8,5800
2022-04-01 14:10:00,83.8,83.8125,83.685,83.7404,6489
2022-04-01 14:15:00,83.74,83.85,83.73,83.78,18363
2022-04-01 14:20:00,83.81,83.85,83.75,83.805,9832
2022-04-01 14:25:00,83.805,84.11,83.805,84.11,7747
2022-04-01 14:30:00,84.115,84.19,84.09,84.17,12811
2022-04-01 14:35:00,84.19,84.22,83.97,84.0,9689
2022-04-01 14:40:00,84.01,84.03,83.865,83.97,10806
2022-04-01 14:45:00,83.945,84.07,83.935,84.03,5209
2022-04-01 14:50:00,84.05,84.07,83.925,83.95,7600
2022-04-01 14:55:00,83.97,84.07,83.95,84.04,9299
2022-04-01 15:00:00,84.02,84.27,84.02,84.215,13935
2022-04-01 15:05:00,84.2,84.375,84.2,84.29,26614
2022-04-01 15:10:00,84.3,84.33,84.051,84.24,46580
2022-04-01 15:15:00,84.19,84.25,83.965,83.965,11149
2022-04-01 15:20:00,83.91,83.98,83.84,83.93,15485
2022-04-01 15:25:00,83.94,84.125,83.92,84.0795,10061
2022-04-01 15:30:00,84.06,84.07,83.86,83.94,11796
2022-04-01 15:35:00,83.95,83.9536,83.77,83.79,12739
2022-04-01 15:40:00,83.77,83.9299,83.77,83.84,16249
2022-04-01 15:45:00,83.84,83.93,83.81,83.93,21811
2022-04-01 15:50:00,83.93,84.19,83.93,84.15,42673
2022-04-01 15:55:00,84.18,84.46,84.1,84.46,131004
2022-04-01 16:00:00,84.45,84.45,84.45,84.45,203098
2022-04-01 16:05:00,84.45,84.45,84.45,84.45,120
2022-04-01 16:10:00,84.45,84.45,84.45,84.45,136
2022-04-04 09:30:00,84.22,84.78,84.22,84.42,23240
2022-04-04 09:35:00,84.53,84.94,84.515,84.6,8930
2022-04-04 09:40:00,84.57,84.97,84.57,84.97,25424
2022-04-04 09:45:00,84.83,84.95,84.79,84.95,4732
2022-04-04 09:50:00,84.9,84.94,84.725,84.725,5707
2022-04-04 09:55:00,84.7,84.81,84.47,84.715,26971
2022-04-04 10:00:00,84.73,84.8,84.6,84.735,10818
2022-04-04 10:05:00,84.73,84.75,84.325,84.385,7128
2022-04-04 10:10:00,84.385,84.63,84.28,84.595,5792
2022-04-04 10:15:00,84.585,84.7,84.4,84.58,6572
2022-04-04 10:20:00,84.58,84.74,84.58,84.62,7112
2022-04-04 10:25:00,84.66,84.76,84.53,84.53,4833
2022-04-04 10:30:00,84.42,84.655,84.35,84.42,10608
2022-04-04 10:35:00,84.41,84.41,84.19,84.19,1600
2022-04-04 10:40:00,84.22,84.34,84.19,84.26,11949
2022-04-04 10:45:00,84.25,84.33,84.19,84.19,1972
2022-04-04 10:50:00,84.13,84.26,84.09,84.21,5654
2022-04-04 10:55:00,84.23,84.56,84.23,84.515,4466
2022-04-04 11:00:00,84.515,84.7,84.475,84.525,4777
2022-04-04 11:05:00,84.48,84.55,84.47,84.475,1153
2022-04-04 11:10:00,84.4067,84.5,84.31,84.395,7906
2022-04-04 11:15:00,84.38,84.515,84.38,84.49,6198
2022-04-04 11:20:00,84.44,84.5,84.41,84.4116,2531
2022-04-04 11:25:00,84.43,84.45,84.3,84.325,4788
2022-04-04 11:30:00,84.35,84.49,84.35,84.4,4900
2022-04-04 11:35:00,84.43,84.5,84.42,84.4665,3637
2022-04-04 11:40:00,84.49,84.545,84.48,84.495,2600
2022-04-04 11:45:00,84.47,84.59,84.47,84.565,3600
2022-04-04 11:50:00,84.56,84.64,84.55,84.6,4065
2022-04-04 11:55:00,84.61,84.68,84.59,84.6553,5350
2022-04-04 12:00:00,84.655,84.705,84.55,84.7,7059
2022-04-04 12:05:00,84.71,84.73,84.65,84.66,2916
2022-04-04 12:10:00,84.6728,84.72,84.62,84.72,4845
2022-04-04 12:15:00,84.75,84.75,84.56,84.6,3344
2022-04-04 12:20:00,84.64,84.73,84.64,84.73,1664
2022-04-04 12:25:00,84.705,84.7172,84.565,84.6,5392
2022-04-04 12:30:00,84.61,84.65,84.53,84.55,2800
2022-04-04 12:35:00,84.56,84.61,84.49,84.58,4482
2022-04-04 12:40:00,84.56,84.59,84.535,84.5542,4435
2022-04-04 12:45:00,84.54,84.68,84.49,84.68,12862
2022-04-04 12:50:00,84.695,84.82,84.695,84.76,5498
2022-04-04 12:55:00,84.741,84.83,84.741,84.805,6271
2022-04-04 13:00:00,84.795,84.805,84.715,84.74,4859
2022-04-04 13:05:00,84.73,84.73,84.665,84.69,3323
2022-04-04 13:10:00,84.7,84.74,84.68,84.705,3800
2022-04-04 13:15:00,84.73,84.79,84.67,84.79,2286
2022-04-04 13:20:00,84.78,84.85,84.78,84.8299,2802
2022-04-04 13:25:00,84.8,84.8,84.59,84.66,4861
2022-04-04 13:30:00,84.63,84.835,84.605,84.77,5424
2022-04-04 13:35:00,84.785,84.9,84.75,84.9,5892
2022-04-04 13:40:00,84.91,84.95,84.87,84.95,5267
2022-04-04 13:45:00,84.96,85.1,84.94,85.1,7110
2022-04-04 13:50:00,85.03,85.05,84.94,85.035,4497
2022-04-04 13:55:00,85.035,85.11,84.99,85.1,5169
2022-04-04 14:00:00,85.1,85.21,85.08,85.09,6348
2022-04-04 14:05:00,85.075,85.09,84.98,85.025,13464
2022-04-04 14:10:00,85.01,85.12,84.985,85.085,4052
2022-04-04 14:15:00,85.11,85.23,85.1,85.23,4571
2022-04-04 14:20:00,85.21,85.22,85.08,85.08,3158
2022-04-04 14:25:00,85.1,85.1,84.96,85.01,13048
2022-04-04 14:30:00,84.96,84.97,84.835,84.97,4081
2022-04-04 14:35:00,84.935,85.06,84.92,85.06,3777
2022-04-04 14:40:00,85.05,85.08,85.0,85.0171,4580
2022-04-04 14:45:00,85.03,85.09,85.03,85.05,2257
2022-04-04 14:50:00,85.03,85.06,84.92,84.935,2910
2022-04-04 14:55:00,84.93,85.065,84.92,84.96,7160
2022-04-04 15:00:00,84.96,84.98,84.82,84.93,4572
2022-04-04 15:05:00,84.9271,84.955,84.86,84.86,19369
2022-04-04 15:10:00,84.87,84.91,84.8,84.82,5519
2022-04-04 15:15:00,84.82,84.97,84.78,84.97,8289
2022-04-04 15:20:00,84.97,85.08,84.97,84.99,7380
2022-04-04 15:25:00,84.96,85.08,84.96,85.08,6154
2022-04-04 15:30:00,85.065,85.23,85.02,85.19,11000
2022-04-04 15:35:00,85.17,85.17,84.93,84.96,8657
2022-04-04 15:40:00,84.967,85.06,84.94,84.97,9402
2022-04-04 15:45:00,84.9611,85.07,84.915,85.01,20650
2022-04-04 15:50:00,85.0,85.12,84.98,84.98,31033
2022-04-04 15:55:00,84.98,85.14,84.895,85.13,70904
2022-04-04 16:00:00,85.12,85.19,85.12,85.12,295239
2022-04-05 07:30:00,84.99,84.99,84.99,84.99,100
2022-04-05 09:20:00,84.75,84.75,84.75,84.75,100
2022-04-05 09:25:00,84.55,84.55,84.4,84.4,1072
2022-04-05 09:30:00,84.6,85.0,84.51,85.0,12244
2022-04-05 09:35:00,85.13,85.1786,84.75,84.77,4934
2022-04-05 09:40:00,84.82,84.88,84.61,84.76,4913
2022-04-05 09:45:00,84.74,84.77,84.525,84.73,4898
2022-04-05 09:50:00,84.71,84.88,84.6,84.86,10021
2022-04-05 09:55:00,84.83,85.13,84.705,85.015,4072
2022-04-05 10:00:00,84.99,85.18,84.93,85.135,44388
2022-04-05 10:05:00,85.12,85.12,84.685,84.76,31814
2022-04-05 10:10:00,84.75,84.84,84.535,84.535,15355
2022-04-05 10:15:00,84.41,84.67,84.36,84.645,20329
2022-04-05 10:20:00,84.66,84.77,84.56,84.705,10016
2022-04-05 10:25:00,84.75,85.09,84.75,85.0,7665
2022-04-05 10:30:00,85.05,85.1,84.8,84.8,7884
2022-04-05 10:35:00,84.78,84.95,84.69,84.87,15785
2022-04-05 10:40:00,84.89,85.06,84.865,84.95,3368
2022-04-05 10:45:00,84.96,85.18,84.955,85.14,6086
2022-04-05 10:50:00,85.14,85.35,85.04,85.29,4604
2022-04-05 10:55:00,85.27,85.33,85.166,85.33,4234
2022-04-05 11:00:00,85.35,85.46,85.205,85.28,14259
2022-04-05 11:05:00,85.3,85.64,85.3,85.54,14276
2022-04-05 11:10:00,85.55,85.59,85.4136,85.4136,5785
2022-04-05 11:15:00,85.415,85.57,85.36,85.36,8834
2022-04-05 11:20:00,85.4,85.46,85.36,85.37,3640
2022-04-05 11:25:00,85.38,85.46,85.19,85.21,7522
2022-04-05 11:30:00,85.16,85.33,85.12,85.33,5909
2022-04-05 11:35:00,85.31,85.31,85.055,85.055,1400
2022-04-05 11:40:00,85.045,85.22,85.045,85.1505,4161
2022-04-05 11:45:00,85.17,85.2525,85.14,85.15,3248
2022-04-05 11:50:00,85.18,85.24,85.13,85.135,4571
2022-04-05 11:55:00,85.135,85.15,85.0803,85.11,1935
2022-04-05 12:00:00,85.11,85.11,84.875,84.92,36543
2022-04-05 12:05:00,84.9,85.1,84.88,85.04,29208
2022-04-05 12:10:00,85.045,85.06,84.925,84.95,6671
2022-04-05 12:15:00,84.94,84.965,84.755,84.78,13534
2022-04-05 12:20:00,84.77,84.95,84.74,84.95,14708
2022-04-05 12:25:00,84.95,85.01,84.9,85.0,29556
2022-04-05 12:30:00,84.97,85.03,84.95,85.0,23180
2022-04-05 12:35:00,85.0,85.04,84.87,85.015,9589
2022-04-05 12:40:00,85.0,85.04,84.96,85.005,34958
2022-04-05 12:45:00,85.005,85.1,85.005,85.085,3470
2022-04-05 12:50:00,85.06,85.3,85.06,85.3,7760
2022-04-05 12:55:00,85.28,85.35,85.25,85.335,6428
2022-04-05 13:00:00,85.3499,85.3499,85.28,85.33,8858
2022-04-05 13:05:00,85.32,85.35,85.09,85.11,39405
2022-04-05 13:10:00,85.15,85.2,85.05,85.09,6790
2022-04-05 13:15:00,85.09,85.28,85.055,85.25,12866
2022-04-05 13:20:00,85.25,85.25,85.1,85.125,4015
2022-04-05 13:25:00,85.1,85.17,85.09,85.1,4730
2022-04-05 13:30:00,85.09,85.09,84.94,84.95,4820
2022-04-05 13:35:00,84.93,85.09,84.91,85.0,6951
2022-04-05 13:40:00,84.9872,85.06,84.9872,85.02,5297
2022-04-05 13:45:00,85.02,85.09,84.97,85.0,13626
2022-04-05 13:50:00,84.97,84.98,84.825,84.9,8251
2022-04-05 13:55:00,84.9125,84.93,84.79,84.88,9139
2022-04-05 14:00:00,84.86,85.0,84.81,84.97,10391
2022-04-05 14:05:00,84.965,84.965,84.85,84.91,4974
2022-04-05 14:10:00,84.89,84.91,84.85,84.86,2200
2022-04-05 14:15:00,84.875,85.0241,84.875,85.0241,4264
2022-04-05 14:20:00,85.01,85.065,84.955,84.99,3929
2022-04-05 14:25:00,84.96,85.04,84.96,84.99,4789
2022-04-05 14:30:00,84.99,85.0,84.85,84.85,3000
2022-04-05 14:35:00,84.83,84.95,84.82,84.84,7562
2022-04-05 14:40:00,84.81,85.0,84.8,85.0,7688
2022-04-05 14:45:00,85.0,85.06,84.97,85.025,9286
2022-04-05 14:50:00,85.035,85.06,84.97,85.03,9897
2022-04-05 14:55:00,85.04,85.05,84.965,84.99,11965
2022-04-05 15:00:00,85.02,85.03,84.96,85.0,11925
2022-04-05 15:05:00,85.0,85.0,84.79,84.82,9196
2022-04-05 15:10:00,84.785,84.785,84.56,84.65,5636
2022-04-05 15:15:00,84.645,84.91,84.645,84.81,8341
2022-04-05 15:20:00,84.81,85.0,84.785,84.99,10979
2022-04-05 15:25:00,84.95,85.02,84.93,85.0,17986
2022-04-05 15:30:00,84.98,85.03,84.93,85.0,31941
2022-04-05 15:35:00,85.01,85.12,84.98,85.02,14848
2022-04-05 15:40:00,85.02,85.09,84.99,85.06,15844
2022-04-05 15:45:00,85.05,85.065,84.965,84.98,28369
2022-04-05 15:50:00,85.02,85.11,84.96,84.965,39323
2022-04-05 15:55:00,84.95,85.1,84.83,85.07,88497
2022-04-05 16:00:00,85.05,85.05,85.05,85.05,157093
2022-04-06 09:30:00,84.4,84.735,83.8,84.12,18726
2022-04-06 09:35:00,84.13,84.78,84.06,84.77,19085
2022-04-06 09:40:00,84.68,85.01,84.64,85.01,6479
2022-04-06 09:45:00,84.99,85.24,84.91,84.98,5329
2022-04-06 09:50:00,84.91,84.92,84.51,84.65,5960
2022-04-06 09:55:00,84.65,84.65,84.1,84.1,25540
2022-04-06 10:00:00,84.12,84.35,83.93,84.04,20489
2022-04-06 10:05:00,84.04,84.1,83.79,83.925,38035
2022-04-06 10:10:00,83.92,84.01,83.71,83.92,13056
2022-04-06 10:15:00,83.94,84.39,83.94,84.33,4314
2022-04-06 10:20:00,84.31,84.39,84.18,84.35,5541
2022-04-06 10:25:00,84.41,84.5,84.27,84.27,4772
2022-04-06 10:30:00,84.295,84.35,84.06,84.07,3992
2022-04-06 10:35:00,84.13,84.22,84.0692,84.17,1780
2022-04-06 10:40:00,84.27,84.31,84.16,84.27,6574
2022-04-06 10:45:00,84.37,84.58,84.37,84.52,2400
2022-04-06 10:50:00,84.55,84.6,84.395,84.49,11612
2022-04-06 10:55:00,84.46,84.64,84.46,84.56,7518
2022-04-06 11:00:00,84.47,84.49,84.26,84.38,6003
2022-04-06 11:05:00,84.33,84.62,84.3,84.59,24495
2022-04-06 11:10:00,84.61,84.67,84.42,84.53,7758
2022-04-06 11:15:00,84.545,84.55,84.36,84.36,4223
2022-04-06 11:20:00,84.31,84.61,84.29,84.5,7461
2022-04-06 11:25:00,84.5,84.68,84.5,84.65,4955
2022-04-06 11:30:00,84.61,84.685,84.5,84.68,6571
2022-04-06 11:35:00,84.62,84.64,84.5,84.57,5636
2022-04-06 11:40:00,84.6,84.605,84.48,84.52,3636
2022-04-06 11:45:00,84.45,84.6,84.4,84.6,3562
2022-04-06 11:50:00,84.6,84.68,84.57,84.61,4355
2022-04-06 11:55:00,84.62,84.69,84.44,84.53,2224
2022-04-06 12:00:00,84.45,84.505,84.39,84.47,6828
2022-04-06 12:05:00,84.49,84.57,84.46,84.47,3601
2022-04-06 12:10:00,84.43,84.48,84.43,84.46,1900
2022-04-06 12:15:00,84.42,84.52,84.42,84.5,1693
2022-04-06 12:20:00,84.47,84.57,84.45,84.56,2800
2022-04-06 12:25:00,84.58,84.64,84.56,84.6,3400
2022-04-06 12:30:00,84.59,84.62,84.56,84.57,4003
2022-04-06 12:35:00,84.53,84.55,84.41,84.41,2101
2022-04-06 12:40:00,84.47,84.47,84.4,84.42,5669
2022-04-06 12:45:00,84.45,84.52,84.44,84.51,5573
2022-04-06 12:50:00,84.52,84.52,84.45,84.47,5454
2022-04-06 12:55:00,84.48,84.55,84.45,84.55,4883
2022-04-06 13:00:00,84.54,84.6,84.51,84.6,4581
2022-04-06 13:05:00,84.64,84.72,84.64,84.67,7301
2022-04-06 13:10:00,84.675,84.7,84.6,84.68,3973
2022-04-06 13:15:00,84.708,84.93,84.708,84.83,6881
2022-04-06 13:20:00,84.81,84.92,84.78,84.92,2570
2022-04-06 13:25:00,84.92,84.92,84.79,84.89,4552
2022-04-06 13:30:00,84.88,84.95,84.82,84.94,5251
2022-04-06 13:35:00,84.96,85.08,84.92,85.04,5580
2022-04-06 13:40:00,85.06,85.28,85.06,85.23,6678
2022-04-06 13:45:00,85.2,85.3,85.1,85.28,8480
2022-04-06 13:50:00,85.25,85.32,85.21,85.27,2660
2022-04-06 13:55:00,85.2284,85.23,85.12,85.17,4896
2022-04-06 14:00:00,85.1,85.57,84.99,85.265,11777
2022-04-06 14:05:00,85.23,85.23,84.99,85.11,14032
2022-04-06 14:10:00,85.11,85.11,84.93,84.98,13412
2022-04-06 14:15:00,84.97,85.08,84.915,85.04,10346
2022-04-06 14:20:00,85.07,85.25,85.07,85.15,5404
2022-04-06 14:25:00,85.19,85.26,85.09,85.19,5035
2022-04-06 14:30:00,85.19,85.57,85.0801,85.53,10283
2022-04-06 14:35:00,85.55,85.61,85.4,85.4,5954
2022-04-06 14:40:00,85.36,85.51,85.32,85.46,7074
2022-04-06 14:45:00,85.53,85.55,85.395,85.44,5637
2022-04-06 14:50:00,85.47,85.58,85.47,85.56,4202
2022-04-06 14:55:00,85.58,85.83,85.56,85.82,8300
2022-04-06 15:00:00,85.85,85.99,85.82,85.89,9218
2022-04-06 15:05:00,85.87,85.875,85.68,85.72,6031
2022-04-06 15:10:00,85.73,85.87,85.73,85.87,6408
2022-04-06 15:15:00,85.84,85.88,85.73,85.74,8265
2022-04-06 15:20:00,85.74,85.74,85.61,85.62,5305
2022-04-06 15:25:00,85.61,85.61,85.41,85.41,4839
2022-04-06 15:30:00,85.3907,85.48,85.33,85.4,15501
2022-04-06 15:35:00,85.39,85.58,85.38,85.55,9048
2022-04-06 15:40:00,85.55,85.59,85.46,85.55,10491
2022-04-06 15:45:00,85.555,85.65,85.475,85.595,11895
2022-04-06 15:50:00,85.62,85.71,85.49,85.49,32898
2022-04-06 15:55:00,85.48,85.555,85.37,85.44,52622
2022-04-06 16:00:00,85.44,85.44,85.44,85.44,126986
2022-04-06 16:15:00,85.44,85.44,85.44,85.44,100
2022-04-06 16:45:00,85.44,85.44,85.44,85.44,100
2022-04-06 17:05:00,85.44,85.44,85.44,85.44,1539
2022-04-07 08:50:00,85.65,85.65,85.65,85.65,100
2022-04-07 09:30:00,85.44,85.57,84.62,85.34,25594
2022-04-07 09:35:00,85.36,85.47,85.16,85.28,10599
2022-04-07 09:40:00,85.17,85.24,84.47,84.56,25337
2022-04-07 09:45:00,84.62,84.72,83.875,83.875,13252
2022-04-07 09:50:00,83.81,83.85,83.55,83.63,7990
2022-04-07 09:55:00,83.62,83.68,83.33,83.59,19521
2022-04-07 10:00:00,83.595,83.9,83.28,83.73,64650
2022-04-07 10:05:00,83.72,83.75,83.335,83.54,40519
2022-04-07 10:10:00,83.54,83.54,83.335,83.46,5532
2022-04-07 10:15:00,83.445,83.61,83.37,83.45,14839
2022-04-07 10:20:00,83.47,83.5941,83.405,83.555,9803
2022-04-07 10:25:00,83.565,83.57,83.29,83.47,6154
2022-04-07 10:30:00,83.465,83.8,83.435,83.72,27599
2022-04-07 10:35:00,83.76,83.76,83.5,83.555,11147
2022-04-07 10:40:00,83.5625,83.59,83.37,83.4,28287
2022-04-07 10:45:00,83.43,83.51,83.39,83.47,4300
2022-04-07 10:50:00,83.46,83.465,83.33,83.36,8446
2022-04-07 10:55:00,83.38,83.7,83.38,83.63,12271
2022-04-07 11:00:00,83.64,84.0,83.64,83.97,19685
2022-04-07 11:05:00,83.98,83.98,83.78,83.87,8018
2022-04-07 11:10:00,83.84,83.84,83.735,83.755,5689
2022-04-07 11:15:00,83.755,83.825,83.6,83.79,8144
2022-04-07 11:20:00,83.8,83.87,83.7,83.86,17475
2022-04-07 11:25:00,83.84,84.05,83.706,83.76,11568
2022-04-07 11:30:00,83.77,83.8787,83.715,83.85,7085
2022-04-07 11:35:00,83.88,84.065,83.88,84.015,4965
2022-04-07 11:40:00,83.98,84.07,83.9,83.9,6632
2022-04-07 11:45:00,83.88,84.08,83.87,84.0,5479
2022-04-07 11:50:00,83.97,84.11,83.92,83.93,6109
2022-04-07 11:55:00,83.79,84.005,83.79,83.98,6251
2022-04-07 12:00:00,83.98,83.98,83.77,83.88,6507
2022-04-07 12:05:00,83.88,84.01,83.8,84.0,8517
2022-04-07 12:10:00,84.0,84.1,84.0,84.045,7000
2022-04-07 12:15:00,84.02,84.04,83.9331,84.0,3803
2022-04-07 12:20:00,83.92,83.995,83.88,83.94,3300
2022-04-07 12:25:00,83.94,84.13,83.885,84.02,11583
2022-04-07 12:30:00,83.97,84.24,83.935,84.24,7826
2022-04-07 12:35:00,84.235,84.265,84.16,84.16,6400
2022-04-07 12:40:00,84.13,84.21,83.98,84.04,11108
2022-04-07 12:45:00,84.035,84.07,83.79,83.795,4099
2022-04-07 12:50:00,83.78,83.81,83.68,83.75,2576
2022-04-07 12:55:00,83.78,83.92,83.75,83.9,5051
2022-04-07 13:00:00,83.925,84.07,83.89,84.07,5914
2022-04-07 13:05:00,84.05,84.06,83.99,84.06,4151
2022-04-07 13:10:00,84.03,84.21,83.98,84.09,5540
2022-04-07 13:15:00,84.13,84.34,84.13,84.32,5434
2022-04-07 13:20:00,84.33,84.3994,84.2441,84.27,4511
2022-04-07 13:25:00,84.24,84.41,84.24,84.37,4656
2022-04-07 13:30:00,84.37,84.4226,84.28,84.28,3114
2022-04-07 13:35:00,84.27,84.37,84.21,84.21,5507
2022-04-07 13:40:00,84.21,84.35,84.21,84.29,6508
2022-04-07 13:45:00,84.295,84.41,84.21,84.25,5601
2022-04-07 13:50:00,84.24,84.29,84.18,84.22,4569
2022-04-07 13:55:00,84.22,84.51,84.21,84.5,5765
2022-04-07 14:00:00,84.52,84.58,84.44,84.48,6251
2022-04-07 14:05:00,84.48,84.49,84.28,84.36,6138
2022-04-07 14:10:00,84.34,84.34,84.17,84.3086,9163
2022-04-07 14:15:00,84.32,84.34,84.17,84.17,7017
2022-04-07 14:20:00,84.17,84.34,84.17,84.31,19541
2022-04-07 14:25:00,84.35,84.48,84.24,84.275,13056
2022-04-07 14:30:00,84.25,84.34,84.25,84.31,6161
2022-04-07 14:35:00,84.29,84.29,84.1703,84.185,10732
2022-04-07 14:40:00,84.17,84.23,84.06,84.23,14488
2022-04-07 14:45:00,84.23,84.235,84.03,84.235,7882
2022-04-07 14:50:00,84.17,84.37,84.16,84.34,9220
2022-04-07 14:55:00,84.34,84.61,84.34,84.59,10882
2022-04-07 15:00:00,84.58,84.71,84.51,84.575,11309
2022-04-07 15:05:00,84.56,84.72,84.5,84.72,10675
2022-04-07 15:10:00,84.7316,84.76,84.635,84.645,9994
2022-04-07 15:15:00,84.64,84.66,84.49,84.5,11439
2022-04-07 15:20:00,84.49,84.55,84.34,84.38,11148
2022-04-07 15:25:00,84.38,84.625,84.38,84.575,15951
2022-04-07 15:30:00,84.5743,84.705,84.57,84.64,24227
2022-04-07 15:35:00,84.63,84.765,84.61,84.765,17507
2022-04-07 15:40:00,84.77,84.92,84.77,84.9,28115
2022-04-07 15:45:00,84.9,84.94,84.745,84.77,38403
2022-04-07 15:50:00,84.76,84.775,84.57,84.68,60545
2022-04-07 15:55:00,84.68,84.74,84.57,84.7,138568
2022-04-07 16:00:00,84.68,84.68,84.68,84.68,138639
2022-04-08 09:00:00,84.01,84.01,84.01,84.01,150
2022-04-08 09:30:00,84.67,84.76,84.46,84.675,14673
2022-04-08 09:35:00,84.595,84.595,84.1,84.225,8670
2022-04-08 09:40:00,84.3,84.375,84.23,84.295,2800
2022-04-08 09:45:00,84.295,84.31,83.98,83.98,5329
2022-04-08 09:50:00,83.96,84.13,83.96,84.13,5212
2022-04-08 09:55:00,84.13,84.2208,84.09,84.165,1800
2022-04-08 10:00:00,84.15,84.26,84.12,84.26,4094
2022-04-08 10:05:00,84.24,84.79,84.24,84.79,9869
2022-04-08 10:10:00,84.65,84.65,84.34,84.515,5034
2022-04-08 10:15:00,84.54,84.61,84.36,84.52,2814
2022-04-08 10:20:00,84.43,84.7,84.42,84.695,3131
2022-04-08 10:25:00,84.67,84.86,84.67,84.72,4352
2022-04-08 10:30:00,84.7,84.87,84.7,84.755,2424
2022-04-08 10:35:00,84.775,84.85,84.66,84.72,2915
2022-04-08 10:40:00,84.81,84.83,84.62,84.64,3400
2022-04-08 10:45:00,84.62,84.69,84.55,84.56,4500
2022-04-08 10:50:00,84.585,84.86,84.585,84.81,3136
2022-04-08 10:55:00,84.78,84.95,84.78,84.815,1405
2022-04-08 11:00:00,84.8,85.02,84.8,85.0,4207
2022-04-08 11:05:00,85.01,85.07,84.94,85.0,2700
2022-04-08 11:10:00,84.91,84.96,84.755,84.755,3933
2022-04-08 11:15:00,84.76,84.815,84.67,84.75,5035
2022-04-08 11:20:00,84.745,84.8,84.7,84.735,4235
2022-04-08 11:25:00,84.7411,84.75,84.68,84.71,3037
2022-04-08 11:30:00,84.74,84.96,84.74,84.88,4300
2022-04-08 11:35:00,84.93,84.93,84.74,84.82,5576
2022-04-08 11:40:00,84.82,84.915,84.82,84.9,4487
2022-04-08 11:45:00,84.915,85.16,84.9,85.15,11273
2022-04-08 11:50:00,85.17,85.17,85.09,85.155,5414
2022-04-08 11:55:00,85.135,85.205,85.1,85.19,3900
2022-04-08 12:00:00,85.14,85.29,85.085,85.265,5401
2022-04-08 12:05:00,85.255,85.26,85.14,85.17,6145
2022-04-08 12:10:00,85.16,85.255,85.145,85.15,3721
2022-04-08 12:15:00,85.155,85.27,85.13,85.27,4050
2022-04-08 12:20:00,85.27,85.33,85.16,85.185,3527
2022-04-08 12:25:00,85.21,85.335,85.21,85.335,5860
2022-04-08 12:30:00,85.335,85.34,85.1275,85.16,5706
2022-04-08 12:35:00,85.17,85.27,85.15,85.27,5096
2022-04-08 12:40:00,85.255,85.26,85.135,85.19,2501
2022-04-08 12:45:00,85.17,85.25,85.13,85.18,4805
2022-04-08 12:50:00,85.1663,85.4,85.1663,85.38,5127
2022-04-08 12:55:00,85.36,85.36,85.17,85.195,3322
2022-04-08 13:00:00,85.195,85.24,85.13,85.21,3447
2022-04-08 13:05:00,85.205,85.24,85.19,85.19,2200
2022-04-08 13:10:00,85.17,85.17,84.92,84.98,5208
2022-04-08 13:15:00,85.0,85.02,84.98,85.02,2926
2022-04-08 13:20:00,85.03,85.1,85.03,85.05,1500
2022-04-08 13:25:00,85.01,85.05,84.95,84.975,3700
2022-04-08 13:30:00,84.965,84.99,84.95,84.95,7577
2022-04-08 13:35:00,84.96,85.09,84.96,85.05,3700
2022-04-08 13:40:00,85.1,85.16,85.09,85.11,3758
2022-04-08 13:45:00,85.125,85.125,84.98,84.995,3882
2022-04-08 13:50:00,84.95,85.04,84.95,84.98,2625
2022-04-08 13:55:00,84.95,84.96,84.82,84.82,5102
2022-04-08 14:00:00,84.805,84.805,84.71,84.79,2801
2022-04-08 14:05:00,84.795,84.89,84.73,84.89,2900
2022-04-08 14:10:00,84.89,84.89,84.79,84.87,2500
2022-04-08 14:15:00,84.85,84.88,84.85,84.865,1540
2022-04-08 14:20:00,84.855,84.97,84.82,84.82,4025
2022-04-08 14:25:00,84.81,84.86,84.765,84.79,10923
2022-04-08 14:30:00,84.775,84.85,84.775,84.79,4600
2022-04-08 14:35:00,84.79,84.84,84.77,84.79,3751
2022-04-08 14:40:00,84.8,84.81,84.77,84.8,4700
2022-04-08 14:45:00,84.795,84.94,84.78,84.94,4467
2022-04-08 14:50:00,84.945,84.995,84.91,84.975,5562
2022-04-08 14:55:00,84.975,84.975,84.79,84.79,4616
2022-04-08 15:00:00,84.8,84.88,84.77,84.87,6344
2022-04-08 15:05:00,84.89,84.95,84.865,84.9,5095
2022-04-08 15:10:00,84.92,85.0,84.83,84.89,5202
2022-04-08 15:15:00,84.87,84.965,84.8535,84.89,3975
2022-04-08 15:20:00,84.87,84.89,84.84,84.86,4311
2022-04-08 15:25:00,84.87,84.9,84.81,84.85,8846
2022-04-08 15:30:00,84.86,84.875,84.73,84.76,11343
2022-04-08 15:35:00,84.75,84.79,84.73,84.75,11961
2022-04-08 15:40:00,84.76,84.85,84.725,84.83,14602
2022-04-08 15:45:00,84.83,84.865,84.73,84.75,20789
2022-04-08 15:50:00,84.73,84.77,84.58,84.58,37049
2022-04-08 15:55:00,84.58,84.58,84.25,84.42,70306
2022-04-08 16:00:00,84.36,84.36,84.36,84.36,88816
2022-04-11 07:20:00,84.4,84.4,84.4,84.4,200
2022-04-11 09:30:00,84.14,84.3,83.52,83.55,11248
2022-04-11 09:35:00,83.68,84.32,83.61,84.02,5261
2022-04-11 09:40:00,84.14,84.81,84.09,84.66,6549
2022-04-11 09:45:00,84.62,84.62,84.3,84.495,8250
2022-04-11 09:50:00,84.45,84.58,84.13,84.49,9338
2022-04-11 09:55:00,84.46,84.75,84.41,84.7401,2009
2022-04-11 10:00:00,84.74,84.88,84.54,84.54,5327
2022-04-11 10:05:00,84.61,85.23,84.61,85.23,3662
2022-04-11 10:10:00,85.185,85.48,85.185,85.48,7685
2022-04-11 10:15:00,85.4876,85.4876,85.2,85.26,8463
2022-04-11 10:20:00,85.28,85.51,85.2,85.41,11472
2022-04-11 10:25:00,85.41,85.42,85.205,85.38,7827
2022-04-11 10:30:00,85.35,85.44,85.29,85.29,6045
2022-04-11 10:35:00,85.25,85.26,85.09,85.09,14343
2022-04-11 10:40:00,85.08,85.11,84.79,84.83,2722
2022-04-11 10:45:00,84.845,84.87,84.72,84.72,3574
2022-04-11 10:50:00,84.67,84.71,84.58,84.58,3107
2022-04-11 10:55:00,84.56,84.64,84.555,84.58,1805
2022-04-11 11:00:00,84.53,84.53,84.3,84.33,4504
2022-04-11 11:05:00,84.31,84.31,83.95,83.95,12108
2022-04-11 11:10:00,84.0129,84.14,83.95,84.01,12136
2022-04-11 11:15:00,84.05,84.33,84.05,84.27,2273
2022-04-11 11:20:00,84.275,84.2844,84.18,84.22,2140
2022-04-11 11:25:00,84.22,84.35,84.21,84.35,2300
2022-04-11 11:30:00,84.33,84.44,84.3,84.435,7849
2022-04-11 11:35:00,84.46,84.66,84.455,84.585,4974
2022-04-11 11:40:00,84.59,84.6,84.54,84.59,854
2022-04-11 11:45:00,84.63,84.66,84.5,84.52,2725
2022-04-11 11:50:00,84.55,84.585,84.49,84.52,2700
2022-04-11 11:55:00,84.53,84.53,84.27,84.285,2287
2022-04-11 12:00:00,84.31,84.38,84.3,84.37,4945
2022-04-11 12:05:00,84.39,84.49,84.39,84.49,2931
2022-04-11 12:10:00,84.54,84.56,84.33,84.34,2643
2022-04-11 12:15:00,84.35,84.38,84.35,84.38,1163
2022-04-11 12:20:00,84.4,84.41,84.3,84.3,2962
2022-04-11 12:25:00,84.28,84.295,84.25,84.25,1314
2022-04-11 12:30:00,84.26,84.26,84.15,84.15,2836
2022-04-11 12:35:00,84.15,84.23,84.11,84.165,3428
2022-04-11 12:40:00,84.13,84.18,84.08,84.1,1246
2022-04-11 12:45:00,84.07,84.07,83.99,84.025,2277
2022-04-11 12:50:00,84.02,84.06,83.88,83.88,800
2022-04-11 12:55:00,83.85,83.96,83.85,83.905,1812
2022-04-11 13:00:00,83.87,83.92,83.83,83.9,5819
2022-04-11 13:05:00,83.895,84.025,83.895,83.955,3160
2022-04-11 13:10:00,83.92,83.92,83.77,83.84,6598
2022-04-11 13:15:00,83.81,83.81,83.66,83.72,3033
2022-04-11 13:20:00,83.74,83.8,83.7,83.72,3939
2022-04-11 13:25:00,83.73,83.83,83.71,83.79,3915
2022-04-11 13:30:00,83.84,83.9,83.805,83.88,10695
2022-04-11 13:35:00,83.9,83.93,83.74,83.85,9396
2022-04-11 13:40:00,83.88,83.89,83.82,83.82,2794
2022-04-11 13:45:00,83.805,83.84,83.76,83.76,2297
2022-04-11 13:50:00,83.77,83.8,83.69,83.8,3990
2022-04-11 13:55:00,83.79,83.98,83.79,83.98,3692
2022-04-11 14:00:00,83.98,84.0,83.91,83.95,3663
2022-04-11 14:05:00,83.96,83.96,83.89,83.93,2656
2022-04-11 14:10:00,83.88,83.89,83.72,83.72,1172
2022-04-11 14:15:00,83.68,83.69,83.65,83.65,1690
2022-04-11 14:20:00,83.655,83.655,83.5,83.64,18875
2022-04-11 14:25:00,83.65,83.73,83.535,83.65,17823
2022-04-11 14:30:00,83.61,83.765,83.555,83.765,2513
2022-04-11 14:35:00,83.77,83.85,83.725,83.85,3235
2022-04-11 14:40:00,83.83,83.84,83.77,83.8,1416
2022-04-11 14:45:00,83.83,83.89,83.77,83.86,4547
2022-04-11 14:50:00,83.88,83.9,83.77,83.79,3700
2022-04-11 14:55:00,83.8,83.805,83.745,83.75,2597
2022-04-11 15:00:00,83.765,83.84,83.65,83.71,10074
2022-04-11 15:05:00,83.67,83.79,83.67,83.77,5153
2022-04-11 15:10:00,83.77,83.79,83.58,83.71,16330
2022-04-11 15:15:00,83.74,83.9,83.68,83.895,8751
2022-04-11 15:20:00,83.9,83.9725,83.88,83.97,8002
2022-04-11 15:25:00,83.95,84.0,83.91,83.95,9175
2022-04-11 15:30:00,83.94,83.96,83.85,83.9,25376
2022-04-11 15:35:00,83.88,83.98,83.86,83.98,15778
2022-04-11 15:40:00,83.97,84.03,83.96,83.965,6733
2022-04-11 15:45:00,83.98,84.0,83.88,83.88,9950
2022-04-11 15:50:00,83.88,83.93,83.61,83.66,17862
2022-04-11 15:55:00,83.64,83.68,83.5,83.59,61718
2022-04-11 16:00:00,83.6,83.6,83.6,83.6,121124
2022-04-12 09:25:00,84.14,84.14,84.05,84.05,900
2022-04-12 09:30:00,84.11,84.24,83.62,83.97,12357
2022-04-12 09:35:00,84.0418,84.41,83.87,84.28,2200
2022-04-12 09:40:00,84.4,84.94,84.4,84.94,6302
2022-04-12 09:45:00,84.805,85.1,84.805,85.02,2708
2022-04-12 09:50:00,84.96,85.04,84.8144,84.8144,10392
2022-04-12 09:55:00,84.915,84.975,84.8222,84.85,3466
2022-04-12 10:00:00,84.832,84.85,84.6718,84.8,4911
2022-04-12 10:05:00,84.84,85.09,84.84,85.015,3600
2022-04-12 10:10:00,85.01,85.01,84.87,84.94,3099
2022-04-12 10:15:00,84.89,85.05,84.76,84.8,10046
2022-04-12 10:20:00,84.84,84.97,84.84,84.89,1567
2022-04-12 10:25:00,84.96,84.96,84.7015,84.7015,3633
2022-04-12 10:30:00,84.69,84.74,84.59,84.64,2442
2022-04-12 10:35:00,84.72,84.72,84.47,84.51,1392
2022-04-12 10:40:00,84.465,84.475,84.39,84.39,1019
2022-04-12 10:45:00,84.43,84.43,84.1856,84.1856,200
2022-04-12 10:50:00,84.17,84.28,84.1,84.24,2105
2022-04-12 10:55:00,84.27,84.38,84.235,84.35,3319
2022-04-12 11:00:00,84.34,84.42,84.3001,84.37,2305
2022-04-12 11:05:00,84.35,84.44,84.32,84.38,1800
2022-04-12 11:10:00,84.385,84.4297,84.36,84.38,2924
2022-04-12 11:15:00,84.44,84.62,84.36,84.6,9074
2022-04-12 11:20:00,84.6,84.72,84.54,84.59,3058
2022-04-12 11:25:00,84.66,84.66,84.53,84.57,2216
2022-04-12 11:30:00,84.58,84.615,84.43,84.47,3430
2022-04-12 11:35:00,84.44,84.55,84.44,84.475,2000
2022-04-12 11:40:00,84.48,84.57,84.44,84.56,1941
2022-04-12 11:45:00,84.57,84.73,84.55,84.71,3314
2022-04-12 11:50:00,84.7,84.76,84.67,84.68,2500
2022-04-12 11:55:00,84.68,84.68,84.55,84.575,2849
2022-04-12 12:00:00,84.56,84.56,84.47,84.5,800
2022-04-12 12:05:00,84.4605,84.505,84.41,84.46,6304
2022-04-12 12:10:00,84.455,84.455,84.35,84.37,5018
2022-04-12 12:15:00,84.385,84.52,84.36,84.52,4211
2022-04-12 12:20:00,84.44,84.465,84.32,84.355,2792
2022-04-12 12:25:00,84.33,84.33,84.21,84.21,2296
2022-04-12 12:30:00,84.17,84.26,84.13,84.19,3123
2022-04-12 12:35:00,84.195,84.27,84.15,84.24,3004
2022-04-12 12:40:00,84.24,84.24,84.14,84.15,2299
2022-04-12 12:45:00,84.14,84.165,84.07,84.14,2718
2022-04-12 12:50:00,84.17,84.25,84.115,84.115,4864
2022-04-12 12:55:00,84.15,84.17,84.11,84.12,1900
2022-04-12 13:00:00,84.13,84.13,83.99,84.06,2455
2022-04-12 13:05:00,84.07,84.2499,84.07,84.19,2062
2022-04-12 13:10:00,84.19,84.35,84.1615,84.285,2336
2022-04-12 13:15:00,84.22,84.235,84.13,84.18,3600
2022-04-12 13:20:00,84.22,84.25,84.07,84.07,4483
2022-04-12 13:25:00,84.055,84.16,84.0,84.1499,9404
2022-04-12 13:30:00,84.07,84.11,84.04,84.105,17631
2022-04-12 13:35:00,84.105,84.105,83.97,84.02,4478
2022-04-12 13:40:00,83.98,84.01,83.91,83.92,4754
2022-04-12 13:45:00,83.925,83.925,83.81,83.839,1306
2022-04-12 13:50:00,83.74,83.76,83.73,83.75,894
2022-04-12 13:55:00,83.75,83.75,83.61,83.6304,4169
2022-04-12 14:00:00,83.61,83.67,83.5337,83.67,1951
2022-04-12 14:05:00,83.68,83.73,83.61,83.61,2379
2022-04-12 14:10:00,83.62,83.62,83.45,83.45,2339
2022-04-12 14:15:00,83.42,83.54,83.3,83.52,5848
2022-04-12 14:20:00,83.5396,83.65,83.52,83.58,11286
2022-04-12 14:25:00,83.565,83.58,83.43,83.46,2116
2022-04-12 14:30:00,83.43,83.46,83.36,83.4395,1405
2022-04-12 14:35:00,83.41,83.455,83.39,83.39,3416
2022-04-12 14:40:00,83.38,83.405,83.25,83.255,1307
2022-04-12 14:45:00,83.29,83.395,83.29,83.32,5425
2022-04-12 14:50:00,83.38,83.39,83.2604,83.38,6004
2022-04-12 14:55:00,83.43,83.43,83.28,83.32,4445
2022-04-12 15:00:00,83.28,83.28,83.05,83.1,3169
2022-04-12 15:05:00,83.095,83.13,83.02,83.09,4567
2022-04-12 15:10:00,83.1,83.105,82.995,83.005,5630
2022-04-12 15:15:00,82.98,83.0,82.954,82.99,7333
2022-04-12 15:20:00,83.0,83.011,82.93,82.93,9633
2022-04-12 15:25:00,82.94,82.95,82.87,82.87,6004
2022-04-12 15:30:00,82.92,82.965,82.82,82.83,6417
2022-04-12 15:35:00,82.806,82.92,82.77,82.895,10923
2022-04-12 15:40:00,82.88,82.95,82.8,82.915,15094
2022-04-12 15:45:00,82.89,83.06,82.81,83.005,21711
2022-04-12 15:50:00,82.96,82.98,82.7,82.77,23899
2022-04-12 15:55:00,82.79,82.8,82.65,82.77,93038
2022-04-12 16:00:00,82.76,82.76,82.76,82.76,88391
2022-04-12 16:10:00,82.76,82.76,82.76,82.76,100
2022-04-12 17:05:00,82.72,82.72,82.72,82.72,100
2022-04-12 17:20:00,82.72,82.72,82.72,82.72,600
2022-04-12 18:35:00,82.98,82.98,82.98,82.98,200
2022-04-12 18:50:00,82.98,82.98,82.98,82.98,200
2022-04-12 19:50:00,82.98,82.98,82.98,82.98,100
2022-04-13 08:00:00,82.9,82.9,82.9,82.9,140
2022-04-13 09:15:00,83.5,83.5,83.5,83.5,100
2022-04-13 09:30:00,83.35,83.62,83.2,83.62,16420
2022-04-13 09:35:00,83.6,83.91,83.6,83.91,6830
2022-04-13 09:40:00,83.91,83.98,83.455,83.6,4295
2022-04-13 09:45:00,83.6,83.73,83.6,83.69,1772
2022-04-13 09:50:00,83.69,83.82,83.66,83.75,2254
2022-04-13 09:55:00,83.6589,83.6589,83.495,83.51,2319
2022-04-13 10:00:00,83.48,83.62,83.45,83.5881,3549
2022-04-13 10:05:00,83.72,83.7534,83.545,83.545,1803
2022-04-13 10:10:00,83.53,83.72,83.53,83.62,1200
2022-04-13 10:15:00,83.64,83.73,83.62,83.66,1700
2022-04-13 10:20:00,83.705,83.77,83.63,83.76,2325
2022-04-13 10:25:00,83.815,83.815,83.61,83.61,1754
2022-04-13 10:30:00,83.645,83.76,83.56,83.59,2889
2022-04-13 10:35:00,83.575,83.74,83.55,83.72,3703
2022-04-13 10:40:00,83.63,83.87,83.54,83.87,5130
2022-04-13 10:45:00,83.8401,83.9,83.8,83.845,3185
2022-04-13 10:50:00,83.8,83.87,83.79,83.84,1938
2022-04-13 10:55:00,83.94,84.02,83.87,83.9,3300
2022-04-13 11:00:00,83.8,84.034,83.8,83.92,2217
2022-04-13 11:05:00,83.91,83.94,83.88,83.885,937
2022-04-13 11:10:00,83.92,83.94,83.8384,83.93,3242
2022-04-13 11:15:00,83.88,83.92,83.87,83.92,500
2022-04-13 11:20:00,83.94,83.94,83.9,83.93,800
2022-04-13 11:25:00,83.93,84.01,83.9,83.96,3910
2022-04-13 11:30:00,84.0,84.025,83.94,83.97,6123
2022-04-13 11:35:00,84.01,84.01,83.905,83.96,1745
2022-04-13 11:40:00,83.97,84.005,83.875,83.93,2075
2022-04-13 11:45:00,83.87,83.89,83.81,83.825,1219
2022-04-13 11:50:00,83.84,83.975,83.84,83.94,3413
2022-04-13 11:55:00,84.0,84.01,83.83,83.86,6116
2022-04-13 12:00:00,83.88,83.93,83.86,83.905,3704
2022-04-13 12:05:00,83.935,83.935,83.88,83.9,3012
2022-04-13 12:10:00,83.9,83.94,83.85,83.935,6447
2022-04-13 12:15:00,83.91,83.97,83.85,83.9097,4833
2022-04-13 12:20:00,83.88,83.96,83.875,83.92,3825
2022-04-13 12:25:00,83.99,84.01,83.81,83.82,12125
2022-04-13 12:30:00,83.83,83.835,83.775,83.835,1125
2022-04-13 12:35:00,83.92,83.92,83.78,83.78,5780
2022-04-13 12:40:00,83.77,83.82,83.67,83.725,2600
2022-04-13 12:45:00,83.725,83.84,83.725,83.82,2315
2022-04-13 12:50:00,83.85,83.85,83.8,83.8,1997
2022-04-13 12:55:00,83.85,83.87,83.74,83.75,2600
2022-04-13 13:00:00,83.7777,83.815,83.7777,83.815,761
2022-04-13 13:05:00,83.82,83.89,83.8,83.89,4074
2022-04-13 13:10:00,83.835,83.88,83.8062,83.84,2320
2022-04-13 13:15:00,83.81,83.81,83.75,83.78,1900
2022-04-13 13:20:00,83.75,83.8,83.75,83.78,4693
2022-04-13 13:25:00,83.7799,83.78,83.65,83.67,7921
2022-04-13 13:30:00,83.655,83.71,83.62,83.7,12700
2022-04-13 13:35:00,83.695,83.705,83.625,83.625,2700
2022-04-13 13:40:00,83.63,83.645,83.585,83.63,1482
2022-04-13 13:45:00,83.65,83.71,83.65,83.69,4128
2022-04-13 13:50:00,83.695,83.695,83.595,83.595,1680
2022-04-13 13:55:00,83.6,83.635,83.5831,83.635,900
2022-04-13 14:00:00,83.59,83.59,83.53,83.53,700
2022-04-13 14:05:00,83.505,83.6,83.505,83.555,1900
2022-04-13 14:10:00,83.555,83.555,83.36,83.41,1626
2022-04-13 14:15:00,83.42,83.47,83.42,83.46,900
2022-04-13 14:20:00,83.44,83.474,83.33,83.37,2599
2022-04-13 14:25:00,83.35,83.48,83.27,83.445,3007
2022-04-13 14:30:00,83.48,83.509,83.4,83.509,2298
2022-04-13 14:35:00,83.475,83.54,83.465,83.51,1800
2022-04-13 14:40:00,83.52,83.62,83.52,83.62,1552
2022-04-13 14:45:00,83.615,83.6479,83.52,83.64,4881
2022-04-13 14:50:00,83.69,83.75,83.65,83.7195,13580
2022-04-13 14:55:00,83.685,83.78,83.68,83.7377,4781
2022-04-13 15:00:00,83.725,83.74,83.65,83.73,3607
2022-04-13 15:05:00,83.74,83.83,83.72,83.815,4376
2022-04-13 15:10:00,83.8,83.81,83.71,83.795,3013
2022-04-13 15:15:00,83.7788,83.89,83.7788,83.8501,3455
2022-04-13 15:20:00,83.88,83.88,83.829,83.88,3317
2022-04-13 15:25:00,83.9,83.94,83.78,83.83,6920
2022-04-13 15:30:00,83.84,83.95,83.8385,83.865,8082
2022-04-13 15:35:00,83.82,83.855,83.77,83.8,16778
2022-04-13 15:40:00,83.7955,83.8425,83.74,83.83,20778
2022-04-13 15:45:00,83.84,83.84,83.71,83.76,16756
2022-04-13 15:50:00,83.77,83.83,83.705,83.765,24503
2022-04-13 15:55:00,83.74,83.82,83.69,83.79,56741
2022-04-13 16:00:00,83.8,83.8,83.8,83.8,96966
2022-04-14 09:30:00,84.11,84.2915,84.11,84.255,25401
2022-04-14 09:35:00,84.325,84.51,84.19,84.375,6877
2022-04-14 09:40:00,84.29,84.4373,84.18,84.34,9803
2022-04-14 09:45:00,84.275,84.37,84.17,84.31,14290
2022-04-14 09:50:00,84.33,84.42,84.265,84.42,7768
2022-04-14 09:55:00,84.42,84.47,84.235,84.47,26091
2022-04-14 10:00:00,84.415,84.83,84.395,84.72,5138
2022-04-14 10:05:00,84.755,84.77,84.605,84.655,12878
2022-04-14 10:10:00,84.68,84.875,84.68,84.825,16685
2022-04-14 10:15:00,84.81,84.81,84.56,84.715,12509
2022-04-14 10:20:00,84.79,84.805,84.48,84.48,26634
2022-04-14 10:25:00,84.42,84.45,84.25,84.31,2900
2022-04-14 10:30:00,84.34,84.5499,84.34,84.48,8673
2022-04-14 10:35:00,84.425,84.52,84.3385,84.385,6360
2022-04-14 10:40:00,84.39,84.39,84.23,84.23,1100
2022-04-14 10:45:00,84.17,84.315,84.15,84.23,3324
2022-04-14 10:50:00,84.23,84.3,84.16,84.3,3700
2022-04-14 10:55:00,84.28,84.37,84.22,84.24,10331
2022-04-14 11:00:00,84.155,84.32,84.155,84.305,9322
2022-04-14 11:05:00,84.305,84.44,84.26,84.44,7491
2022-04-14 11:10:00,84.44,84.64,84.4161,84.63,5350
2022-04-14 11:15:00,84.63,84.72,84.625,84.71,5744
2022-04-14 11:20:00,84.735,84.83,84.715,84.82,8882
2022-04-14 11:25:00,84.82,84.84,84.57,84.66,7681
2022-04-14 11:30:00,84.67,84.71,84.63,84.66,4070
2022-04-14 11:35:00,84.675,84.7,84.57,84.6,7348
2022-04-14 11:40:00,84.61,84.67,84.6,84.66,6147
2022-04-14 11:45:00,84.66,84.72,84.595,84.69,8938
2022-04-14 11:50:00,84.71,84.84,84.7,84.81,9300
2022-04-14 11:55:00,84.81,84.83,84.735,84.74,4940
2022-04-14 12:00:00,84.72,84.79,84.6,84.61,6890
2022-04-14 12:05:00,84.59,84.735,84.56,84.625,11210
2022-04-14 12:10:00,84.61,84.64,84.45,84.6,15414
2022-04-14 12:15:00,84.6,84.655,84.49,84.55,10891
2022-04-14 12:20:00,84.55,84.57,84.48,84.55,6048
2022-04-14 12:25:00,84.55,84.565,84.48,84.485,7200
2022-04-14 12:30:00,84.485,84.545,84.435,84.495,7127
2022-04-14 12:35:00,84.495,84.495,84.405,84.405,4925
2022-04-14 12:40:00,84.395,84.4,84.29,84.365,7019
2022-04-14 12:45:00,84.365,84.42,84.315,84.375,8554
2022-04-14 12:50:00,84.38,84.475,84.38,84.4,4252
2022-04-14 12:55:00,84.43,84.545,84.43,84.54,11102
2022-04-14 13:00:00,84.57,84.615,84.525,84.565,6741
2022-04-14 13:05:00,84.555,84.595,84.525,84.59,3935
2022-04-14 13:10:00,84.58,84.6,84.51,84.55,10034
2022-04-14 13:15:00,84.545,84.6,84.48,84.51,10881
2022-04-14 13:20:00,84.535,84.565,84.495,84.54,3420
2022-04-14 13:25:00,84.55,84.5836,84.5102,84.545,9472
2022-04-14 13:30:00,84.545,84.64,84.545,84.63,7017
2022-04-14 13:35:00,84.665,84.74,84.665,84.675,3600
2022-04-14 13:40:00,84.69,84.745,84.625,84.72,7844
2022-04-14 13:45:00,84.725,84.925,84.725,84.925,3893
2022-04-14 13:50:00,84.915,84.975,84.86,84.975,10033
2022-04-14 13:55:00,84.96,84.96,84.89,84.925,6717
2022-04-14 14:00:00,84.925,84.9693,84.83,84.95,9711
2022-04-14 14:05:00,84.945,84.97,84.9,84.935,5410
2022-04-14 14:10:00,84.95,85.11,84.91,85.11,8297
2022-04-14 14:15:00,85.12,85.12,84.95,84.965,4879
2022-04-14 14:20:00,84.965,85.01,84.89,85.0,14231
2022-04-14 14:25:00,84.985,84.995,84.87,84.97,16894
2022-04-14 14:30:00,84.95,85.05,84.935,85.02,9454
2022-04-14 14:35:00,84.98,84.99,84.845,84.96,11018
2022-04-14 14:40:00,84.95,85.09,84.92,85.09,15349
2022-04-14 14:45:00,85.11,85.11,85.0,85.035,12779
2022-04-14 14:50:00,85.07,85.075,84.95,84.985,22107
2022-04-14 14:55:00,84.99,85.02,84.88,84.97,81194
2022-04-14 15:00:00,84.98,85.07,84.89,85.055,52888
2022-04-14 15:05:00,85.05,85.1,84.94,84.97,9055
2022-04-14 15:10:00,84.975,85.03,84.97,85.015,12505
2022-04-14 15:15:00,85.03,85.31,85.03,85.26,16337
2022-04-14 15:20:00,85.26,85.32,85.2,85.25,11190
2022-04-14 15:25:00,85.26,85.4,85.24,85.37,18350
2022-04-14 15:30:00,85.37,85.4,85.24,85.29,44338
2022-04-14 15:35:00,85.31,85.35,85.13,85.21,58911
2022-04-14 15:40:00,85.21,85.32,85.21,85.2935,16804
2022-04-14 15:45:00,85.31,85.34,85.2,85.255,35552
2022-04-14 15:50:00,85.255,85.3999,85.12,85.3999,100929
2022-04-14 15:55:00,85.39,85.41,85.16,85.24,112723
2022-04-14 16:00:00,85.22,85.22,85.22,85.22,149329
