2022-04-01 09:30:00,216.83,216.83,216.06,216.1,12210
2022-04-01 09:35:00,216.5,217.235,216.5,216.875,2916
2022-04-01 09:40:00,216.92,217.65,216.81,217.65,3938
2022-04-01 09:45:00,217.545,218.3,217.45,218.22,3896
2022-04-01 09:50:00,218.26,218.5,217.96,217.97,2087
2022-04-01 09:55:00,217.93,218.09,217.38,217.53,5470
2022-04-01 10:00:00,217.555,218.24,217.48,217.575,4428
2022-04-01 10:05:00,217.86,218.2,217.74,217.93,3601
2022-04-01 10:10:00,217.88,217.88,217.57,217.81,7202
2022-04-01 10:15:00,217.7,217.83,217.45,217.71,2200
2022-04-01 10:20:00,217.67,217.72,217.3632,217.42,3282
2022-04-01 10:25:00,217.42,217.42,216.84,216.8532,3903
2022-04-01 10:30:00,216.77,216.845,216.66,216.66,4507
2022-04-01 10:35:00,216.4,216.82,216.26,216.82,4808
2022-04-01 10:40:00,216.795,217.27,216.78,216.81,11308
2022-04-01 10:45:00,216.6532,217.0613,216.6,216.695,6033
2022-04-01 10:50:00,216.65,216.88,216.62,216.825,4282
2022-04-01 10:55:00,216.8389,216.92,216.61,216.64,5871
2022-04-01 11:00:00,216.71,216.84,216.45,216.5,3370
2022-04-01 11:05:00,216.57,217.0992,216.57,216.98,6164
2022-04-01 11:10:00,217.01,217.53,217.01,217.53,2003
2022-04-01 11:15:00,217.45,217.79,217.42,217.79,3086
2022-04-01 11:20:00,217.71,217.71,217.41,217.5,3579
2022-04-01 11:25:00,217.59,217.785,217.51,217.64,3021
2022-04-01 11:30:00,217.565,217.565,217.06,217.195,6865
2022-04-01 11:35:00,217.2,217.4026,217.08,217.4,4513
2022-04-01 11:40:00,217.35,217.35,216.94,216.94,6360
2022-04-01 11:45:00,216.85,217.0,216.73,216.87,2919
2022-04-01 11:50:00,216.965,217.12,216.69,217.12,2812
2022-04-01 11:55:00,217.0879,217.27,217.0879,217.19,4200
2022-04-01 12:00:00,217.2,217.56,217.09,217.46,6514
2022-04-01 12:05:00,217.39,217.49,217.08,217.14,3501
2022-04-01 12:10:00,217.14,217.2,217.08,217.2,3717
2022-04-01 12:15:00,217.2,217.5,217.08,217.08,8827
2022-04-01 12:20:00,217.07,217.175,216.91,217.09,7555
2022-04-01 12:25:00,217.0432,217.4,216.99,217.38,4240
2022-04-01 12:30:00,217.33,217.71,217.33,217.605,5771
2022-04-01 12:35:00,217.55,217.72,217.51,217.6305,4809
2022-04-01 12:40:00,217.65,218.01,217.53,217.87,9571
2022-04-01 12:45:00,217.85,218.11,217.8039,218.03,6058
2022-04-01 12:50:00,218.08,218.15,217.8927,217.935,6757
2022-04-01 12:55:00,217.99,218.23,217.99,218.224,4558
2022-04-01 13:00:00,218.11,218.44,218.009,218.3,4404
2022-04-01 13:05:00,218.215,218.29,217.793,217.793,10924
2022-04-01 13:10:00,217.74,217.77,217.6,217.74,5023
2022-04-01 13:15:00,217.7,217.77,217.56,217.7,4082
2022-04-01 13:20:00,217.71,217.71,217.4275,217.525,3883
2022-04-01 13:25:00,217.58,217.78,217.52,217.7463,4781
2022-04-01 13:30:00,217.7,217.78,217.6,217.7402,5320
2022-04-01 13:35:00,217.76,217.9649,217.71,217.9649,2815
2022-04-01 13:40:00,217.93,217.96,217.56,217.56,2521
2022-04-01 13:45:00,217.6,217.63,217.44,217.54,3237
2022-04-01 13:50:00,217.66,217.88,217.61,217.865,4289
2022-04-01 13:55:00,217.835,218.13,217.74,218.1,2100
2022-04-01 14:00:00,218.02,218.29,218.02,218.28,3502
2022-04-01 14:05:00,218.3,218.4,218.18,218.34,3805
2022-04-01 14:10:00,218.37,218.5,218.28,218.38,7265
2022-04-01 14:15:00,218.45,218.47,218.2,218.2,4976
2022-04-01 14:20:00,218.16,218.6,218.15,218.59,7954
2022-04-01 14:25:00,218.6,218.75,218.53,218.68,3030
2022-04-01 14:30:00,218.68,218.7,218.515,218.625,3441
2022-04-01 14:35:00,218.55,218.65,218.49,218.565,6311
2022-04-01 14:40:00,218.52,218.62,218.49,218.62,10051
2022-04-01 14:45:00,218.65,218.65,218.45,218.63,4356
2022-04-01 14:50:00,218.55,218.68,218.5,218.638,8723
2022-04-01 14:55:00,218.7107,218.74,218.44,218.46,4458
2022-04-01 15:00:00,218.525,218.7,218.48,218.48,2722
2022-04-01 15:05:00,218.45,218.56,218.19,218.25,18232
2022-04-01 15:10:00,218.245,218.2872,217.995,218.22,14331
2022-04-01 15:15:00,218.22,218.4425,217.935,218.07,11869
2022-04-01 15:20:00,218.04,218.285,217.9,218.13,12178
2022-04-01 15:25:00,218.18,218.18,217.825,217.89,16096
2022-04-01 15:30:00,217.915,218.11,217.82,217.98,21450
2022-04-01 15:35:00,217.995,218.119,217.865,218.08,29114
2022-04-01 15:40:00,218.075,218.49,218.075,218.325,14823
2022-04-01 15:45:00,218.28,218.47,218.18,218.21,23552
2022-04-01 15:50:00,218.22,218.8,218.2,218.6421,40843
2022-04-01 15:55:00,218.63,218.91,218.53,218.77,82595
2022-04-01 16:00:00,218.77,218.77,218.77,218.77,165636
2022-04-01 17:35:00,219.7756,219.7756,219.7756,219.7756,100
2022-04-04 09:25:00,217.96,218.0,217.96,218.0,209
2022-04-04 09:30:00,218.32,218.385,215.56,215.93,15506
2022-04-04 09:35:00,216.13,216.16,214.73,214.95,7318
2022-04-04 09:40:00,214.991,215.14,214.21,214.38,5859
2022-04-04 09:45:00,214.5,214.5728,214.11,214.41,7515
2022-04-04 09:50:00,214.41,214.755,214.25,214.45,6844
2022-04-04 09:55:00,214.42,215.32,214.39,214.735,7827
2022-04-04 10:00:00,214.715,215.61,214.67,215.61,12276
2022-04-04 10:05:00,215.755,215.755,215.2752,215.31,5957
2022-04-04 10:10:00,214.975,214.975,214.57,214.64,2900
2022-04-04 10:15:00,214.76,215.11,214.45,215.01,6945
2022-04-04 10:20:00,215.07,215.9168,215.03,215.67,18408
2022-04-04 10:25:00,215.75,215.9,215.5,215.69,5172
2022-04-04 10:30:00,215.7875,216.285,215.775,215.87,5215
2022-04-04 10:35:00,215.855,215.979,215.58,215.69,5746
2022-04-04 10:40:00,215.75,216.05,215.68,215.68,14495
2022-04-04 10:45:00,215.62,216.03,215.58,215.9,5830
2022-04-04 10:50:00,215.85,215.99,215.74,215.7801,9870
2022-04-04 10:55:00,215.78,216.015,215.49,215.53,12530
2022-04-04 11:00:00,215.49,215.79,215.28,215.28,4879
2022-04-04 11:05:00,215.24,215.38,215.12,215.16,2397
2022-04-04 11:10:00,214.83,214.89,214.36,214.36,10509
2022-04-04 11:15:00,214.39,214.75,214.265,214.64,5607
2022-04-04 11:20:00,214.51,214.705,214.305,214.41,3951
2022-04-04 11:25:00,214.41,214.76,214.175,214.625,6676
2022-04-04 11:30:00,214.62,214.665,214.31,214.31,4065
2022-04-04 11:35:00,214.3,214.4,214.205,214.4,4050
2022-04-04 11:40:00,214.41,214.635,214.41,214.505,4494
2022-04-04 11:45:00,214.55,215.15,214.55,215.15,5842
2022-04-04 11:50:00,215.15,215.15,214.705,214.8,3439
2022-04-04 11:55:00,214.87,214.95,214.665,214.74,2871
2022-04-04 12:00:00,214.76,214.98,214.74,214.82,5923
2022-04-04 12:05:00,214.78,215.1,214.78,215.05,3378
2022-04-04 12:10:00,215.075,215.15,214.955,215.055,9015
2022-04-04 12:15:00,215.12,215.12,214.77,214.78,4214
2022-04-04 12:20:00,214.72,214.86,214.64,214.86,3716
2022-04-04 12:25:00,214.845,215.12,214.8,215.09,3272
2022-04-04 12:30:00,215.14,215.15,214.86,214.86,4367
2022-04-04 12:35:00,214.83,214.83,214.675,214.76,2333
2022-04-04 12:40:00,214.79,214.86,214.61,214.63,2091
2022-04-04 12:45:00,214.69,214.88,214.69,214.77,4657
2022-04-04 12:50:00,214.8483,214.9021,214.655,214.71,3128
2022-04-04 12:55:00,214.75,214.79,214.57,214.77,4843
2022-04-04 13:00:00,214.76,214.84,214.64,214.7229,3110
2022-04-04 13:05:00,214.79,214.97,214.75,214.75,3968
2022-04-04 13:10:00,214.79,215.09,214.77,215.0,3122
2022-04-04 13:15:00,214.925,215.11,214.925,215.05,2500
2022-04-04 13:20:00,215.045,215.15,215.04,215.04,2419
2022-04-04 13:25:00,215.06,215.3,215.06,215.26,12062
2022-04-04 13:30:00,215.225,215.51,215.225,215.39,1652
2022-04-04 13:35:00,215.425,215.67,215.25,215.25,3773
2022-04-04 13:40:00,215.27,215.395,215.27,215.38,6406
2022-04-04 13:45:00,215.32,215.385,215.09,215.09,1890
2022-04-04 13:50:00,215.13,215.3127,215.13,215.31,1995
2022-04-04 13:55:00,215.27,215.47,215.27,215.41,7130
2022-04-04 14:00:00,215.425,215.66,215.38,215.55,5482
2022-04-04 14:05:00,215.64,215.72,215.56,215.56,7386
2022-04-04 14:10:00,215.56,215.592,215.375,215.3898,7222
2022-04-04 14:15:00,215.34,215.615,215.34,215.55,3936
2022-04-04 14:20:00,215.625,216.205,215.56,216.115,27432
2022-04-04 14:25:00,216.115,216.76,216.115,216.76,11778
2022-04-04 14:30:00,216.75,216.94,216.59,216.6,7732
2022-04-04 14:35:00,216.58,216.7,216.39,216.39,2401
2022-04-04 14:40:00,216.315,216.46,216.08,216.255,3589
2022-04-04 14:45:00,216.2317,216.25,216.09,216.125,1704
2022-04-04 14:50:00,216.095,216.23,215.915,215.975,6687
2022-04-04 14:55:00,216.015,216.25,215.955,216.19,5361
2022-04-04 15:00:00,216.22,216.39,216.115,216.39,6011
2022-04-04 15:05:00,216.42,216.47,216.215,216.215,6231
2022-04-04 15:10:00,216.26,216.54,216.26,216.53,6128
2022-04-04 15:15:00,216.5001,216.595,216.25,216.29,7553
2022-04-04 15:20:00,216.2701,216.38,215.95,215.995,7753
2022-04-04 15:25:00,215.97,215.97,215.7,215.8969,10408
2022-04-04 15:30:00,215.94,216.1,215.84,215.98,9000
2022-04-04 15:35:00,215.969,216.169,215.93,216.0501,7392
2022-04-04 15:40:00,216.13,216.405,216.13,216.34,8209
2022-04-04 15:45:00,216.33,216.7691,216.29,216.7691,10598
2022-04-04 15:50:00,216.72,216.88,216.42,216.45,25959
2022-04-04 15:55:00,216.55,216.6,216.15,216.54,49579
2022-04-04 16:00:00,216.52,216.52,216.52,216.52,84032
2022-04-04 19:50:00,217.12,217.12,217.12,217.12,100
2022-04-05 09:30:00,216.41,219.64,216.41,218.77,21950
2022-04-05 09:35:00,218.77,219.415,218.5,218.85,9985
2022-04-05 09:40:00,219.1,220.3062,219.08,220.02,11929
2022-04-05 09:45:00,219.905,220.7444,219.82,220.65,17921
2022-04-05 09:50:00,220.707,220.98,220.29,220.89,28586
2022-04-05 09:55:00,220.795,220.89,220.55,220.55,7378
2022-04-05 10:00:00,220.55,221.3,220.55,221.15,5256
2022-04-05 10:05:00,221.14,221.2678,220.9736,221.0,3538
2022-04-05 10:10:00,221.04,221.06,220.89,220.93,3127
2022-04-05 10:15:00,220.99,221.5,220.82,221.13,3482
2022-04-05 10:20:00,221.16,221.16,220.36,220.36,2153
2022-04-05 10:25:00,220.25,220.465,219.94,219.94,3600
2022-04-05 10:30:00,220.04,220.28,219.795,220.02,3048
2022-04-05 10:35:00,220.07,220.11,219.6,219.646,17632
2022-04-05 10:40:00,219.75,219.85,219.5,219.5,23889
2022-04-05 10:45:00,219.53,219.58,219.24,219.58,7678
2022-04-05 10:50:00,219.43,219.89,219.325,219.73,4449
2022-04-05 10:55:00,219.58,219.85,219.39,219.415,5084
2022-04-05 11:00:00,219.37,219.9,219.33,219.375,8882
2022-04-05 11:05:00,219.37,219.37,219.09,219.09,2520
2022-04-05 11:10:00,219.15,219.15,218.75,218.77,5622
2022-04-05 11:15:00,218.79,218.91,218.65,218.82,2002
2022-04-05 11:20:00,218.88,219.12,218.87,219.06,3290
2022-04-05 11:25:00,219.09,219.145,218.95,219.08,3001
2022-04-05 11:30:00,219.14,219.44,219.11,219.38,3262
2022-04-05 11:35:00,219.51,219.511,219.06,219.06,2975
2022-04-05 11:40:00,219.16,219.62,219.105,219.62,2134
2022-04-05 11:45:00,219.63,219.63,219.0,219.05,3093
2022-04-05 11:50:00,219.06,219.07,218.93,218.94,1801
2022-04-05 11:55:00,218.98,218.98,218.57,218.62,3238
2022-04-05 12:00:00,218.54,218.79,218.42,218.79,2503
2022-04-05 12:05:00,218.91,219.2589,218.89,219.23,4000
2022-04-05 12:10:00,219.273,219.46,219.27,219.27,5493
2022-04-05 12:15:00,219.3,219.48,219.22,219.4,7796
2022-04-05 12:20:00,219.38,219.6,219.38,219.55,1740
2022-04-05 12:25:00,219.5593,219.6,219.35,219.39,5767
2022-04-05 12:30:00,219.41,219.64,219.41,219.595,6890
2022-04-05 12:35:00,219.65,219.7,219.47,219.685,2556
2022-04-05 12:40:00,219.76,219.82,219.4885,219.52,3623
2022-04-05 12:45:00,219.57,219.62,219.465,219.57,4152
2022-04-05 12:50:00,219.54,219.66,219.5,219.64,3633
2022-04-05 12:55:00,219.676,219.6999,219.28,219.385,7276
2022-04-05 13:00:00,219.28,219.555,219.275,219.555,4025
2022-04-05 13:05:00,219.555,219.8,219.48,219.59,6589
2022-04-05 13:10:00,219.675,219.725,219.435,219.435,4120
2022-04-05 13:15:00,219.41,219.57,219.41,219.54,4159
2022-04-05 13:20:00,219.52,219.63,219.34,219.37,4414
2022-04-05 13:25:00,219.3786,219.4,218.72,218.93,6281
2022-04-05 13:30:00,219.02,219.03,218.88,218.96,3563
2022-04-05 13:35:00,218.91,219.1805,218.91,219.11,3771
2022-04-05 13:40:00,219.1894,219.38,219.08,219.08,6141
2022-04-05 13:45:00,219.1,219.2496,219.03,219.07,6069
2022-04-05 13:50:00,219.055,219.18,218.91,218.975,5175
2022-04-05 13:55:00,218.95,219.035,218.66,218.66,4513
2022-04-05 14:00:00,218.665,219.06,218.641,218.92,5483
2022-04-05 14:05:00,218.87,218.9949,218.71,218.77,8799
2022-04-05 14:10:00,218.79,218.98,218.64,218.64,10159
2022-04-05 14:15:00,218.56,218.5631,218.331,218.4052,3216
2022-04-05 14:20:00,218.55,218.94,218.525,218.9,4208
2022-04-05 14:25:00,219.0,219.0829,218.78,218.84,6090
2022-04-05 14:30:00,218.81,218.89,218.81,218.845,600
2022-04-05 14:35:00,218.79,218.92,218.78,218.84,2985
2022-04-05 14:40:00,218.84,218.97,218.695,218.695,3184
2022-04-05 14:45:00,218.71,218.74,218.62,218.62,808
2022-04-05 14:50:00,218.73,218.9127,218.705,218.9127,1366
2022-04-05 14:55:00,218.9005,219.05,218.66,218.66,3544
2022-04-05 15:00:00,218.8,218.84,218.65,218.65,2679
2022-04-05 15:05:00,218.72,218.83,218.65,218.74,9754
2022-04-05 15:10:00,218.96,218.96,218.67,218.67,3612
2022-04-05 15:15:00,218.74,218.929,218.74,218.859,2538
2022-04-05 15:20:00,218.86,219.08,218.85,219.08,6233
2022-04-05 15:25:00,219.2,219.2,219.04,219.06,7691
2022-04-05 15:30:00,219.01,219.06,218.83,218.89,4436
2022-04-05 15:35:00,218.77,218.79,218.59,218.59,2601
2022-04-05 15:40:00,218.62,218.72,218.45,218.49,10099
2022-04-05 15:45:00,218.48,218.5,218.17,218.23,9691
2022-04-05 15:50:00,218.19,218.7,218.14,218.54,24703
2022-04-05 15:55:00,218.56,218.61,218.32,218.42,41391
2022-04-05 16:00:00,218.41,218.41,216.04,216.04,127729
2022-04-05 16:10:00,218.25,218.25,218.25,218.25,3890
2022-04-06 08:35:00,216.0,216.0,216.0,216.0,115
2022-04-06 09:30:00,218.99,220.99,218.51,218.96,22032
2022-04-06 09:35:00,219.17,219.69,218.89,219.0,6316
2022-04-06 09:40:00,218.9,219.685,218.62,219.685,3981
2022-04-06 09:45:00,219.9,220.4,219.61,220.055,9460
2022-04-06 09:50:00,220.07,220.3,219.38,219.5862,13045
2022-04-06 09:55:00,219.595,220.65,219.345,220.21,9995
2022-04-06 10:00:00,220.825,221.37,220.39,220.39,14974
2022-04-06 10:05:00,220.34,220.5,220.24,220.46,4691
2022-04-06 10:10:00,220.305,221.25,220.24,220.7,17703
2022-04-06 10:15:00,220.6,220.6,219.98,220.16,9646
2022-04-06 10:20:00,220.16,220.24,219.68,219.85,7023
2022-04-06 10:25:00,219.91,220.1,219.59,219.67,5690
2022-04-06 10:30:00,219.7647,219.92,219.4,219.89,4582
2022-04-06 10:35:00,220.03,220.08,219.84,219.9,8293
2022-04-06 10:40:00,220.005,220.04,219.43,219.4762,5649
2022-04-06 10:45:00,219.4,219.53,219.25,219.3,3924
2022-04-06 10:50:00,219.385,219.58,219.33,219.35,4590
2022-04-06 10:55:00,219.32,220.06,219.32,220.06,4863
2022-04-06 11:00:00,220.0,220.0,219.65,219.95,14921
2022-04-06 11:05:00,219.93,219.99,219.8,219.9,7913
2022-04-06 11:10:00,219.87,219.89,219.6911,219.6911,3558
2022-04-06 11:15:00,219.83,219.99,219.83,219.88,2006
2022-04-06 11:20:00,219.83,219.99,219.805,219.99,2969
2022-04-06 11:25:00,219.96,219.99,219.7986,219.7986,18780
2022-04-06 11:30:00,219.87,220.52,219.87,220.45,9963
2022-04-06 11:35:00,220.51,220.75,220.36,220.53,3927
2022-04-06 11:40:00,220.44,220.44,220.24,220.39,2830
2022-04-06 11:45:00,220.3,220.3646,220.11,220.24,4099
2022-04-06 11:50:00,220.29,220.61,220.29,220.48,2433
2022-04-06 11:55:00,220.52,220.89,220.52,220.84,2879
2022-04-06 12:00:00,220.8675,220.99,220.6,220.68,2407
2022-04-06 12:05:00,220.74,220.94,220.71,220.9,4813
2022-04-06 12:10:00,220.9,221.08,220.62,220.62,3919
2022-04-06 12:15:00,220.65,220.779,220.61,220.65,2839
2022-04-06 12:20:00,220.63,220.87,220.6,220.6,2981
2022-04-06 12:25:00,220.6395,220.83,220.55,220.75,3809
2022-04-06 12:30:00,220.78,221.04,220.7,220.9,3238
2022-04-06 12:35:00,220.95,221.1,220.84,221.02,3590
2022-04-06 12:40:00,221.06,221.09,220.95,221.09,2550
2022-04-06 12:45:00,221.14,221.46,221.04,221.22,4941
2022-04-06 12:50:00,221.16,221.16,220.8,220.84,2193
2022-04-06 12:55:00,221.03,221.07,220.73,220.99,2703
2022-04-06 13:00:00,220.97,221.1,220.95,221.1,2067
2022-04-06 13:05:00,221.08,221.205,221.04,221.0902,5105
2022-04-06 13:10:00,221.11,221.255,221.03,221.25,2769
2022-04-06 13:15:00,221.3,221.32,220.955,220.955,3548
2022-04-06 13:20:00,220.92,221.1,220.84,221.1,3360
2022-04-06 13:25:00,221.04,221.13,221.03,221.035,2003
2022-04-06 13:30:00,221.01,221.3607,221.01,221.29,3620
2022-04-06 13:35:00,221.27,221.515,221.23,221.3023,4904
2022-04-06 13:40:00,221.27,221.27,220.9818,220.9818,4989
2022-04-06 13:45:00,220.88,220.88,220.23,220.23,6932
2022-04-06 13:50:00,220.26,220.59,220.26,220.47,4810
2022-04-06 13:55:00,220.488,220.62,220.44,220.62,2192
2022-04-06 14:00:00,220.52,220.96,220.41,220.705,2780
2022-04-06 14:05:00,220.48,220.66,220.36,220.385,6625
2022-04-06 14:10:00,220.44,220.66,220.36,220.59,4459
2022-04-06 14:15:00,220.53,220.66,220.4,220.66,4007
2022-04-06 14:20:00,220.8,220.88,220.185,220.29,6038
2022-04-06 14:25:00,220.24,220.62,220.21,220.5,5623
2022-04-06 14:30:00,220.46,220.65,220.42,220.58,4066
2022-04-06 14:35:00,220.55,220.57,220.335,220.46,4666
2022-04-06 14:40:00,220.47,220.695,220.445,220.63,4200
2022-04-06 14:45:00,220.64,220.68,220.46,220.59,3036
2022-04-06 14:50:00,220.55,220.57,220.35,220.46,4435
2022-04-06 14:55:00,220.465,220.54,220.381,220.41,3226
2022-04-06 15:00:00,220.61,220.69,220.43,220.57,4566
2022-04-06 15:05:00,220.46,220.68,220.45,220.67,4426
2022-04-06 15:10:00,220.66,220.675,220.49,220.515,4547
2022-04-06 15:15:00,220.4707,220.66,220.43,220.47,5286
2022-04-06 15:20:00,220.52,220.58,220.22,220.24,3350
2022-04-06 15:25:00,220.27,220.27,220.0816,220.12,6286
2022-04-06 15:30:00,220.17,220.455,220.17,220.44,9352
2022-04-06 15:35:00,220.4,220.73,220.4,220.73,13549
2022-04-06 15:40:00,220.75,220.91,220.725,220.91,6363
2022-04-06 15:45:00,220.9,221.12,220.7,221.09,14590
2022-04-06 15:50:00,221.12,221.6,221.12,221.29,30955
2022-04-06 15:55:00,221.23,221.81,221.1301,221.75,81098
2022-04-06 16:00:00,221.75,221.75,221.75,221.75,154095
2022-04-06 16:05:00,222.0,222.0,222.0,222.0,473
2022-04-06 16:10:00,222.0,222.0,222.0,222.0,525
2022-04-06 16:15:00,222.0,222.0,222.0,222.0,562
2022-04-06 16:20:00,221.75,221.75,221.75,221.75,147
2022-04-06 17:05:00,221.75,221.75,221.75,221.75,171
2022-04-06 18:15:00,221.8,221.8,221.8,221.8,300
2022-04-07 09:30:00,221.95,222.67,221.58,221.65,18149
2022-04-07 09:35:00,222.04,222.32,221.51,222.13,7601
2022-04-07 09:40:00,222.23,222.63,222.13,222.63,11819
2022-04-07 09:45:00,222.7,223.45,222.57,223.17,6536
2022-04-07 09:50:00,223.13,223.27,222.81,223.09,5110
2022-04-07 09:55:00,223.04,223.195,222.62,222.99,34905
2022-04-07 10:00:00,223.17,223.21,222.685,222.685,1800
2022-04-07 10:05:00,222.6069,223.04,222.56,222.72,3414
2022-04-07 10:10:00,222.51,222.8599,222.325,222.55,5629
2022-04-07 10:15:00,222.545,223.265,222.545,223.03,5356
2022-04-07 10:20:00,222.97,223.1,222.41,222.65,4692
2022-04-07 10:25:00,222.56,222.56,221.9,221.9,4152
2022-04-07 10:30:00,221.66,222.2687,221.66,222.15,5416
2022-04-07 10:35:00,222.19,222.505,222.04,222.33,7682
2022-04-07 10:40:00,222.315,222.35,221.775,221.84,8265
2022-04-07 10:45:00,221.91,221.94,221.66,221.66,4212
2022-04-07 10:50:00,221.53,221.6,221.41,221.54,7301
2022-04-07 10:55:00,221.63,221.915,221.59,221.8399,4049
2022-04-07 11:00:00,221.835,221.89,221.53,221.68,7051
2022-04-07 11:05:00,221.74,222.08,221.485,221.79,6687
2022-04-07 11:10:00,221.65,222.07,221.65,222.07,3200
2022-04-07 11:15:00,222.04,222.58,222.04,222.545,5421
2022-04-07 11:20:00,222.505,222.61,221.91,221.95,7283
2022-04-07 11:25:00,221.94,222.05,221.85,221.86,2731
2022-04-07 11:30:00,221.86,221.98,221.77,221.96,2718
2022-04-07 11:35:00,221.915,222.28,221.915,222.25,3858
2022-04-07 11:40:00,222.26,222.28,222.005,222.25,4602
2022-04-07 11:45:00,222.28,223.0,222.22,222.95,3300
2022-04-07 11:50:00,223.12,223.25,223.0048,223.17,4131
2022-04-07 11:55:00,223.29,223.29,223.07,223.1,1512
2022-04-07 12:00:00,223.19,223.2702,223.1,223.195,3613
2022-04-07 12:05:00,223.185,223.24,223.1,223.1,2322
2022-04-07 12:10:00,223.0794,223.08,222.88,222.9,2104
2022-04-07 12:15:00,222.88,222.88,222.69,222.8361,3550
2022-04-07 12:20:00,222.82,223.23,222.82,223.13,2750
2022-04-07 12:25:00,223.18,223.23,223.15,223.22,1600
2022-04-07 12:30:00,223.25,223.31,222.99,223.19,3480
2022-04-07 12:35:00,223.19,223.36,222.93,223.08,5790
2022-04-07 12:40:00,223.2,223.29,223.06,223.14,8611
2022-04-07 12:45:00,223.15,223.22,223.09,223.16,2730
2022-04-07 12:50:00,223.17,223.24,222.9,222.9,11834
2022-04-07 12:55:00,222.93,223.12,222.8,222.91,4680
2022-04-07 13:00:00,222.88,222.89,222.71,222.75,4565
2022-04-07 13:05:00,222.75,222.81,222.705,222.705,1201
2022-04-07 13:10:00,222.73,222.8699,222.55,222.59,16435
2022-04-07 13:15:00,222.605,222.77,222.425,222.46,10426
2022-04-07 13:20:00,222.485,222.55,222.3,222.52,4787
2022-04-07 13:25:00,222.57,222.57,222.22,222.3699,2172
2022-04-07 13:30:00,222.37,222.41,222.25,222.28,5171
2022-04-07 13:35:00,222.33,222.545,222.19,222.47,4698
2022-04-07 13:40:00,222.51,222.575,222.425,222.5,4181
2022-04-07 13:45:00,222.6,223.01,222.5,223.01,10081
2022-04-07 13:50:00,222.98,223.04,222.65,222.69,5250
2022-04-07 13:55:00,222.665,223.07,222.575,223.07,4456
2022-04-07 14:00:00,223.01,223.085,222.675,222.72,5483
2022-04-07 14:05:00,222.735,222.85,222.66,222.725,4331
2022-04-07 14:10:00,222.76,222.959,222.75,222.95,6021
2022-04-07 14:15:00,223.0,223.26,223.0,223.2,4289
2022-04-07 14:20:00,223.19,223.3,223.075,223.075,3205
2022-04-07 14:25:00,222.99,223.13,222.95,222.95,5713
2022-04-07 14:30:00,222.98,223.15,222.89,222.92,4300
2022-04-07 14:35:00,222.905,222.905,222.71,222.745,3000
2022-04-07 14:40:00,222.84,222.87,222.74,222.77,4850
2022-04-07 14:45:00,222.8,223.01,222.77,222.98,2518
2022-04-07 14:50:00,222.93,223.05,222.8,222.85,5600
2022-04-07 14:55:00,222.86,223.32,222.86,223.31,3600
2022-04-07 15:00:00,223.28,223.286,223.055,223.13,3437
2022-04-07 15:05:00,223.09,223.25,222.98,223.25,4800
2022-04-07 15:10:00,223.265,223.3928,223.1527,223.22,4030
2022-04-07 15:15:00,223.29,223.33,223.175,223.175,3835
2022-04-07 15:20:00,223.22,223.22,222.825,222.865,7736
2022-04-07 15:25:00,222.89,222.9,222.6,222.615,8173
2022-04-07 15:30:00,222.615,222.85,222.615,222.77,9008
2022-04-07 15:35:00,222.76,222.92,222.6,222.92,11011
2022-04-07 15:40:00,222.88,223.08,222.835,223.02,10674
2022-04-07 15:45:00,223.04,223.17,222.84,223.01,13354
2022-04-07 15:50:00,222.99,223.03,222.6701,222.8488,32336
2022-04-07 15:55:00,222.84,222.919,222.56,222.75,58906
2022-04-07 16:00:00,222.71,222.71,222.71,222.71,214764
2022-04-07 16:40:00,226.6,226.6,226.6,226.6,500
2022-04-08 09:25:00,222.63,222.63,222.63,222.63,100
2022-04-08 09:30:00,223.14,223.73,222.51,222.74,16568
2022-04-08 09:35:00,222.76,222.76,222.14,222.466,9714
2022-04-08 09:40:00,222.49,222.845,221.825,221.825,5918
2022-04-08 09:45:00,221.825,222.235,220.87,222.235,14347
2022-04-08 09:50:00,222.39,223.185,222.39,222.7,6642
2022-04-08 09:55:00,222.92,223.12,222.73,222.92,6071
2022-04-08 10:00:00,223.02,223.29,222.895,223.05,4926
2022-04-08 10:05:00,223.0,223.26,222.7,222.7,3810
2022-04-08 10:10:00,222.7,222.88,222.5051,222.51,9203
2022-04-08 10:15:00,222.4403,222.61,222.13,222.24,4961
2022-04-08 10:20:00,222.34,222.34,221.51,221.51,8527
2022-04-08 10:25:00,221.47,221.7,221.1383,221.56,13576
2022-04-08 10:30:00,221.55,222.41,221.55,222.41,5890
2022-04-08 10:35:00,222.42,222.47,222.02,222.19,7386
2022-04-08 10:40:00,222.05,222.435,222.05,222.435,2790
2022-04-08 10:45:00,222.44,222.73,222.38,222.54,7434
2022-04-08 10:50:00,222.57,222.795,222.35,222.74,4901
2022-04-08 10:55:00,222.72,223.16,222.66,223.16,3760
2022-04-08 11:00:00,223.16,223.545,223.12,223.25,8951
2022-04-08 11:05:00,223.24,223.28,222.95,223.0899,5172
2022-04-08 11:10:00,223.09,223.34,223.01,223.25,9999
2022-04-08 11:15:00,223.29,223.44,223.07,223.395,12048
2022-04-08 11:20:00,223.44,223.65,223.26,223.3299,8127
2022-04-08 11:25:00,223.245,223.5789,223.07,223.46,8252
2022-04-08 11:30:00,223.57,224.04,223.57,223.93,4665
2022-04-08 11:35:00,223.8401,223.96,223.485,223.56,5134
2022-04-08 11:40:00,223.55,223.645,223.44,223.48,4344
2022-04-08 11:45:00,223.475,223.6,223.085,223.1,4698
2022-04-08 11:50:00,223.1,223.43,223.1,223.16,3570
2022-04-08 11:55:00,223.14,223.22,223.06,223.06,4577
2022-04-08 12:00:00,223.05,223.35,222.92,223.22,9803
2022-04-08 12:05:00,223.25,223.4,223.195,223.253,4452
2022-04-08 12:10:00,223.27,223.32,223.01,223.01,4534
2022-04-08 12:15:00,222.945,222.9799,222.78,222.93,4823
2022-04-08 12:20:00,222.93,223.08,222.8538,223.05,8636
2022-04-08 12:25:00,222.99,223.21,222.83,223.13,5269
2022-04-08 12:30:00,223.13,223.13,222.8664,223.0,3464
2022-04-08 12:35:00,222.99,223.11,222.98,223.0725,2275
2022-04-08 12:40:00,223.075,223.205,223.02,223.15,6291
2022-04-08 12:45:00,223.14,223.14,222.84,222.8472,3133
2022-04-08 12:50:00,222.83,223.16,222.61,223.16,9605
2022-04-08 12:55:00,223.17,223.205,222.94,223.01,4075
2022-04-08 13:00:00,223.02,223.1,222.94,223.04,3477
2022-04-08 13:05:00,223.02,223.12,222.99,223.085,3069
2022-04-08 13:10:00,223.0701,223.28,223.06,223.2397,4587
2022-04-08 13:15:00,223.25,223.35,223.11,223.35,3300
2022-04-08 13:20:00,223.41,223.47,223.3301,223.44,3300
2022-04-08 13:25:00,223.42,223.44,223.31,223.35,3096
2022-04-08 13:30:00,223.32,223.5,223.26,223.45,6195
2022-04-08 13:35:00,223.49,223.65,223.39,223.45,4313
2022-04-08 13:40:00,223.41,223.46,223.2,223.2,3380
2022-04-08 13:45:00,223.25,223.29,223.1,223.2,5540
2022-04-08 13:50:00,223.12,223.1459,222.98,223.1459,3825
2022-04-08 13:55:00,223.11,223.23,223.1,223.19,2674
2022-04-08 14:00:00,223.22,223.31,223.14,223.19,6132
2022-04-08 14:05:00,223.18,223.46,223.17,223.36,7473
2022-04-08 14:10:00,223.38,223.47,223.38,223.47,3620
2022-04-08 14:15:00,223.46,223.57,223.4,223.56,4265
2022-04-08 14:20:00,223.61,223.77,223.61,223.69,5355
2022-04-08 14:25:00,223.67,223.6954,223.4761,223.62,5366
2022-04-08 14:30:00,223.68,223.75,223.56,223.73,5222
2022-04-08 14:35:00,223.7,223.97,223.64,223.945,9655
2022-04-08 14:40:00,223.98,224.07,223.8311,223.91,8837
2022-04-08 14:45:00,223.93,224.04,223.85,224.01,10475
2022-04-08 14:50:00,224.01,224.33,224.01,224.31,8793
2022-04-08 14:55:00,224.31,224.44,224.29,224.33,10305
2022-04-08 15:00:00,224.37,224.63,224.36,224.61,9933
2022-04-08 15:05:00,224.58,224.61,224.47,224.53,9751
2022-04-08 15:10:00,224.54,224.57,224.35,224.475,11692
2022-04-08 15:15:00,224.49,224.74,224.4,224.6,8833
2022-04-08 15:20:00,224.59,224.72,224.54,224.62,9982
2022-04-08 15:25:00,224.66,224.75,224.52,224.57,12500
2022-04-08 15:30:00,224.65,224.75,224.28,224.28,17713
2022-04-08 15:35:00,224.28,224.32,224.1,224.18,14323
2022-04-08 15:40:00,224.16,224.19,223.88,224.07,16793
2022-04-08 15:45:00,224.07,224.17,223.69,223.7,24019
2022-04-08 15:50:00,223.56,223.77,223.47,223.55,28415
2022-04-08 15:55:00,223.52,223.76,223.345,223.76,63282
2022-04-08 16:00:00,223.72,223.72,223.72,223.72,124233
2022-04-08 17:20:00,223.6,223.6,223.6,223.6,185
2022-04-11 08:25:00,226.5703,226.5703,226.5703,226.5703,100
2022-04-11 09:30:00,224.93,226.45,224.93,226.215,22019
2022-04-11 09:35:00,226.16,226.165,224.63,224.75,5451
2022-04-11 09:40:00,224.8,224.86,224.4,224.4,2039
2022-04-11 09:45:00,224.55,224.55,223.94,224.5,9533
2022-04-11 09:50:00,224.63,225.02,224.27,224.98,7800
2022-04-11 09:55:00,224.98,225.27,224.38,224.54,5873
2022-04-11 10:00:00,224.76,224.93,223.865,224.45,2865
2022-04-11 10:05:00,224.54,224.74,223.73,223.73,5255
2022-04-11 10:10:00,223.73,223.999,223.62,223.77,2758
2022-04-11 10:15:00,223.79,223.97,223.6,223.7645,3989
2022-04-11 10:20:00,223.79,223.94,223.28,223.865,3875
2022-04-11 10:25:00,223.58,224.18,223.53,224.18,1767
2022-04-11 10:30:00,224.03,224.08,223.18,223.1899,2348
2022-04-11 10:35:00,223.38,223.61,223.26,223.59,8573
2022-04-11 10:40:00,223.93,223.93,223.63,223.725,10708
2022-04-11 10:45:00,223.75,224.0,223.65,223.71,12737
2022-04-11 10:50:00,223.72,223.77,223.58,223.61,8811
2022-04-11 10:55:00,223.56,223.705,223.16,223.705,10059
2022-04-11 11:00:00,223.76,223.95,223.275,223.335,9282
2022-04-11 11:05:00,223.35,223.48,222.69,223.14,8443
2022-04-11 11:10:00,223.1,223.48,222.88,223.47,4004
2022-04-11 11:15:00,223.59,223.6149,222.9,223.14,5742
2022-04-11 11:20:00,223.19,223.37,222.94,223.2401,6921
2022-04-11 11:25:00,223.24,223.6,223.02,223.6,6175
2022-04-11 11:30:00,223.415,223.96,223.22,223.78,5054
2022-04-11 11:35:00,223.8,223.8,222.94,222.97,3984
2022-04-11 11:40:00,222.925,223.21,222.925,223.19,4986
2022-04-11 11:45:00,223.22,223.57,223.115,223.51,5221
2022-04-11 11:50:00,223.52,223.72,223.33,223.41,3600
2022-04-11 11:55:00,223.43,223.72,223.38,223.63,2230
2022-04-11 12:00:00,223.6,223.72,223.24,223.24,3193
2022-04-11 12:05:00,223.26,223.5399,223.26,223.43,3125
2022-04-11 12:10:00,223.42,223.6734,223.315,223.6734,4897
2022-04-11 12:15:00,223.78,223.91,223.65,223.91,2217
2022-04-11 12:20:00,223.85,223.85,223.635,223.71,4402
2022-04-11 12:25:00,223.49,223.88,223.49,223.74,3224
2022-04-11 12:30:00,223.77,223.82,223.68,223.82,2100
2022-04-11 12:35:00,223.74,223.789,223.63,223.789,2600
2022-04-11 12:40:00,223.73,223.93,223.59,223.59,3515
2022-04-11 12:45:00,223.56,223.96,223.43,223.93,2258
2022-04-11 12:50:00,223.865,223.9,223.76,223.9,1275
2022-04-11 12:55:00,223.83,223.83,223.65,223.7,1969
2022-04-11 13:00:00,223.71,223.85,223.56,223.56,1100
2022-04-11 13:05:00,223.62,223.93,223.57,223.68,3636
2022-04-11 13:10:00,223.76,223.91,223.76,223.88,1320
2022-04-11 13:15:00,223.86,224.05,223.77,223.79,2414
2022-04-11 13:20:00,223.76,223.77,223.43,223.43,1700
2022-04-11 13:25:00,223.24,223.39,222.95,223.01,3300
2022-04-11 13:30:00,222.89,223.09,222.8,222.94,2203
2022-04-11 13:35:00,222.98,223.23,222.81,223.23,4181
2022-04-11 13:40:00,223.3,223.49,223.22,223.39,4016
2022-04-11 13:45:00,223.37,223.89,223.37,223.86,2605
2022-04-11 13:50:00,223.78,223.78,223.5375,223.58,1385
2022-04-11 13:55:00,223.58,223.73,223.4,223.73,2285
2022-04-11 14:00:00,223.61,223.66,223.36,223.43,4465
2022-04-11 14:05:00,223.46,223.76,223.46,223.76,1951
2022-04-11 14:10:00,223.76,223.81,223.43,223.5,2501
2022-04-11 14:15:00,223.3798,223.78,223.3798,223.72,3625
2022-04-11 14:20:00,223.74,223.9,223.62,223.705,1300
2022-04-11 14:25:00,223.8,223.835,223.62,223.7,1712
2022-04-11 14:30:00,223.83,223.85,223.53,223.84,1400
2022-04-11 14:35:00,223.69,224.02,223.64,223.91,3560
2022-04-11 14:40:00,223.99,224.13,223.89,223.98,2600
2022-04-11 14:45:00,223.96,224.03,223.82,223.97,2588
2022-04-11 14:50:00,224.055,224.245,223.98,224.06,3849
2022-04-11 14:55:00,224.01,224.26,224.0,224.26,3218
2022-04-11 15:00:00,224.23,224.51,224.12,224.26,4925
2022-04-11 15:05:00,224.185,224.41,224.12,224.41,1300
2022-04-11 15:10:00,224.4,224.41,224.09,224.31,9936
2022-04-11 15:15:00,224.2,224.26,223.96,224.2,7507
2022-04-11 15:20:00,224.12,224.33,224.07,224.13,4083
2022-04-11 15:25:00,224.16,224.32,223.86,223.86,4821
2022-04-11 15:30:00,223.74,223.98,223.71,223.87,4833
2022-04-11 15:35:00,223.85,224.125,223.78,224.11,4911
2022-04-11 15:40:00,224.17,224.43,224.07,224.22,9491
2022-04-11 15:45:00,224.2695,224.335,224.02,224.02,13093
2022-04-11 15:50:00,224.09,224.37,223.69,223.86,12802
2022-04-11 15:55:00,223.9,224.01,223.74,223.93,29420
2022-04-11 16:00:00,223.93,223.93,223.93,223.93,116465
2022-04-11 19:05:00,225.0,225.0,225.0,225.0,250
2022-04-12 09:30:00,224.04,224.88,222.53,224.58,30355
2022-04-12 09:35:00,224.1401,225.57,223.93,225.28,13172
2022-04-12 09:40:00,224.96,225.59,224.275,224.855,13104
2022-04-12 09:45:00,225.01,225.78,224.0526,225.32,14278
2022-04-12 09:50:00,225.24,225.81,224.78,225.02,10613
2022-04-12 09:55:00,225.06,225.39,224.68,224.94,6717
2022-04-12 10:00:00,224.92,224.98,223.805,224.22,7153
2022-04-12 10:05:00,224.29,224.29,223.41,223.98,11301
2022-04-12 10:10:00,223.8,224.7,223.74,224.445,6015
2022-04-12 10:15:00,224.537,224.96,224.15,224.385,8405
2022-04-12 10:20:00,224.385,224.815,224.28,224.622,7471
2022-04-12 10:25:00,224.5,224.98,224.305,224.77,7533
2022-04-12 10:30:00,225.01,225.09,224.32,224.47,7110
2022-04-12 10:35:00,224.49,225.0,224.49,224.88,16508
2022-04-12 10:40:00,224.88,225.39,224.83,225.2,8991
2022-04-12 10:45:00,225.33,225.72,224.81,225.33,16161
2022-04-12 10:50:00,225.385,225.73,225.28,225.595,7484
2022-04-12 10:55:00,225.61,225.8,225.18,225.48,6223
2022-04-12 11:00:00,225.59,225.9477,225.29,225.9477,7219
2022-04-12 11:05:00,225.895,226.09,225.5,225.715,10885
2022-04-12 11:10:00,225.63,225.84,225.29,225.765,13033
2022-04-12 11:15:00,225.64,226.24,225.63,226.24,8182
2022-04-12 11:20:00,226.255,226.57,225.85,225.92,7833
2022-04-12 11:25:00,226.16,226.39,226.0,226.27,4331
2022-04-12 11:30:00,226.3,226.63,226.16,226.46,5749
2022-04-12 11:35:00,226.68,226.86,226.45,226.45,6005
2022-04-12 11:40:00,226.51,226.74,226.37,226.37,8063
2022-04-12 11:45:00,226.43,226.9362,226.3,226.9362,5976
2022-04-12 11:50:00,226.95,226.95,226.6801,226.79,6621
2022-04-12 11:55:00,226.89,227.105,226.89,226.93,5013
2022-04-12 12:00:00,227.01,227.36,226.92,227.2,3620
2022-04-12 12:05:00,227.05,227.44,227.05,227.19,8447
2022-04-12 12:10:00,227.22,227.52,227.11,227.52,7675
2022-04-12 12:15:00,227.6,227.68,226.88,226.88,6444
2022-04-12 12:20:00,226.885,227.08,226.84,226.92,4403
2022-04-12 12:25:00,226.88,226.89,226.38,226.63,7958
2022-04-12 12:30:00,226.54,226.87,226.54,226.655,5430
2022-04-12 12:35:00,226.7,226.88,226.34,226.39,17057
2022-04-12 12:40:00,226.42,226.42,226.14,226.26,6190
2022-04-12 12:45:00,226.26,226.61,226.26,226.555,11375
2022-04-12 12:50:00,226.5,226.524,226.11,226.17,9156
2022-04-12 12:55:00,226.16,226.3,225.95,225.99,5476
2022-04-12 13:00:00,225.97,226.01,225.81,225.81,2100
2022-04-12 13:05:00,225.9,225.96,225.73,225.895,4058
2022-04-12 13:10:00,225.92,226.4,225.91,226.08,8605
2022-04-12 13:15:00,226.0192,226.86,226.0192,226.44,6878
2022-04-12 13:20:00,226.46,226.52,226.245,226.334,6562
2022-04-12 13:25:00,226.27,226.27,225.99,226.18,3683
2022-04-12 13:30:00,226.0,226.5,225.95,226.3021,7640
2022-04-12 13:35:00,226.365,226.4,226.1,226.19,3234
2022-04-12 13:40:00,226.18,226.31,225.93,226.2143,4655
2022-04-12 13:45:00,226.15,226.22,226.04,226.085,4063
2022-04-12 13:50:00,226.02,226.07,225.91,226.01,3833
2022-04-12 13:55:00,225.94,225.955,225.76,225.905,2537
2022-04-12 14:00:00,225.85,226.12,225.8,226.04,5318
2022-04-12 14:05:00,225.98,226.08,225.7,225.91,7522
2022-04-12 14:10:00,225.99,226.29,225.77,226.16,3428
2022-04-12 14:15:00,226.16,226.27,226.05,226.12,1907
2022-04-12 14:20:00,226.38,226.53,226.31,226.41,5098
2022-04-12 14:25:00,226.43,226.75,226.39,226.51,5748
2022-04-12 14:30:00,226.62,226.65,226.48,226.57,3146
2022-04-12 14:35:00,226.6,226.78,226.34,226.525,13277
2022-04-12 14:40:00,226.46,226.46,226.195,226.24,7345
2022-04-12 14:45:00,226.34,226.62,226.34,226.42,6915
2022-04-12 14:50:00,226.33,226.565,226.31,226.5575,5310
2022-04-12 14:55:00,226.55,226.72,226.48,226.63,7572
2022-04-12 15:00:00,226.62,226.67,226.44,226.45,5155
2022-04-12 15:05:00,226.47,226.505,226.11,226.16,6010
2022-04-12 15:10:00,226.19,226.2,226.0098,226.09,5231
2022-04-12 15:15:00,226.16,226.2,225.9,226.0558,8283
2022-04-12 15:20:00,226.055,226.16,225.93,226.12,7152
2022-04-12 15:25:00,226.1,226.1,225.89,226.02,4373
2022-04-12 15:30:00,225.965,226.1199,225.66,225.706,26451
2022-04-12 15:35:00,225.66,226.23,225.61,226.22,10324
2022-04-12 15:40:00,226.22,226.23,226.02,226.12,11776
2022-04-12 15:45:00,226.04,226.23,225.81,225.94,19824
2022-04-12 15:50:00,225.92,226.11,225.69,225.87,27463
2022-04-12 15:55:00,225.91,226.4,225.91,226.02,43745
2022-04-12 16:00:00,226.02,226.02,226.02,226.02,104196
2022-04-12 16:20:00,226.35,226.35,226.35,226.35,200
2022-04-12 16:25:00,226.45,226.45,226.45,226.45,100
2022-04-12 16:35:00,226.2,226.2,226.2,226.2,100
2022-04-12 19:05:00,225.41,226.1,225.41,226.1,333
2022-04-13 09:30:00,225.72,227.49,225.45,227.04,11632
2022-04-13 09:35:00,226.88,226.88,225.86,225.965,6237
2022-04-13 09:40:00,225.7655,226.69,225.715,225.96,7190
2022-04-13 09:45:00,225.77,225.94,225.0,225.5,10767
2022-04-13 09:50:00,225.61,225.8899,225.22,225.33,6268
2022-04-13 09:55:00,225.14,225.29,224.6701,224.965,6279
2022-04-13 10:00:00,224.99,225.26,224.46,224.46,5775
2022-04-13 10:05:00,224.36,224.48,223.73,223.734,7527
2022-04-13 10:10:00,223.43,224.11,223.36,223.94,4574
2022-04-13 10:15:00,223.77,224.13,223.53,223.74,8518
2022-04-13 10:20:00,223.89,223.89,223.18,223.18,11671
2022-04-13 10:25:00,223.1902,223.66,223.05,223.56,5366
2022-04-13 10:30:00,223.48,223.82,223.48,223.76,2959
2022-04-13 10:35:00,223.895,224.17,223.48,223.525,4454
2022-04-13 10:40:00,223.58,223.58,223.0601,223.175,4264
2022-04-13 10:45:00,223.24,223.35,223.18,223.295,3153
2022-04-13 10:50:00,223.29,223.645,223.29,223.645,4897
2022-04-13 10:55:00,223.67,224.16,223.665,223.975,7718
2022-04-13 11:00:00,223.9,224.11,223.8,224.11,7961
2022-04-13 11:05:00,224.05,224.19,223.58,223.615,7392
2022-04-13 11:10:00,223.66,223.685,223.445,223.5,7177
2022-04-13 11:15:00,223.43,223.73,223.33,223.5,6810
2022-04-13 11:20:00,223.4,223.4,223.14,223.26,2872
2022-04-13 11:25:00,223.3,223.86,223.3,223.7,6124
2022-04-13 11:30:00,223.74,223.78,223.57,223.66,6357
2022-04-13 11:35:00,223.66,223.94,223.66,223.88,3960
2022-04-13 11:40:00,223.77,223.82,223.63,223.65,5961
2022-04-13 11:45:00,223.59,223.59,223.24,223.2598,4152
2022-04-13 11:50:00,223.25,223.44,223.22,223.44,3493
2022-04-13 11:55:00,223.34,223.34,223.06,223.12,5018
2022-04-13 12:00:00,223.17,223.38,223.17,223.38,2066
2022-04-13 12:05:00,223.38,223.66,223.325,223.65,2517
2022-04-13 12:10:00,223.78,223.79,223.57,223.62,6948
2022-04-13 12:15:00,223.66,224.06,223.66,223.9908,4047
2022-04-13 12:20:00,224.02,224.1596,223.92,223.9615,8647
2022-04-13 12:25:00,223.935,224.01,223.77,223.84,4977
2022-04-13 12:30:00,223.86,224.02,223.79,223.93,2910
2022-04-13 12:35:00,223.97,224.0616,223.71,223.71,4682
2022-04-13 12:40:00,223.64,223.85,223.63,223.85,3108
2022-04-13 12:45:00,223.8,224.01,223.8,223.892,3148
2022-04-13 12:50:00,223.88,223.92,223.8,223.8,2855
2022-04-13 12:55:00,223.82,223.89,223.75,223.805,1454
2022-04-13 13:00:00,223.85,224.11,223.83,224.0,3264
2022-04-13 13:05:00,223.97,224.2,223.97,224.175,4292
2022-04-13 13:10:00,224.13,224.19,223.95,223.95,7310
2022-04-13 13:15:00,223.86,224.155,223.8201,224.095,4698
2022-04-13 13:20:00,224.12,224.16,223.91,223.97,4276
2022-04-13 13:25:00,223.93,224.07,223.9,224.01,6150
2022-04-13 13:30:00,224.045,224.1754,223.965,224.02,5109
2022-04-13 13:35:00,224.03,224.2,223.88,224.2,3344
2022-04-13 13:40:00,224.25,224.39,224.195,224.2683,4499
2022-04-13 13:45:00,224.37,224.37,224.18,224.3472,2804
2022-04-13 13:50:00,224.29,224.41,224.22,224.3,4250
2022-04-13 13:55:00,224.36,224.58,224.335,224.53,4713
2022-04-13 14:00:00,224.51,224.6825,224.42,224.55,4631
2022-04-13 14:05:00,224.52,224.72,224.52,224.63,3448
2022-04-13 14:10:00,224.65,224.795,224.57,224.795,3684
2022-04-13 14:15:00,224.74,225.06,224.725,225.01,2621
2022-04-13 14:20:00,225.01,225.05,224.84,224.94,5916
2022-04-13 14:25:00,224.92,224.94,224.76,224.8,3296
2022-04-13 14:30:00,224.835,224.89,224.76,224.79,3026
2022-04-13 14:35:00,224.825,225.0,224.825,225.0,4688
2022-04-13 14:40:00,224.95,225.23,224.95,225.23,1876
2022-04-13 14:45:00,225.17,225.37,225.17,225.31,4414
2022-04-13 14:50:00,225.36,225.39,225.185,225.185,3633
2022-04-13 14:55:00,225.25,225.33,225.1999,225.29,2640
2022-04-13 15:00:00,225.34,225.35,225.25,225.32,2106
2022-04-13 15:05:00,225.325,225.56,225.325,225.56,4927
2022-04-13 15:10:00,225.579,225.77,225.54,225.67,3924
2022-04-13 15:15:00,225.62,225.7,225.55,225.59,5249
2022-04-13 15:20:00,225.59,225.6299,225.5001,225.59,4385
2022-04-13 15:25:00,225.61,225.67,225.475,225.51,6512
2022-04-13 15:30:00,225.5,225.61,225.4,225.5625,8974
2022-04-13 15:35:00,225.57,225.68,225.47,225.645,6740
2022-04-13 15:40:00,225.67,225.76,225.5,225.67,9447
2022-04-13 15:45:00,225.68,225.77,225.56,225.76,13888
2022-04-13 15:50:00,225.75,225.75,225.44,225.44,21733
2022-04-13 15:55:00,225.43,225.65,225.36,225.57,64850
2022-04-13 16:00:00,225.58,225.58,225.58,225.58,96289
2022-04-13 17:10:00,225.58,225.58,225.58,225.58,126
2022-04-14 09:30:00,226.31,227.105,225.01,226.0,25248
2022-04-14 09:35:00,226.5,227.04,226.11,226.4,2950
2022-04-14 09:40:00,226.3,226.61,226.0,226.51,5576
2022-04-14 09:45:00,226.3,226.59,226.09,226.185,6222
2022-04-14 09:50:00,226.18,226.44,225.63,225.89,2531
2022-04-14 09:55:00,225.825,226.015,225.59,225.59,3164
2022-04-14 10:00:00,225.59,225.92,225.59,225.86,2785
2022-04-14 10:05:00,225.94,226.15,225.6,225.85,5225
2022-04-14 10:10:00,225.78,225.78,225.51,225.54,701
2022-04-14 10:15:00,225.54,226.0,225.54,225.6801,3700
2022-04-14 10:20:00,225.98,226.25,225.93,225.93,2408
2022-04-14 10:25:00,226.12,226.12,225.99,226.015,1600
2022-04-14 10:30:00,226.08,226.25,225.855,226.04,2936
2022-04-14 10:35:00,226.02,226.2,225.9001,226.11,2901
2022-04-14 10:40:00,226.13,226.63,226.13,226.58,3889
2022-04-14 10:45:00,226.6,227.1,226.6,226.89,6473
2022-04-14 10:50:00,226.92,226.9799,226.71,226.81,2172
2022-04-14 10:55:00,226.94,227.0,226.705,226.705,4476
2022-04-14 11:00:00,226.75,226.8,226.3201,226.53,4369
2022-04-14 11:05:00,226.45,226.535,226.18,226.535,3731
2022-04-14 11:10:00,226.58,226.61,226.19,226.2,3739
2022-04-14 11:15:00,226.2,226.34,226.0,226.16,4253
2022-04-14 11:20:00,226.16,226.33,225.86,226.33,11973
2022-04-14 11:25:00,226.39,226.91,226.39,226.82,8922
2022-04-14 11:30:00,226.97,227.0,226.75,226.75,2677
2022-04-14 11:35:00,226.79,226.99,226.79,226.87,2312
2022-04-14 11:40:00,226.83,227.0506,226.83,226.94,2085
2022-04-14 11:45:00,226.94,227.015,226.8,226.8,1801
2022-04-14 11:50:00,226.79,226.95,226.73,226.9,2327
2022-04-14 11:55:00,226.81,227.0164,226.81,226.99,2088
2022-04-14 12:00:00,226.95,227.38,226.95,227.295,2561
2022-04-14 12:05:00,227.35,227.7,227.2,227.65,7476
2022-04-14 12:10:00,227.75,227.9,227.345,227.38,6382
2022-04-14 12:15:00,227.37,227.37,226.95,226.96,10876
2022-04-14 12:20:00,226.92,226.9899,226.83,226.835,1873
2022-04-14 12:25:00,226.9054,227.105,226.8801,227.005,3579
2022-04-14 12:30:00,227.005,227.0799,226.74,226.74,3478
2022-04-14 12:35:00,226.7,226.9,226.7,226.85,2722
2022-04-14 12:40:00,226.9,226.9,226.75,226.8499,1689
2022-04-14 12:45:00,226.85,226.93,226.76,226.9,2410
2022-04-14 12:50:00,227.01,227.14,226.935,226.935,1500
2022-04-14 12:55:00,226.85,227.1,226.85,226.99,2834
2022-04-14 13:00:00,227.01,227.0199,226.81,226.81,1771
2022-04-14 13:05:00,226.72,226.89,226.6,226.89,2000
2022-04-14 13:10:00,226.92,227.1,226.9,226.97,3952
2022-04-14 13:15:00,226.975,227.005,226.79,226.795,4657
2022-04-14 13:20:00,226.775,226.9699,226.46,226.58,4458
2022-04-14 13:25:00,226.585,226.6,226.38,226.52,5626
2022-04-14 13:30:00,226.52,226.715,226.52,226.715,2833
2022-04-14 13:35:00,226.68,226.815,226.645,226.7535,2374
2022-04-14 13:40:00,226.735,227.055,226.735,227.055,2752
2022-04-14 13:45:00,227.065,227.11,226.9601,227.11,1200
2022-04-14 13:50:00,227.08,227.36,227.08,227.36,1043
2022-04-14 13:55:00,227.38,227.63,227.37,227.63,4042
2022-04-14 14:00:00,227.52,228.1725,227.52,228.1725,14204
2022-04-14 14:05:00,228.025,228.46,227.98,228.29,14756
2022-04-14 14:10:00,228.165,228.165,227.815,227.96,2823
2022-04-14 14:15:00,227.82,228.4,227.805,228.33,13445
2022-04-14 14:20:00,228.27,228.27,227.85,227.875,5258
2022-04-14 14:25:00,227.8199,228.03,227.665,227.88,2403
2022-04-14 14:30:00,228.025,228.11,227.66,227.7825,2737
2022-04-14 14:35:00,227.8,228.01,227.8,227.85,2558
2022-04-14 14:40:00,227.8035,227.89,227.68,227.81,2400
2022-04-14 14:45:00,227.78,227.9,227.685,227.875,1454
2022-04-14 14:50:00,227.855,227.855,227.54,227.54,3482
2022-04-14 14:55:00,227.6258,227.6258,227.21,227.21,13158
2022-04-14 15:00:00,227.17,227.17,226.87,226.915,7140
2022-04-14 15:05:00,226.9599,226.9599,226.63,226.63,7982
2022-04-14 15:10:00,226.59,226.6842,226.55,226.58,6162
2022-04-14 15:15:00,226.575,226.855,226.565,226.77,6924
2022-04-14 15:20:00,226.81,226.85,226.7,226.75,3888
2022-04-14 15:25:00,226.73,226.81,226.69,226.785,5357
2022-04-14 15:30:00,226.75,226.89,226.51,226.57,8741
2022-04-14 15:35:00,226.5301,226.835,226.485,226.6,7299
2022-04-14 15:40:00,226.56,226.74,226.5,226.685,8755
2022-04-14 15:45:00,226.67,226.75,226.4,226.47,12332
2022-04-14 15:50:00,226.47,226.47,226.0877,226.26,29709
2022-04-14 15:55:00,226.27,226.3,225.74,226.06,71983
2022-04-14 16:00:00,225.98,225.98,225.98,225.98,131329
2022-04-14 16:20:00,225.98,225.98,225.98,225.98,333
