2022-04-01 05:35:00,130.25,130.25,130.25,130.25,200
2022-04-01 07:40:00,130.5,130.5,130.5,130.5,862
2022-04-01 08:00:00,130.5,130.83,130.5,130.83,200
2022-04-01 08:35:00,130.02,130.02,130.02,130.02,1100
2022-04-01 09:10:00,130.55,130.55,130.55,130.55,169
2022-04-01 09:25:00,130.2,130.2,129.83,129.83,710
2022-04-01 09:30:00,129.66,129.97,129.36,129.4125,115997
2022-04-01 09:35:00,129.4,129.895,129.39,129.64,39077
2022-04-01 09:40:00,129.6267,129.645,129.1379,129.47,51627
2022-04-01 09:45:00,129.47,129.76,129.32,129.72,35863
2022-04-01 09:50:00,129.73,129.8701,129.58,129.58,19162
2022-04-01 09:55:00,129.59,129.705,129.46,129.56,39494
2022-04-01 10:00:00,129.57,129.72,129.41,129.49,24460
2022-04-01 10:05:00,129.5,129.56,129.28,129.34,31128
2022-04-01 10:10:00,129.32,129.48,129.21,129.33,29305
2022-04-01 10:15:00,129.33,129.4031,129.17,129.245,25721
2022-04-01 10:20:00,129.245,129.305,128.81,128.81,73013
2022-04-01 10:25:00,128.82,128.93,128.7,128.8,42101
2022-04-01 10:30:00,128.8,128.9,128.69,128.78,44441
2022-04-01 10:35:00,128.77,128.77,128.32,128.425,60144
2022-04-01 10:40:00,128.44,128.58,128.285,128.31,23342
2022-04-01 10:45:00,128.32,128.46,128.231,128.33,35096
2022-04-01 10:50:00,128.3,128.6489,128.3,128.56,27129
2022-04-01 10:55:00,128.565,128.64,128.475,128.6,23280
2022-04-01 11:00:00,128.6,128.63,128.4784,128.55,33030
2022-04-01 11:05:00,128.54,128.84,128.53,128.69,48921
2022-04-01 11:10:00,128.69,128.83,128.64,128.83,14954
2022-04-01 11:15:00,128.83,128.86,128.69,128.79,21983
2022-04-01 11:20:00,128.79,128.95,128.662,128.94,26029
2022-04-01 11:25:00,128.97,129.23,128.97,129.035,27031
2022-04-01 11:30:00,129.05,129.1,128.97,128.995,19613
2022-04-01 11:35:00,128.99,129.025,128.88,128.8942,14618
2022-04-01 11:40:00,128.85,128.8611,128.62,128.62,8091
2022-04-01 11:45:00,128.6,128.66,128.525,128.54,15507
2022-04-01 11:50:00,128.545,128.73,128.5,128.73,13769
2022-04-01 11:55:00,128.71,128.79,128.61,128.67,12243
2022-04-01 12:00:00,128.66,128.7,128.59,128.67,17635
2022-04-01 12:05:00,128.66,128.66,128.34,128.44,14743
2022-04-01 12:10:00,128.45,128.46,128.2,128.33,53897
2022-04-01 12:15:00,128.33,128.35,128.17,128.22,22881
2022-04-01 12:20:00,128.21,128.22,128.06,128.15,20296
2022-04-01 12:25:00,128.165,128.35,128.161,128.325,17224
2022-04-01 12:30:00,128.3319,128.38,128.2101,128.36,17839
2022-04-01 12:35:00,128.35,128.625,128.32,128.57,44801
2022-04-01 12:40:00,128.55,129.1,128.5,129.01,107279
2022-04-01 12:45:00,129.02,129.07,128.94,129.021,20504
2022-04-01 12:50:00,129.0,129.03,128.86,129.0,24133
2022-04-01 12:55:00,128.99,129.07,128.97,129.02,14119
2022-04-01 13:00:00,129.025,129.065,128.9395,129.04,13053
2022-04-01 13:05:00,129.06,129.1499,129.02,129.04,10783
2022-04-01 13:10:00,129.025,129.05,128.995,129.05,14045
2022-04-01 13:15:00,129.04,129.04,128.93,128.96,12792
2022-04-01 13:20:00,128.98,128.9999,128.78,128.97,24631
2022-04-01 13:25:00,128.985,129.05,128.94,128.95,13953
2022-04-01 13:30:00,128.94,128.98,128.8295,128.845,21484
2022-04-01 13:35:00,128.8404,129.095,128.84,129.095,30065
2022-04-01 13:40:00,129.11,129.14,128.955,128.98,15259
2022-04-01 13:45:00,129.0,129.06,128.95,129.06,14472
2022-04-01 13:50:00,129.06,129.17,129.028,129.16,16017
2022-04-01 13:55:00,129.14,129.2001,129.12,129.17,31690
2022-04-01 14:00:00,129.175,129.52,129.175,129.515,24115
2022-04-01 14:05:00,129.5214,129.6,129.3501,129.42,112920
2022-04-01 14:10:00,129.42,129.5899,129.36,129.5,36850
2022-04-01 14:15:00,129.49,129.5488,129.4,129.41,7931
2022-04-01 14:20:00,129.42,129.5297,129.41,129.45,11497
2022-04-01 14:25:00,129.47,129.62,129.42,129.62,20833
2022-04-01 14:30:00,129.6,129.73,129.58,129.68,9869
2022-04-01 14:35:00,129.689,129.71,129.5875,129.64,7806
2022-04-01 14:40:00,129.64,129.71,129.58,129.68,11762
2022-04-01 14:45:00,129.67,129.73,129.585,129.595,17343
2022-04-01 14:50:00,129.59,129.69,129.56,129.63,18072
2022-04-01 14:55:00,129.63,129.675,129.46,129.52,25464
2022-04-01 15:00:00,129.5,129.68,129.46,129.62,10571
2022-04-01 15:05:00,129.63,129.72,129.58,129.625,10360
2022-04-01 15:10:00,129.64,129.66,129.52,129.62,15069
2022-04-01 15:15:00,129.61,129.68,129.52,129.53,17247
2022-04-01 15:20:00,129.52,129.625,129.48,129.61,14074
2022-04-01 15:25:00,129.6,129.68,129.585,129.68,13254
2022-04-01 15:30:00,129.68,129.74,129.57,129.59,23717
2022-04-01 15:35:00,129.605,129.66,129.55,129.64,25339
2022-04-01 15:40:00,129.62,129.76,129.56,129.66,29913
2022-04-01 15:45:00,129.66,129.74,129.575,129.7141,51613
2022-04-01 15:50:00,129.73,130.11,129.73,129.99,93346
2022-04-01 15:55:00,129.985,130.27,129.94,130.11,210533
2022-04-01 16:00:00,130.15,130.15,130.15,130.15,656551
2022-04-01 16:05:00,130.15,130.15,129.35,129.35,493
2022-04-01 16:10:00,130.1,130.1,130.1,130.1,147
2022-04-01 16:25:00,130.0,130.0,130.0,130.0,400
2022-04-01 16:30:00,130.14,130.14,130.0,130.0,2125
2022-04-01 16:35:00,130.15,130.15,130.15,130.15,2079
2022-04-01 16:40:00,130.0,130.0,130.0,130.0,285
2022-04-01 17:10:00,130.14,130.15,130.14,130.15,1186
2022-04-01 17:35:00,129.7392,129.7392,129.7392,129.7392,100
2022-04-01 17:45:00,130.0,130.0,130.0,130.0,102
2022-04-01 19:55:00,130.37,130.37,130.37,130.37,333
2022-04-04 04:00:00,130.0,130.0,130.0,130.0,101
2022-04-04 07:20:00,130.25,130.4,130.25,130.26,747
2022-04-04 08:00:00,130.2101,130.2101,130.2101,130.2101,100
2022-04-04 08:25:00,130.11,130.11,130.11,130.11,900
2022-04-04 09:25:00,130.49,130.5,130.49,130.5,600
2022-04-04 09:30:00,130.26,130.45,129.4,129.55,110243
2022-04-04 09:35:00,129.48,129.53,128.93,128.9541,53664
2022-04-04 09:40:00,128.9982,129.5685,128.95,129.38,50342
2022-04-04 09:45:00,129.4,129.54,129.32,129.45,23879
2022-04-04 09:50:00,129.45,129.62,129.34,129.57,20437
2022-04-04 09:55:00,129.58,129.96,129.55,129.75,16955
2022-04-04 10:00:00,129.69,130.135,129.65,130.135,14748
2022-04-04 10:05:00,130.14,130.18,129.36,129.36,29339
2022-04-04 10:10:00,129.38,129.43,129.23,129.35,21862
2022-04-04 10:15:00,129.34,129.5525,129.25,129.5525,9501
2022-04-04 10:20:00,129.54,129.87,129.49,129.86,9210
2022-04-04 10:25:00,129.9,130.14,129.83,130.1,23647
2022-04-04 10:30:00,130.1,130.1,129.83,129.8501,37865
2022-04-04 10:35:00,129.8998,129.8998,129.38,129.45,28040
2022-04-04 10:40:00,129.48,129.71,129.46,129.54,18290
2022-04-04 10:45:00,129.6,129.86,129.58,129.8,14071
2022-04-04 10:50:00,129.8,129.84,129.62,129.6232,20478
2022-04-04 10:55:00,129.62,129.73,129.62,129.63,18577
2022-04-04 11:00:00,129.63,129.8,129.54,129.679,12915
2022-04-04 11:05:00,129.6313,129.77,129.5701,129.62,15496
2022-04-04 11:10:00,129.58,129.69,129.52,129.68,12421
2022-04-04 11:15:00,129.63,129.82,129.58,129.815,11619
2022-04-04 11:20:00,129.79,129.8,129.67,129.68,12042
2022-04-04 11:25:00,129.67,129.68,129.47,129.6799,12562
2022-04-04 11:30:00,129.66,129.75,129.59,129.75,9275
2022-04-04 11:35:00,129.7231,129.742,129.58,129.705,7663
2022-04-04 11:40:00,129.7,129.7289,129.62,129.66,16058
2022-04-04 11:45:00,129.68,129.9,129.6701,129.85,10126
2022-04-04 11:50:00,129.88,129.93,129.79,129.91,8725
2022-04-04 11:55:00,129.905,130.0,129.895,129.99,9797
2022-04-04 12:00:00,130.015,130.07,129.9,129.924,13217
2022-04-04 12:05:00,129.93,130.05,129.93,129.94,12382
2022-04-04 12:10:00,129.94,130.015,129.94,129.97,6743
2022-04-04 12:15:00,129.97,129.97,129.84,129.88,11521
2022-04-04 12:20:00,129.88,129.9,129.71,129.74,8594
2022-04-04 12:25:00,129.76,129.8,129.72,129.77,12536
2022-04-04 12:30:00,129.77,129.91,129.77,129.85,22592
2022-04-04 12:35:00,129.835,129.835,129.63,129.7,31960
2022-04-04 12:40:00,129.67,129.6817,129.5632,129.6,7176
2022-04-04 12:45:00,129.6,129.73,129.57,129.71,9309
2022-04-04 12:50:00,129.69,129.77,129.67,129.73,17091
2022-04-04 12:55:00,129.725,129.87,129.6921,129.82,16775
2022-04-04 13:00:00,129.79,129.92,129.7868,129.87,6996
2022-04-04 13:05:00,129.855,129.91,129.81,129.84,11502
2022-04-04 13:10:00,129.83,129.89,129.77,129.79,11908
2022-04-04 13:15:00,129.76,129.8479,129.72,129.83,9452
2022-04-04 13:20:00,129.83,129.89,129.8067,129.83,6851
2022-04-04 13:25:00,129.86,129.94,129.8423,129.925,5530
2022-04-04 13:30:00,129.91,129.9485,129.86,129.86,9264
2022-04-04 13:35:00,129.84,129.8617,129.78,129.82,8148
2022-04-04 13:40:00,129.8179,129.83,129.74,129.83,8363
2022-04-04 13:45:00,129.84,129.8828,129.82,129.84,5327
2022-04-04 13:50:00,129.8348,129.9128,129.8348,129.835,24295
2022-04-04 13:55:00,129.83,130.0,129.8,129.984,11608
2022-04-04 14:00:00,129.98,130.135,129.9736,130.12,12574
2022-04-04 14:05:00,130.12,130.17,130.07,130.11,20623
2022-04-04 14:10:00,130.11,130.13,130.03,130.09,15312
2022-04-04 14:15:00,130.085,130.16,130.0823,130.14,8315
2022-04-04 14:20:00,130.13,130.16,130.07,130.145,8853
2022-04-04 14:25:00,130.14,130.23,130.12,130.15,17267
2022-04-04 14:30:00,130.16,130.19,130.1072,130.15,12445
2022-04-04 14:35:00,130.1425,130.16,130.07,130.13,7089
2022-04-04 14:40:00,130.12,130.16,130.03,130.06,12131
2022-04-04 14:45:00,130.055,130.14,130.03,130.09,8654
2022-04-04 14:50:00,130.09,130.12,130.04,130.06,16099
2022-04-04 14:55:00,130.08,130.165,130.06,130.12,10320
2022-04-04 15:00:00,130.11,130.12,130.0,130.0,23497
2022-04-04 15:05:00,130.02,130.14,129.95,130.14,9178
2022-04-04 15:10:00,130.15,130.2,130.1,130.195,15586
2022-04-04 15:15:00,130.19,130.2,130.115,130.14,14297
2022-04-04 15:20:00,130.14,130.24,130.14,130.22,19601
2022-04-04 15:25:00,130.225,130.26,130.2,130.24,16125
2022-04-04 15:30:00,130.23,130.25,130.175,130.22,20310
2022-04-04 15:35:00,130.215,130.28,130.15,130.15,24842
2022-04-04 15:40:00,130.18,130.19,129.88,129.885,24937
2022-04-04 15:45:00,129.89,130.12,129.88,130.07,37821
2022-04-04 15:50:00,130.08,130.24,130.05,130.08,52948
2022-04-04 15:55:00,130.08,130.32,130.015,130.28,127867
2022-04-04 16:00:00,130.27,130.27,130.27,130.27,638014
2022-04-04 16:10:00,130.27,130.27,130.27,130.27,6207
2022-04-04 16:20:00,130.2,130.2,130.2,130.2,500
2022-04-04 16:30:00,130.27,130.27,130.27,130.27,2043
2022-04-04 16:35:00,130.27,130.27,130.1997,130.2,1366
2022-04-04 16:40:00,130.18,130.18,130.18,130.18,300
2022-04-04 16:45:00,130.17,130.2,130.17,130.2,200
2022-04-04 16:55:00,130.19,130.19,130.19,130.19,100
2022-04-04 17:00:00,130.16,130.2,130.15,130.2,460
2022-04-04 17:30:00,130.3,130.3,130.3,130.3,150
2022-04-04 18:20:00,130.28,130.28,130.28,130.28,100
2022-04-04 18:30:00,130.25,130.26,130.25,130.26,200
2022-04-04 19:55:00,130.27,130.27,130.27,130.27,596
2022-04-05 07:35:00,129.73,129.73,129.73,129.73,105
2022-04-05 08:10:00,130.2,130.2,130.2,130.2,300
2022-04-05 08:30:00,130.22,130.22,130.22,130.22,147
2022-04-05 09:10:00,130.14,130.14,130.14,130.14,100
2022-04-05 09:15:00,130.14,130.14,130.14,130.14,200
2022-04-05 09:20:00,130.05,130.05,130.05,130.05,100
2022-04-05 09:25:00,130.2,130.2,129.59,129.59,1180
2022-04-05 09:30:00,129.85,130.4,129.77,130.3829,141194
2022-04-05 09:35:00,130.45,130.65,130.25,130.56,38406
2022-04-05 09:40:00,130.64,130.86,130.55,130.6,18032
2022-04-05 09:45:00,130.57,130.99,130.54,130.705,23825
2022-04-05 09:50:00,130.7,130.87,130.61,130.855,16431
2022-04-05 09:55:00,130.89,130.96,130.71,130.8926,26317
2022-04-05 10:00:00,130.87,130.99,130.71,130.93,17628
2022-04-05 10:05:00,130.911,131.23,130.38,130.44,46507
2022-04-05 10:10:00,130.42,130.64,130.31,130.54,17322
2022-04-05 10:15:00,130.57,130.62,130.4,130.51,34348
2022-04-05 10:20:00,130.52,130.54,130.33,130.355,30471
2022-04-05 10:25:00,130.36,130.57,130.33,130.57,21711
2022-04-05 10:30:00,130.51,130.57,130.3,130.33,14261
2022-04-05 10:35:00,130.34,130.44,130.23,130.27,10894
2022-04-05 10:40:00,130.2585,130.44,130.25,130.35,26340
2022-04-05 10:45:00,130.3422,130.6794,130.32,130.61,28340
2022-04-05 10:50:00,130.631,130.73,130.54,130.66,32210
2022-04-05 10:55:00,130.63,130.685,130.47,130.49,9437
2022-04-05 11:00:00,130.48,130.49,130.365,130.425,34374
2022-04-05 11:05:00,130.45,130.45,130.2003,130.33,25027
2022-04-05 11:10:00,130.345,130.45,130.2501,130.2884,20004
2022-04-05 11:15:00,130.3,130.49,130.2517,130.39,17001
2022-04-05 11:20:00,130.39,130.5846,130.39,130.51,17758
2022-04-05 11:25:00,130.5514,130.61,130.44,130.59,11719
2022-04-05 11:30:00,130.58,130.79,130.56,130.69,39939
2022-04-05 11:35:00,130.71,130.71,130.46,130.54,23596
2022-04-05 11:40:00,130.55,130.55,130.34,130.3629,14163
2022-04-05 11:45:00,130.37,130.37,130.0,130.0,21002
2022-04-05 11:50:00,129.99,129.99,129.675,129.74,21076
2022-04-05 11:55:00,129.75,129.77,129.51,129.525,22183
2022-04-05 12:00:00,129.511,129.511,129.275,129.321,31667
2022-04-05 12:05:00,129.2982,129.5,129.2869,129.45,22319
2022-04-05 12:10:00,129.455,129.53,129.395,129.52,16857
2022-04-05 12:15:00,129.54,129.6,129.41,129.54,12653
2022-04-05 12:20:00,129.5495,129.6,129.5,129.59,19125
2022-04-05 12:25:00,129.59,129.63,129.52,129.555,12883
2022-04-05 12:30:00,129.55,129.5656,129.495,129.5097,12046
2022-04-05 12:35:00,129.48,129.675,129.405,129.66,17214
2022-04-05 12:40:00,129.65,129.665,129.525,129.545,11498
2022-04-05 12:45:00,129.54,129.661,129.5214,129.6225,9183
2022-04-05 12:50:00,129.61,129.7125,129.58,129.7,12380
2022-04-05 12:55:00,129.685,129.685,129.61,129.64,16945
2022-04-05 13:00:00,129.63,129.66,129.5536,129.65,11766
2022-04-05 13:05:00,129.64,129.79,129.63,129.785,15602
2022-04-05 13:10:00,129.79,129.82,129.68,129.69,10387
2022-04-05 13:15:00,129.6814,129.74,129.65,129.74,10152
2022-04-05 13:20:00,129.74,129.8,129.62,129.625,6299
2022-04-05 13:25:00,129.63,129.64,129.55,129.58,11552
2022-04-05 13:30:00,129.56,129.61,129.49,129.51,9878
2022-04-05 13:35:00,129.49,129.59,129.49,129.56,7822
2022-04-05 13:40:00,129.5657,129.71,129.56,129.695,10456
2022-04-05 13:45:00,129.7,129.7,129.5,129.54,6336
2022-04-05 13:50:00,129.52,129.53,129.39,129.4,12214
2022-04-05 13:55:00,129.405,129.475,129.37,129.46,6061
2022-04-05 14:00:00,129.4584,129.51,129.43,129.46,8892
2022-04-05 14:05:00,129.4598,129.53,129.4426,129.5,7441
2022-04-05 14:10:00,129.49,129.56,129.49,129.53,7500
2022-04-05 14:15:00,129.53,129.58,129.51,129.58,11291
2022-04-05 14:20:00,129.59,129.655,129.59,129.6171,11174
2022-04-05 14:25:00,129.6912,129.7068,129.51,129.515,6856
2022-04-05 14:30:00,129.53,129.53,129.41,129.42,10111
2022-04-05 14:35:00,129.4,129.46,129.265,129.265,41499
2022-04-05 14:40:00,129.27,129.36,129.19,129.33,12275
2022-04-05 14:45:00,129.34,129.34,129.2279,129.235,9371
2022-04-05 14:50:00,129.2291,129.34,129.2291,129.303,10617
2022-04-05 14:55:00,129.2849,129.3342,129.21,129.24,12541
2022-04-05 15:00:00,129.2401,129.27,129.1,129.12,28204
2022-04-05 15:05:00,129.12,129.14,128.95,129.01,48752
2022-04-05 15:10:00,129.01,129.08,128.84,128.8777,36290
2022-04-05 15:15:00,128.86,128.94,128.8091,128.85,9066
2022-04-05 15:20:00,128.86,129.05,128.835,129.0467,10577
2022-04-05 15:25:00,129.063,129.07,128.9375,128.94,10446
2022-04-05 15:30:00,128.94,128.94,128.76,128.78,18998
2022-04-05 15:35:00,128.77,128.9198,128.75,128.88,36582
2022-04-05 15:40:00,128.88,128.92,128.8199,128.88,35420
2022-04-05 15:45:00,128.88,128.88,128.67,128.675,59253
2022-04-05 15:50:00,128.68,129.045,128.66,128.965,80427
2022-04-05 15:55:00,128.96,129.04,128.78,128.91,168458
2022-04-05 16:00:00,128.89,128.89,128.89,128.89,637014
2022-04-05 16:20:00,129.093,129.093,129.093,129.093,1018
2022-04-05 16:40:00,128.89,128.89,128.89,128.89,2217
2022-04-05 17:05:00,129.38,129.38,129.38,129.38,100
2022-04-05 17:10:00,128.89,128.89,128.89,128.89,100
2022-04-05 19:05:00,128.9,128.9,128.9,128.9,110
2022-04-05 19:40:00,129.37,129.37,129.37,129.37,100
2022-04-06 04:30:00,128.89,128.89,128.89,128.89,100
2022-04-06 07:00:00,128.7,128.7,128.7,128.7,200
2022-04-06 07:10:00,128.33,128.33,128.33,128.33,100
2022-04-06 07:25:00,128.02,128.02,128.0,128.0,1800
2022-04-06 08:00:00,128.11,128.11,128.11,128.11,136
2022-04-06 08:05:00,127.94,127.94,127.94,127.94,149
2022-04-06 08:10:00,127.89,127.89,127.88,127.88,1205
2022-04-06 08:20:00,127.71,127.94,127.7,127.94,4936
2022-04-06 08:25:00,128.0,128.0,128.0,128.0,119
2022-04-06 08:35:00,127.64,127.64,127.47,127.5,8774
2022-04-06 08:40:00,127.5,127.5,127.1,127.1,1100
2022-04-06 08:50:00,127.3,127.31,127.3,127.3,6798
2022-04-06 08:55:00,127.3,127.5,127.1201,127.1201,3491
2022-04-06 09:05:00,127.72,127.72,127.72,127.72,100
2022-04-06 09:10:00,127.6,127.6,127.3,127.3,6776
2022-04-06 09:15:00,127.3,127.35,127.16,127.35,2990
2022-04-06 09:20:00,127.83,128.35,127.83,128.35,10930
2022-04-06 09:25:00,128.35,128.38,128.35,128.35,5085
2022-04-06 09:30:00,127.78,128.2667,127.67,128.02,169479
2022-04-06 09:35:00,128.015,128.0594,127.4,127.44,82097
2022-04-06 09:40:00,127.435,128.08,127.25,128.08,47142
2022-04-06 09:45:00,128.09,128.55,128.02,128.44,50157
2022-04-06 09:50:00,128.44,128.74,128.14,128.68,66275
2022-04-06 09:55:00,128.68,128.75,128.5437,128.68,31776
2022-04-06 10:00:00,128.75,128.85,128.61,128.72,39808
2022-04-06 10:05:00,128.69,128.76,128.57,128.63,40442
2022-04-06 10:10:00,128.59,128.715,128.56,128.64,32134
2022-04-06 10:15:00,128.665,128.77,128.59,128.62,22580
2022-04-06 10:20:00,128.645,128.7,128.54,128.67,28798
2022-04-06 10:25:00,128.665,128.72,128.595,128.605,25329
2022-04-06 10:30:00,128.57,128.72,128.51,128.715,17107
2022-04-06 10:35:00,128.74,129.09,128.74,129.08,26052
2022-04-06 10:40:00,129.085,129.25,129.0388,129.1,26943
2022-04-06 10:45:00,129.1,129.49,129.0976,129.45,30176
2022-04-06 10:50:00,129.43,129.43,129.01,129.0122,19527
2022-04-06 10:55:00,129.04,129.13,128.96,128.96,26879
2022-04-06 11:00:00,128.96,129.22,128.95,129.195,13360
2022-04-06 11:05:00,129.22,129.32,129.12,129.32,11834
2022-04-06 11:10:00,129.305,129.305,128.87,128.9,21078
2022-04-06 11:15:00,128.92,128.945,128.72,128.72,14744
2022-04-06 11:20:00,128.71,128.93,128.7,128.79,20467
2022-04-06 11:25:00,128.795,128.84,128.695,128.73,13074
2022-04-06 11:30:00,128.72,128.8,128.66,128.76,28808
2022-04-06 11:35:00,128.7703,128.8,128.71,128.75,18181
2022-04-06 11:40:00,128.755,128.755,128.53,128.54,20323
2022-04-06 11:45:00,128.53,128.8648,128.53,128.82,15986
2022-04-06 11:50:00,128.82,128.99,128.76,128.77,16867
2022-04-06 11:55:00,128.76,128.9185,128.7303,128.82,13884
2022-04-06 12:00:00,128.83,128.92,128.75,128.81,20504
2022-04-06 12:05:00,128.82,128.915,128.8,128.87,16429
2022-04-06 12:10:00,128.865,128.908,128.69,128.69,15220
2022-04-06 12:15:00,128.66,128.67,128.525,128.6,16466
2022-04-06 12:20:00,128.5843,128.62,128.45,128.475,22593
2022-04-06 12:25:00,128.49,128.565,128.4395,128.445,15931
2022-04-06 12:30:00,128.455,128.67,128.45,128.65,15542
2022-04-06 12:35:00,128.665,128.73,128.64,128.7,10907
2022-04-06 12:40:00,128.69,128.83,128.685,128.83,11193
2022-04-06 12:45:00,128.82,128.88,128.765,128.81,15377
2022-04-06 12:50:00,128.81,128.81,128.685,128.8,8584
2022-04-06 12:55:00,128.8,128.94,128.79,128.93,13074
2022-04-06 13:00:00,128.93,128.93,128.8,128.81,9754
2022-04-06 13:05:00,128.82,128.89,128.81,128.85,15749
2022-04-06 13:10:00,128.855,128.92,128.84,128.92,17739
2022-04-06 13:15:00,128.91,128.91,128.765,128.78,9160
2022-04-06 13:20:00,128.77,129.045,128.72,129.045,21657
2022-04-06 13:25:00,129.07,129.09,128.99,129.07,10858
2022-04-06 13:30:00,129.06,129.095,128.99,129.0701,8406
2022-04-06 13:35:00,129.08,129.22,129.02,129.17,24607
2022-04-06 13:40:00,129.17,129.175,129.055,129.09,26948
2022-04-06 13:45:00,129.085,129.11,128.86,128.89,30140
2022-04-06 13:50:00,128.89,128.96,128.77,128.94,23180
2022-04-06 13:55:00,128.9523,128.9523,128.8411,128.85,11940
2022-04-06 14:00:00,128.85,129.21,128.71,129.07,34312
2022-04-06 14:05:00,129.02,129.0486,128.66,128.72,12354
2022-04-06 14:10:00,128.67,128.7624,128.64,128.66,14390
2022-04-06 14:15:00,128.645,128.73,128.58,128.7004,14864
2022-04-06 14:20:00,128.74,128.86,128.71,128.785,17849
2022-04-06 14:25:00,128.815,128.89,128.6694,128.74,16720
2022-04-06 14:30:00,128.76,129.07,128.69,129.02,20519
2022-04-06 14:35:00,129.04,129.07,128.87,129.02,19005
2022-04-06 14:40:00,129.005,129.26,128.995,129.22,19670
2022-04-06 14:45:00,129.23,129.3014,129.13,129.14,19483
2022-04-06 14:50:00,129.18,129.3636,129.18,129.33,34248
2022-04-06 14:55:00,129.34,129.42,129.34,129.39,22411
2022-04-06 15:00:00,129.41,129.48,129.358,129.42,21547
2022-04-06 15:05:00,129.4,129.42,129.23,129.3,28208
2022-04-06 15:10:00,129.3,129.38,129.28,129.28,20106
2022-04-06 15:15:00,129.28,129.34,129.21,129.275,32910
2022-04-06 15:20:00,129.288,129.288,129.0786,129.11,37526
2022-04-06 15:25:00,129.12,129.13,128.97,129.04,36015
2022-04-06 15:30:00,129.03,129.1,128.95,129.01,28713
2022-04-06 15:35:00,129.02,129.17,128.98,129.16,29847
2022-04-06 15:40:00,129.15,129.23,129.03,129.1,27452
2022-04-06 15:45:00,129.06,129.29,129.04,129.26,33855
2022-04-06 15:50:00,129.28,129.42,129.1902,129.3,68689
2022-04-06 15:55:00,129.3,129.515,129.3,129.4,189273
2022-04-06 16:00:00,129.39,129.39,129.39,129.39,640237
2022-04-06 16:20:00,129.39,129.39,129.39,129.39,1254
2022-04-06 16:25:00,129.44,129.5,129.44,129.5,819
2022-04-06 16:40:00,129.13,129.13,129.13,129.13,580
2022-04-06 17:00:00,129.14,129.14,129.12,129.12,397
2022-04-06 17:05:00,129.55,129.55,129.55,129.55,100
2022-04-06 17:25:00,129.5,129.5,129.5,129.5,359
2022-04-06 17:35:00,129.6873,129.69,129.6873,129.69,250
2022-04-06 18:45:00,129.35,129.35,129.35,129.35,487
2022-04-06 19:40:00,129.36,129.36,129.36,129.36,200
2022-04-06 19:50:00,129.36,129.36,129.36,129.36,200
2022-04-06 19:55:00,129.35,129.35,129.35,129.35,200
2022-04-07 04:00:00,128.76,128.76,128.73,128.73,893
2022-04-07 04:05:00,128.73,128.73,128.73,128.73,700
2022-04-07 04:15:00,128.65,128.65,128.53,128.53,400
2022-04-07 04:20:00,128.5,128.5,128.5,128.5,100
2022-04-07 04:55:00,128.6,128.6,128.57,128.57,241
2022-04-07 06:15:00,128.76,128.76,128.76,128.76,100
2022-04-07 06:55:00,128.97,128.97,128.97,128.97,238
2022-04-07 07:20:00,129.02,129.02,129.02,129.02,353
2022-04-07 07:45:00,129.02,129.02,129.02,129.02,381
2022-04-07 08:00:00,129.0,129.0,129.0,129.0,518
2022-04-07 08:05:00,129.01,129.01,129.01,129.01,105
2022-04-07 09:05:00,129.0,129.2952,129.0,129.2952,906
2022-04-07 09:15:00,129.1,129.1101,129.1,129.1101,1787
2022-04-07 09:25:00,129.11,129.11,128.65,128.71,4117
2022-04-07 09:30:00,128.87,129.04,128.02,128.16,87361
2022-04-07 09:35:00,128.14,128.25,127.68,128.0,39623
2022-04-07 09:40:00,127.95,128.425,127.82,128.2,28494
2022-04-07 09:45:00,128.2,128.36,128.12,128.19,16250
2022-04-07 09:50:00,128.11,128.4051,127.9,127.9,23282
2022-04-07 09:55:00,127.93,127.94,127.575,127.74,27888
2022-04-07 10:00:00,127.725,127.765,127.17,127.25,55438
2022-04-07 10:05:00,127.28,127.33,127.05,127.26,44272
2022-04-07 10:10:00,127.22,127.22,126.94,126.99,65366
2022-04-07 10:15:00,126.96,127.04,126.85,126.9608,26925
2022-04-07 10:20:00,126.95,127.21,126.77,126.8849,26225
2022-04-07 10:25:00,126.84,126.9189,126.73,126.815,25032
2022-04-07 10:30:00,126.8299,127.26,126.78,127.12,32176
2022-04-07 10:35:00,127.14,127.26,127.01,127.228,21970
2022-04-07 10:40:00,127.21,127.21,126.91,127.0,22793
2022-04-07 10:45:00,127.01,127.12,126.93,127.08,29450
2022-04-07 10:50:00,127.075,127.15,126.94,127.13,19623
2022-04-07 10:55:00,127.14,127.28,127.125,127.26,15657
2022-04-07 11:00:00,127.26,127.4805,127.1,127.18,18560
2022-04-07 11:05:00,127.19,127.19,127.0,127.0,13447
2022-04-07 11:10:00,127.01,127.095,126.97,127.03,13383
2022-04-07 11:15:00,127.035,127.1722,126.96,127.1722,22179
2022-04-07 11:20:00,127.17,127.3,127.15,127.3,13880
2022-04-07 11:25:00,127.29,127.34,127.0,127.04,20899
2022-04-07 11:30:00,127.07,127.15,126.89,127.015,35265
2022-04-07 11:35:00,127.04,127.19,126.9701,127.09,12558
2022-04-07 11:40:00,127.13,127.16,126.94,127.03,24380
2022-04-07 11:45:00,127.0481,127.27,126.98,127.17,19157
2022-04-07 11:50:00,127.145,127.33,127.13,127.33,14208
2022-04-07 11:55:00,127.33,127.43,127.24,127.33,12753
2022-04-07 12:00:00,127.33,127.455,127.3,127.38,17124
2022-04-07 12:05:00,127.4,127.63,127.4,127.58,15739
2022-04-07 12:10:00,127.5898,127.74,127.52,127.57,10881
2022-04-07 12:15:00,127.57,127.57,127.39,127.39,9418
2022-04-07 12:20:00,127.38,127.5214,127.3555,127.51,8587
2022-04-07 12:25:00,127.52,127.69,127.52,127.64,13057
2022-04-07 12:30:00,127.635,127.65,127.55,127.61,11772
2022-04-07 12:35:00,127.59,127.7221,127.5721,127.69,19393
2022-04-07 12:40:00,127.7,127.769,127.68,127.71,8627
2022-04-07 12:45:00,127.724,127.77,127.55,127.555,7651
2022-04-07 12:50:00,127.54,127.6762,127.52,127.5308,13854
2022-04-07 12:55:00,127.54,127.58,127.45,127.52,10792
2022-04-07 13:00:00,127.48,127.64,127.46,127.54,15103
2022-04-07 13:05:00,127.53,127.55,127.43,127.51,13083
2022-04-07 13:10:00,127.52,127.85,127.515,127.76,36135
2022-04-07 13:15:00,127.68,127.9,127.68,127.88,14855
2022-04-07 13:20:00,127.89,128.16,127.89,128.1199,43544
2022-04-07 13:25:00,128.12,128.17,128.0,128.06,19982
2022-04-07 13:30:00,128.07,128.08,127.87,127.89,31817
2022-04-07 13:35:00,127.88,127.93,127.81,127.8481,22004
2022-04-07 13:40:00,127.85,127.96,127.7888,127.96,18427
2022-04-07 13:45:00,127.95,128.13,127.93,128.1,17568
2022-04-07 13:50:00,128.1199,128.1199,127.975,128.0227,15866
2022-04-07 13:55:00,128.014,128.43,128.0,128.4,20058
2022-04-07 14:00:00,128.39,128.43,128.2853,128.34,11110
2022-04-07 14:05:00,128.35,128.42,128.23,128.3403,37393
2022-04-07 14:10:00,128.3639,128.48,128.34,128.46,16862
2022-04-07 14:15:00,128.47,128.59,128.37,128.4225,44407
2022-04-07 14:20:00,128.43,128.5299,128.43,128.49,19419
2022-04-07 14:25:00,128.5,128.63,128.41,128.44,13464
2022-04-07 14:30:00,128.43,128.6599,128.4,128.5161,54001
2022-04-07 14:35:00,128.49,128.5899,128.3,128.35,104353
2022-04-07 14:40:00,128.335,128.5,128.28,128.5,15489
2022-04-07 14:45:00,128.53,128.65,128.5,128.595,15346
2022-04-07 14:50:00,128.6,128.8498,128.6,128.8143,38260
2022-04-07 14:55:00,128.81,129.09,128.79,129.05,37165
2022-04-07 15:00:00,129.0157,129.2499,129.01,129.095,27430
2022-04-07 15:05:00,129.075,129.21,128.96,129.2,23197
2022-04-07 15:10:00,129.175,129.18,129.0701,129.11,15976
2022-04-07 15:15:00,129.115,129.12,128.92,128.93,24725
2022-04-07 15:20:00,128.93,128.9999,128.85,128.855,45071
2022-04-07 15:25:00,128.85,128.91,128.74,128.78,31863
2022-04-07 15:30:00,128.77,128.9767,128.75,128.94,18919
2022-04-07 15:35:00,128.93,128.94,128.81,128.88,22871
2022-04-07 15:40:00,128.8859,129.04,128.83,129.04,23138
2022-04-07 15:45:00,129.03,129.14,128.87,128.97,42271
2022-04-07 15:50:00,128.955,128.97,128.71,128.72,46124
2022-04-07 15:55:00,128.71,128.72,128.53,128.59,158815
2022-04-07 16:00:00,128.55,128.55,128.55,128.55,524082
2022-04-07 16:10:00,128.4,128.42,128.2,128.2,5479
2022-04-07 16:15:00,128.2,128.42,128.2,128.4,6545
2022-04-07 16:20:00,128.55,128.55,128.55,128.55,1399
2022-04-07 16:40:00,128.55,128.55,128.39,128.39,1211
2022-04-07 16:45:00,128.39,128.4,128.39,128.4,356
2022-04-07 16:50:00,128.4,128.4,128.4,128.4,504
2022-04-07 17:20:00,128.22,128.22,128.22,128.22,325
2022-04-07 17:30:00,128.32,128.32,128.23,128.2301,900
2022-04-07 17:40:00,128.3,128.3,128.3,128.3,200
2022-04-07 17:45:00,128.35,128.35,128.35,128.35,100
2022-04-07 18:15:00,128.4,128.4,128.4,128.4,241
2022-04-07 18:20:00,128.4,128.4,128.4,128.4,800
2022-04-07 19:10:00,128.4,128.4,128.4,128.4,600
2022-04-07 19:25:00,128.4,128.4,128.4,128.4,100
2022-04-07 19:40:00,128.4,128.4,128.4,128.4,100
2022-04-07 19:50:00,128.4,128.4,128.4,128.4,430
2022-04-08 07:25:00,128.9,128.9,128.55,128.55,482
2022-04-08 08:00:00,129.08,129.08,129.08,129.08,100
2022-04-08 08:30:00,128.75,128.75,128.56,128.56,300
2022-04-08 08:45:00,128.55,128.55,128.55,128.55,283
2022-04-08 08:50:00,128.5,128.5,128.5,128.5,100
2022-04-08 09:10:00,128.2,128.38,128.2,128.38,410
2022-04-08 09:15:00,128.21,128.21,128.21,128.21,100
2022-04-08 09:30:00,128.01,128.78,127.53,127.53,103258
2022-04-08 09:35:00,127.595,127.78,127.47,127.68,23542
2022-04-08 09:40:00,127.64,127.81,127.33,127.7059,38462
2022-04-08 09:45:00,127.64,127.7,127.27,127.7,33435
2022-04-08 09:50:00,127.6807,127.9153,127.48,127.895,17196
2022-04-08 09:55:00,127.86,128.03,127.76,128.0,45570
2022-04-08 10:00:00,128.0,128.5007,127.97,128.33,45617
2022-04-08 10:05:00,128.3,128.36,128.19,128.19,14138
2022-04-08 10:10:00,128.18,128.18,127.89,127.89,11657
2022-04-08 10:15:00,127.88,127.94,127.7,127.86,18196
2022-04-08 10:20:00,127.86,127.86,127.605,127.73,26132
2022-04-08 10:25:00,127.715,127.75,127.45,127.7299,29619
2022-04-08 10:30:00,127.705,127.8,127.645,127.76,18247
2022-04-08 10:35:00,127.79,127.97,127.74,127.83,15450
2022-04-08 10:40:00,127.84,128.09,127.79,128.09,13823
2022-04-08 10:45:00,128.09,128.33,128.09,128.33,48531
2022-04-08 10:50:00,128.35,128.535,128.295,128.47,11301
2022-04-08 10:55:00,128.5017,128.505,128.34,128.49,9009
2022-04-08 11:00:00,128.49,128.58,128.4,128.4,15637
2022-04-08 11:05:00,128.4,128.41,128.29,128.34,18978
2022-04-08 11:10:00,128.35,128.41,128.23,128.41,9338
2022-04-08 11:15:00,128.4227,128.45,128.33,128.39,13583
2022-04-08 11:20:00,128.38,128.45,128.35,128.35,14076
2022-04-08 11:25:00,128.33,128.53,128.3,128.52,17846
2022-04-08 11:30:00,128.56,128.58,128.48,128.56,9143
2022-04-08 11:35:00,128.56,128.57,128.4432,128.505,12761
2022-04-08 11:40:00,128.5291,128.58,128.44,128.44,13585
2022-04-08 11:45:00,128.4,128.5,128.311,128.32,11404
2022-04-08 11:50:00,128.34,128.41,128.2794,128.2794,7189
2022-04-08 11:55:00,128.27,128.31,128.18,128.18,13141
2022-04-08 12:00:00,128.13,128.28,128.13,128.28,15052
2022-04-08 12:05:00,128.28,128.36,128.23,128.34,31615
2022-04-08 12:10:00,128.35,128.36,128.28,128.29,12149
2022-04-08 12:15:00,128.28,128.34,128.16,128.34,19806
2022-04-08 12:20:00,128.33,128.52,128.33,128.52,9215
2022-04-08 12:25:00,128.57,128.57,128.41,128.41,7770
2022-04-08 12:30:00,128.4,128.49,128.31,128.3567,9589
2022-04-08 12:35:00,128.3788,128.42,128.31,128.31,8954
2022-04-08 12:40:00,128.32,128.378,128.27,128.31,7121
2022-04-08 12:45:00,128.33,128.35,128.2466,128.26,9028
2022-04-08 12:50:00,128.23,128.2452,128.16,128.165,7856
2022-04-08 12:55:00,128.16,128.16,128.065,128.09,8538
2022-04-08 13:00:00,128.1,128.18,128.1,128.14,15153
2022-04-08 13:05:00,128.122,128.16,128.09,128.15,14837
2022-04-08 13:10:00,128.1744,128.1999,128.1,128.19,13888
2022-04-08 13:15:00,128.18,128.22,128.15,128.17,10046
2022-04-08 13:20:00,128.19,128.265,128.19,128.23,9205
2022-04-08 13:25:00,128.236,128.34,128.22,128.2866,9183
2022-04-08 13:30:00,128.275,128.35,128.2332,128.26,11259
2022-04-08 13:35:00,128.2646,128.3099,128.21,128.25,6275
2022-04-08 13:40:00,128.25,128.25,128.15,128.15,14551
2022-04-08 13:45:00,128.14,128.17,128.09,128.13,22324
2022-04-08 13:50:00,128.12,128.33,128.1,128.315,19774
2022-04-08 13:55:00,128.3,128.31,128.19,128.21,9391
2022-04-08 14:00:00,128.19,128.23,128.16,128.21,10272
2022-04-08 14:05:00,128.2,128.21,128.12,128.18,16059
2022-04-08 14:10:00,128.19,128.19,128.124,128.1685,8069
2022-04-08 14:15:00,128.15,128.1598,128.06,128.06,9424
2022-04-08 14:20:00,128.06,128.13,127.97,128.0,14181
2022-04-08 14:25:00,127.96,127.975,127.85,127.945,29635
2022-04-08 14:30:00,127.94,127.98,127.89,127.915,10212
2022-04-08 14:35:00,127.915,127.974,127.87,127.95,9867
2022-04-08 14:40:00,127.9481,127.985,127.93,127.96,13113
2022-04-08 14:45:00,127.97,128.04,127.94,127.985,13665
2022-04-08 14:50:00,127.98,128.13,127.98,128.11,7840
2022-04-08 14:55:00,128.11,128.17,128.0235,128.03,13580
2022-04-08 15:00:00,128.03,128.08,127.99,128.0611,21809
2022-04-08 15:05:00,128.06,128.11,127.97,127.9861,25405
2022-04-08 15:10:00,128.0,128.26,127.98,128.12,25729
2022-04-08 15:15:00,128.1,128.19,128.03,128.04,15113
2022-04-08 15:20:00,128.0349,128.14,128.02,128.11,12883
2022-04-08 15:25:00,128.09,128.21,128.09,128.21,17773
2022-04-08 15:30:00,128.24,128.29,128.065,128.08,25924
2022-04-08 15:35:00,128.08,128.09,127.9,127.96,20692
2022-04-08 15:40:00,127.95,128.2102,127.915,128.2102,34233
2022-04-08 15:45:00,128.22,128.27,128.07,128.07,58627
2022-04-08 15:50:00,128.05,128.09,127.77,127.83,105489
2022-04-08 15:55:00,127.82,127.84,127.54,127.77,210302
2022-04-08 16:00:00,127.73,127.73,127.73,127.73,593015
2022-04-08 16:05:00,128.21,128.4,128.21,128.4,2770
2022-04-08 16:15:00,127.73,127.73,127.73,127.73,1695
2022-04-08 16:20:00,127.73,127.73,127.73,127.73,27479
2022-04-08 16:25:00,127.73,127.73,127.73,127.73,305
2022-04-08 16:50:00,127.6999,127.6999,127.6,127.6,1924
2022-04-08 17:25:00,127.82,127.82,127.8,127.8,1345
2022-04-08 17:50:00,127.75,127.75,127.75,127.75,100
2022-04-08 19:15:00,127.79,127.79,127.79,127.79,101
2022-04-08 19:40:00,127.79,127.79,127.79,127.79,300
2022-04-08 19:50:00,127.75,127.75,127.75,127.75,200
2022-04-11 06:15:00,127.67,127.67,127.67,127.67,100
2022-04-11 07:00:00,127.67,127.67,127.67,127.67,100
2022-04-11 07:10:00,127.82,127.82,127.8,127.8,297
2022-04-11 07:20:00,127.8,127.8,127.8,127.8,350
2022-04-11 07:50:00,127.52,127.52,127.5,127.5,490
2022-04-11 07:55:00,127.5,127.5,127.5,127.5,138
2022-04-11 08:00:00,127.8,127.8,127.8,127.8,500
2022-04-11 08:40:00,127.28,127.28,127.28,127.28,100
2022-04-11 08:50:00,127.53,127.53,127.53,127.53,218
2022-04-11 09:20:00,127.53,127.53,127.53,127.53,106
2022-04-11 09:25:00,127.7,128.0,127.7,128.0,604
2022-04-11 09:30:00,127.95,128.175,127.57,128.12,143254
2022-04-11 09:35:00,128.1,128.16,127.49,127.55,50065
2022-04-11 09:40:00,127.53,127.545,127.3,127.3,32247
2022-04-11 09:45:00,127.28,127.34,126.82,126.99,47518
2022-04-11 09:50:00,127.03,127.11,126.63,126.7435,43832
2022-04-11 09:55:00,126.75,127.2122,126.67,127.04,50196
2022-04-11 10:00:00,127.075,127.2,126.93,127.2,40647
2022-04-11 10:05:00,127.17,127.59,127.12,127.47,32635
2022-04-11 10:10:00,127.465,127.83,127.41,127.82,37767
2022-04-11 10:15:00,127.81,127.95,127.62,127.93,36640
2022-04-11 10:20:00,127.89,127.98,127.8,127.96,18400
2022-04-11 10:25:00,127.945,127.945,127.5208,127.57,20613
2022-04-11 10:30:00,127.56,127.56,127.37,127.3976,18404
2022-04-11 10:35:00,127.4,127.8,127.37,127.78,27794
2022-04-11 10:40:00,127.84,128.065,127.84,127.97,22860
2022-04-11 10:45:00,127.97,128.05,127.8673,127.965,23246
2022-04-11 10:50:00,127.94,128.08,127.92,128.0109,25255
2022-04-11 10:55:00,128.02,128.02,127.86,127.93,17249
2022-04-11 11:00:00,127.935,127.95,127.7713,127.84,17640
2022-04-11 11:05:00,127.82,127.9,127.73,127.78,19059
2022-04-11 11:10:00,127.78,127.78,127.48,127.51,18567
2022-04-11 11:15:00,127.49,127.52,127.27,127.45,16221
2022-04-11 11:20:00,127.45,127.4899,127.26,127.28,12338
2022-04-11 11:25:00,127.28,127.28,127.09,127.15,14995
2022-04-11 11:30:00,127.135,127.22,127.06,127.22,14511
2022-04-11 11:35:00,127.24,127.24,127.02,127.065,13820
2022-04-11 11:40:00,127.08,127.0959,127.0,127.07,9195
2022-04-11 11:45:00,127.072,127.25,127.072,127.18,17096
2022-04-11 11:50:00,127.18,127.1918,127.05,127.06,8395
2022-04-11 11:55:00,127.075,127.09,126.9083,126.99,19182
2022-04-11 12:00:00,127.0,127.0,126.9,126.91,10301
2022-04-11 12:05:00,126.93,127.2,126.93,127.17,11491
2022-04-11 12:10:00,127.19,127.19,127.08,127.165,5950
2022-04-11 12:15:00,127.15,127.18,127.07,127.07,8662
2022-04-11 12:20:00,127.17,127.17,127.07,127.08,10787
2022-04-11 12:25:00,127.09,127.09,127.01,127.01,7712
2022-04-11 12:30:00,127.0,127.07,126.99,127.04,6724
2022-04-11 12:35:00,127.05,127.05,126.95,126.961,6274
2022-04-11 12:40:00,126.97,126.9747,126.86,126.915,11905
2022-04-11 12:45:00,126.91,127.1015,126.9,127.1015,9902
2022-04-11 12:50:00,127.11,127.16,127.0002,127.0002,12266
2022-04-11 12:55:00,127.0,127.095,127.0,127.07,12058
2022-04-11 13:00:00,127.06,127.21,127.01,127.15,14247
2022-04-11 13:05:00,127.16,127.22,127.08,127.1,23545
2022-04-11 13:10:00,127.0901,127.25,127.09,127.19,15964
2022-04-11 13:15:00,127.17,127.21,127.07,127.11,5183
2022-04-11 13:20:00,127.12,127.13,126.95,126.95,8859
2022-04-11 13:25:00,126.93,126.9746,126.84,126.84,11570
2022-04-11 13:30:00,126.83,126.97,126.82,126.95,6383
2022-04-11 13:35:00,126.96,127.04,126.8839,127.03,14203
2022-04-11 13:40:00,127.04,127.15,127.0249,127.1,14662
2022-04-11 13:45:00,127.1099,127.14,127.0673,127.127,11385
2022-04-11 13:50:00,127.13,127.13,127.0501,127.06,6746
2022-04-11 13:55:00,127.03,127.12,127.025,127.08,8063
2022-04-11 14:00:00,127.07,127.07,126.895,126.98,34352
2022-04-11 14:05:00,127.01,127.13,126.99,127.105,9040
2022-04-11 14:10:00,127.09,127.12,126.94,126.94,11604
2022-04-11 14:15:00,126.95,126.98,126.86,126.905,11874
2022-04-11 14:20:00,126.8972,126.989,126.8972,126.939,16096
2022-04-11 14:25:00,126.93,126.99,126.86,126.875,24315
2022-04-11 14:30:00,126.86,126.86,126.72,126.84,22678
2022-04-11 14:35:00,126.84,126.94,126.82,126.9,13426
2022-04-11 14:40:00,126.92,126.96,126.889,126.9549,10741
2022-04-11 14:45:00,126.96,127.013,126.9,127.013,8820
2022-04-11 14:50:00,126.99,127.16,126.99,127.11,6456
2022-04-11 14:55:00,127.1,127.15,127.08,127.14,12683
2022-04-11 15:00:00,127.1239,127.245,126.95,126.95,21888
2022-04-11 15:05:00,126.955,126.96,126.87,126.96,11780
2022-04-11 15:10:00,126.98,126.98,126.83,126.83,9830
2022-04-11 15:15:00,126.83,126.8479,126.72,126.7301,24216
2022-04-11 15:20:00,126.74,126.75,126.675,126.695,15858
2022-04-11 15:25:00,126.7,126.7,126.53,126.53,18775
2022-04-11 15:30:00,126.535,126.535,126.2834,126.2915,65918
2022-04-11 15:35:00,126.28,126.46,126.23,126.46,32172
2022-04-11 15:40:00,126.46,126.53,126.42,126.49,30973
2022-04-11 15:45:00,126.4896,126.4896,126.24,126.325,47496
2022-04-11 15:50:00,126.33,126.52,126.32,126.35,77324
2022-04-11 15:55:00,126.38,126.4,126.18,126.39,173589
2022-04-11 16:00:00,126.37,126.37,126.37,126.37,581882
2022-04-11 16:10:00,126.37,126.37,126.37,126.37,3380
2022-04-11 16:35:00,126.27,126.27,126.27,126.27,500
2022-04-11 16:50:00,126.37,126.37,126.37,126.37,2514
2022-04-11 17:20:00,126.25,126.25,126.25,126.25,190
2022-04-11 17:30:00,126.1084,126.1084,126.1,126.1,300
2022-04-11 17:50:00,126.49,126.49,126.49,126.49,100
2022-04-11 18:20:00,126.49,126.49,126.49,126.49,300
2022-04-11 19:15:00,126.45,126.45,126.45,126.45,100
2022-04-12 07:20:00,126.44,126.44,126.44,126.44,179
2022-04-12 07:25:00,126.44,126.44,126.44,126.44,163
2022-04-12 08:25:00,126.2,126.2,126.2,126.2,100
2022-04-12 08:30:00,126.7,126.7,126.7,126.7,304
2022-04-12 08:55:00,126.75,126.92,126.75,126.92,1000
2022-04-12 09:05:00,126.8,126.8,126.42,126.42,206
2022-04-12 09:10:00,126.52,126.56,126.52,126.56,205
2022-04-12 09:15:00,126.56,126.56,126.56,126.56,165
2022-04-12 09:20:00,126.56,126.56,126.56,126.56,106
2022-04-12 09:30:00,126.42,126.97,126.15,126.3891,92643
2022-04-12 09:35:00,126.46,127.05,126.43,126.9504,31022
2022-04-12 09:40:00,126.94,127.05,126.76,126.8,24558
2022-04-12 09:45:00,126.8,127.14,126.77,127.12,28644
2022-04-12 09:50:00,127.09,127.34,126.95,127.34,24066
2022-04-12 09:55:00,127.32,127.33,126.94,127.1,27852
2022-04-12 10:00:00,127.095,127.14,126.99,127.03,40935
2022-04-12 10:05:00,126.98,126.98,126.54,126.57,19514
2022-04-12 10:10:00,126.58,126.7941,126.4,126.7377,18026
2022-04-12 10:15:00,126.74,126.9,126.7,126.78,13152
2022-04-12 10:20:00,126.775,126.82,126.56,126.57,17031
2022-04-12 10:25:00,126.55,126.6292,126.38,126.41,15715
2022-04-12 10:30:00,126.4,126.46,126.2704,126.33,17906
2022-04-12 10:35:00,126.31,126.59,126.31,126.5196,18961
2022-04-12 10:40:00,126.52,126.65,126.46,126.5975,15661
2022-04-12 10:45:00,126.575,126.835,126.53,126.8,15964
2022-04-12 10:50:00,126.805,126.83,126.5797,126.69,14913
2022-04-12 10:55:00,126.66,126.66,126.54,126.65,13456
2022-04-12 11:00:00,126.66,126.6652,126.47,126.5,10004
2022-04-12 11:05:00,126.51,126.65,126.46,126.62,37740
2022-04-12 11:10:00,126.63,126.6484,126.53,126.58,13363
2022-04-12 11:15:00,126.57,126.83,126.55,126.8023,13943
2022-04-12 11:20:00,126.805,126.92,126.6601,126.74,10769
2022-04-12 11:25:00,126.73,126.84,126.69,126.83,8293
2022-04-12 11:30:00,126.83,126.97,126.8,126.94,13553
2022-04-12 11:35:00,126.965,127.0,126.78,126.79,7120
2022-04-12 11:40:00,126.79,126.86,126.77,126.81,13781
2022-04-12 11:45:00,126.84,126.87,126.79,126.83,13717
2022-04-12 11:50:00,126.86,126.9697,126.84,126.9697,14073
2022-04-12 11:55:00,126.97,127.1,126.97,127.07,20906
2022-04-12 12:00:00,127.08,127.205,127.06,127.13,13279
2022-04-12 12:05:00,127.1338,127.2,126.98,127.02,12649
2022-04-12 12:10:00,127.04,127.08,126.95,127.0,12272
2022-04-12 12:15:00,127.03,127.14,126.92,127.06,21470
2022-04-12 12:20:00,127.055,127.07,126.87,126.9,7953
2022-04-12 12:25:00,126.9,126.9,126.67,126.67,11298
2022-04-12 12:30:00,126.67,126.73,126.6,126.66,11553
2022-04-12 12:35:00,126.7,126.92,126.7,126.89,12728
2022-04-12 12:40:00,126.89,126.89,126.65,126.7247,12237
2022-04-12 12:45:00,126.73,126.8,126.7,126.8,9176
2022-04-12 12:50:00,126.81,126.91,126.78,126.8671,7584
2022-04-12 12:55:00,126.87,126.95,126.85,126.884,10654
2022-04-12 13:00:00,126.9,126.93,126.77,126.77,15705
2022-04-12 13:05:00,126.79,126.83,126.7275,126.75,13632
2022-04-12 13:10:00,126.75,127.01,126.75,126.97,21433
2022-04-12 13:15:00,126.98,127.08,126.94,126.94,8936
2022-04-12 13:20:00,126.98,127.03,126.9,126.9975,18110
2022-04-12 13:25:00,126.99,126.99,126.8,126.8,5493
2022-04-12 13:30:00,126.76,126.9,126.73,126.88,10620
2022-04-12 13:35:00,126.86,126.86,126.7001,126.7187,10824
2022-04-12 13:40:00,126.74,126.76,126.54,126.545,11655
2022-04-12 13:45:00,126.56,126.56,126.44,126.51,12046
2022-04-12 13:50:00,126.5,126.51,126.41,126.4483,15095
2022-04-12 13:55:00,126.4324,126.4324,126.2601,126.345,14433
2022-04-12 14:00:00,126.355,126.426,126.25,126.415,25052
2022-04-12 14:05:00,126.41,126.585,126.41,126.46,15774
2022-04-12 14:10:00,126.45,126.48,126.34,126.34,12482
2022-04-12 14:15:00,126.369,126.38,126.275,126.325,24872
2022-04-12 14:20:00,126.31,126.48,126.31,126.3552,14253
2022-04-12 14:25:00,126.35,126.39,126.291,126.295,9512
2022-04-12 14:30:00,126.31,126.36,126.18,126.34,9148
2022-04-12 14:35:00,126.32,126.39,126.2818,126.3,19587
2022-04-12 14:40:00,126.28,126.31,126.18,126.19,13789
2022-04-12 14:45:00,126.24,126.33,126.22,126.27,10214
2022-04-12 14:50:00,126.265,126.28,126.17,126.205,10401
2022-04-12 14:55:00,126.27,126.3,126.17,126.23,14528
2022-04-12 15:00:00,126.22,126.27,125.94,125.95,39280
2022-04-12 15:05:00,125.95,125.99,125.815,125.84,19354
2022-04-12 15:10:00,125.83,125.865,125.69,125.77,20128
2022-04-12 15:15:00,125.765,125.83,125.73,125.79,15402
2022-04-12 15:20:00,125.795,125.95,125.795,125.84,15832
2022-04-12 15:25:00,125.83,125.83,125.6,125.63,19432
2022-04-12 15:30:00,125.63,125.7444,125.6,125.64,17661
2022-04-12 15:35:00,125.656,125.8,125.5835,125.75,25619
2022-04-12 15:40:00,125.75,125.97,125.72,125.93,49592
2022-04-12 15:45:00,125.92,126.1,125.86,125.98,51456
2022-04-12 15:50:00,126.0,126.05,125.87,126.01,57898
2022-04-12 15:55:00,126.01,126.14,125.95,125.98,118744
2022-04-12 16:00:00,125.98,125.98,125.98,125.98,366212
2022-04-12 16:05:00,125.98,125.98,125.98,125.98,153
2022-04-12 16:10:00,126.0,126.0,126.0,126.0,172
2022-04-12 16:20:00,125.98,125.98,125.98,125.98,805
2022-04-12 16:25:00,125.98,125.98,125.98,125.98,429
2022-04-12 17:05:00,125.98,125.98,125.98,125.98,100
2022-04-12 17:25:00,126.23,126.23,126.23,126.23,1193
2022-04-12 17:30:00,126.2,126.2,126.2,126.2,100
2022-04-12 18:00:00,126.38,126.38,126.38,126.38,119
2022-04-12 18:20:00,126.1,126.1,126.1,126.1,493
2022-04-12 18:50:00,126.2,126.2,126.2,126.2,328
2022-04-12 19:20:00,126.05,126.05,126.05,126.05,250
2022-04-13 08:00:00,126.68,126.68,126.68,126.68,100
2022-04-13 08:30:00,126.19,126.19,126.19,126.19,100
2022-04-13 09:25:00,125.84,125.84,125.75,125.75,1288
2022-04-13 09:30:00,125.64,126.64,125.58,126.6031,80513
2022-04-13 09:35:00,126.6,126.67,126.25,126.335,16864
2022-04-13 09:40:00,126.37,126.47,126.01,126.09,14390
2022-04-13 09:45:00,126.09,126.13,125.7958,126.08,15654
2022-04-13 09:50:00,126.08,126.09,125.85,125.94,18928
2022-04-13 09:55:00,125.9201,126.01,125.71,125.78,22531
2022-04-13 10:00:00,125.72,125.82,125.52,125.55,34080
2022-04-13 10:05:00,125.58,125.81,125.45,125.505,28833
2022-04-13 10:10:00,125.5069,125.72,125.45,125.62,18211
2022-04-13 10:15:00,125.66,125.66,125.41,125.4226,20644
2022-04-13 10:20:00,125.43,125.45,125.25,125.399,20070
2022-04-13 10:25:00,125.42,125.42,125.16,125.17,16306
2022-04-13 10:30:00,125.17,125.48,125.1,125.48,22669
2022-04-13 10:35:00,125.48,125.54,125.39,125.4,10395
2022-04-13 10:40:00,125.4,125.41,125.22,125.275,14562
2022-04-13 10:45:00,125.3,125.4,125.25,125.315,9929
2022-04-13 10:50:00,125.304,125.3387,125.15,125.17,15878
2022-04-13 10:55:00,125.175,125.27,125.12,125.205,11228
2022-04-13 11:00:00,125.2,125.32,125.13,125.3,33148
2022-04-13 11:05:00,125.32,125.35,125.18,125.19,19568
2022-04-13 11:10:00,125.19,125.3016,125.18,125.245,15340
2022-04-13 11:15:00,125.23,125.51,125.2,125.47,23951
2022-04-13 11:20:00,125.46,125.46,125.3254,125.4,16451
2022-04-13 11:25:00,125.42,125.5765,125.42,125.46,11243
2022-04-13 11:30:00,125.43,125.62,125.42,125.505,26033
2022-04-13 11:35:00,125.56,125.71,125.44,125.44,31597
2022-04-13 11:40:00,125.418,125.45,125.33,125.36,17339
2022-04-13 11:45:00,125.385,125.3874,125.3083,125.345,16324
2022-04-13 11:50:00,125.34,125.35,125.2,125.2,18294
2022-04-13 11:55:00,125.2,125.21,125.045,125.06,16695
2022-04-13 12:00:00,125.05,125.08,125.01,125.02,33349
2022-04-13 12:05:00,125.01,125.14,124.94,125.055,82660
2022-04-13 12:10:00,125.06,125.06,124.91,125.0,22446
2022-04-13 12:15:00,124.99,125.165,124.9847,125.1583,25795
2022-04-13 12:20:00,125.14,125.28,125.12,125.23,13213
2022-04-13 12:25:00,125.23,125.36,125.22,125.2897,22016
2022-04-13 12:30:00,125.32,125.43,125.3154,125.39,13941
2022-04-13 12:35:00,125.4,125.4786,125.365,125.38,10573
2022-04-13 12:40:00,125.39,125.48,125.37,125.4732,10672
2022-04-13 12:45:00,125.48,125.525,125.445,125.47,9415
2022-04-13 12:50:00,125.46,125.51,125.37,125.42,14089
2022-04-13 12:55:00,125.43,125.49,125.3,125.31,13815
2022-04-13 13:00:00,125.3,125.435,125.285,125.4338,26268
2022-04-13 13:05:00,125.4445,125.6,125.4445,125.54,10078
2022-04-13 13:10:00,125.55,125.631,125.55,125.59,10735
2022-04-13 13:15:00,125.57,125.7619,125.56,125.74,17460
2022-04-13 13:20:00,125.755,125.8233,125.74,125.77,12337
2022-04-13 13:25:00,125.77,125.77,125.63,125.645,16580
2022-04-13 13:30:00,125.65,125.67,125.4688,125.51,11068
2022-04-13 13:35:00,125.52,125.53,125.45,125.52,6810
2022-04-13 13:40:00,125.5362,125.62,125.49,125.5,12084
2022-04-13 13:45:00,125.51,125.64,125.51,125.62,6855
2022-04-13 13:50:00,125.61,125.69,125.5636,125.5784,9256
2022-04-13 13:55:00,125.57,125.58,125.48,125.48,24952
2022-04-13 14:00:00,125.49,125.655,125.485,125.64,19591
2022-04-13 14:05:00,125.65,125.74,125.625,125.675,16991
2022-04-13 14:10:00,125.67,125.67,125.5401,125.62,20911
2022-04-13 14:15:00,125.6173,125.68,125.6173,125.675,22388
2022-04-13 14:20:00,125.7,125.73,125.37,125.4,46383
2022-04-13 14:25:00,125.41,125.48,125.34,125.46,14829
2022-04-13 14:30:00,125.46,125.555,125.46,125.54,14447
2022-04-13 14:35:00,125.55,125.68,125.54,125.64,18619
2022-04-13 14:40:00,125.655,125.77,125.64,125.755,9439
2022-04-13 14:45:00,125.765,125.84,125.75,125.81,12565
2022-04-13 14:50:00,125.82,125.88,125.81,125.83,13383
2022-04-13 14:55:00,125.82,125.84,125.78,125.7809,9700
2022-04-13 15:00:00,125.77,125.83,125.72,125.79,28995
2022-04-13 15:05:00,125.8,125.97,125.8,125.945,16704
2022-04-13 15:10:00,125.94,126.02,125.94,125.955,28082
2022-04-13 15:15:00,125.94,126.04,125.93,126.01,17458
2022-04-13 15:20:00,126.02,126.15,125.9902,126.15,24717
2022-04-13 15:25:00,126.155,126.18,126.07,126.12,20616
2022-04-13 15:30:00,126.13,126.26,126.09,126.25,24064
2022-04-13 15:35:00,126.25,126.3,126.2,126.28,29711
2022-04-13 15:40:00,126.27,126.36,126.18,126.23,44869
2022-04-13 15:45:00,126.24,126.29,126.17,126.22,41606
2022-04-13 15:50:00,126.24,126.25,126.08,126.17,67096
2022-04-13 15:55:00,126.17,126.21,126.05,126.17,118832
2022-04-13 16:00:00,126.14,126.14,126.14,126.14,443362
2022-04-13 16:10:00,126.42,126.42,126.42,126.42,102
2022-04-13 16:25:00,126.0,126.0,126.0,126.0,1000
2022-04-13 16:30:00,126.14,126.14,126.14,126.14,1204
2022-04-13 17:00:00,126.31,127.59,126.31,127.49,29034
2022-04-13 17:05:00,127.2,128.3,127.2,128.05,15548
2022-04-13 17:10:00,128.05,129.03,126.14,129.0,18965
2022-04-13 17:15:00,128.53,128.53,128.34,128.5,2542
2022-04-13 17:20:00,128.7,128.85,128.7,128.71,300
2022-04-13 17:25:00,128.31,128.35,128.31,128.35,200
2022-04-13 17:30:00,128.36,128.36,128.33,128.33,265
2022-04-13 17:35:00,128.48,128.48,128.48,128.48,100
2022-04-13 17:40:00,128.31,128.31,128.31,128.31,417
2022-04-13 17:45:00,128.25,128.25,128.25,128.25,924
2022-04-13 18:00:00,128.01,128.01,128.01,128.01,100
2022-04-13 18:10:00,128.4,128.4,128.4,128.4,100
2022-04-13 18:45:00,128.21,128.25,128.21,128.25,300
2022-04-13 18:50:00,128.24,128.48,128.24,128.48,535
2022-04-13 19:00:00,128.2001,128.22,128.2,128.2,1000
2022-04-13 19:05:00,128.21,128.21,128.01,128.01,1895
2022-04-13 19:10:00,127.95,127.95,127.95,127.95,500
2022-04-13 19:15:00,127.95,127.99,127.94,127.99,2200
2022-04-13 19:40:00,127.76,127.92,127.76,127.92,300
2022-04-13 19:45:00,127.84,127.84,127.8,127.8,902
2022-04-13 19:50:00,127.92,128.0,127.92,127.95,2587
2022-04-14 04:00:00,128.16,128.16,128.16,128.16,500
2022-04-14 05:45:00,128.5,128.66,128.5,128.66,709
2022-04-14 06:10:00,128.8,128.8,128.8,128.8,315
2022-04-14 06:20:00,128.79,128.85,128.79,128.85,1000
2022-04-14 06:35:00,128.5,128.5,128.5,128.5,1035
2022-04-14 06:55:00,129.43,129.8,128.79,129.8,838
2022-04-14 07:00:00,128.63,128.84,128.63,128.75,1243
2022-04-14 07:05:00,128.6,128.8,128.6,128.8,1051
2022-04-14 07:20:00,128.6,128.79,128.6,128.79,471
2022-04-14 07:35:00,128.6,128.6,128.52,128.53,2569
2022-04-14 07:40:00,128.53,128.53,128.53,128.53,600
2022-04-14 07:50:00,128.5,128.5,128.5,128.5,218
2022-04-14 07:55:00,128.6,128.6,128.6,128.6,300
2022-04-14 08:00:00,128.78,128.88,128.55,128.75,2698
2022-04-14 08:05:00,128.65,128.65,128.65,128.65,299
2022-04-14 08:10:00,128.52,128.55,128.5,128.5,1301
2022-04-14 08:15:00,128.6499,128.65,128.6499,128.65,250
2022-04-14 08:20:00,128.5014,128.65,128.4,128.4,850
2022-04-14 08:25:00,128.39,128.39,128.39,128.39,100
2022-04-14 08:30:00,128.48,128.48,128.42,128.42,350
2022-04-14 08:35:00,128.42,128.42,128.24,128.3,1260
2022-04-14 08:40:00,128.42,128.42,128.27,128.27,3216
2022-04-14 08:45:00,128.18,128.18,128.1,128.1,598
2022-04-14 08:50:00,128.0,128.0,127.94,128.0,4572
2022-04-14 08:55:00,127.82,127.98,127.82,127.96,400
2022-04-14 09:05:00,127.99,128.0,127.99,128.0,230
2022-04-14 09:10:00,128.15,128.3,128.07,128.3,7415
2022-04-14 09:15:00,128.25,128.48,128.05,128.48,1700
2022-04-14 09:20:00,128.46,128.5,128.45,128.48,1895
2022-04-14 09:25:00,128.61,129.0,128.49,128.94,6865
2022-04-14 09:30:00,128.93,129.32,128.49,129.18,415578
2022-04-14 09:35:00,129.25,130.0,129.13,129.71,155983
2022-04-14 09:40:00,129.7,130.31,129.49,130.095,231896
2022-04-14 09:45:00,130.085,130.58,129.99,130.4,194210
2022-04-14 09:50:00,130.38,130.42,129.5314,129.62,115484
2022-04-14 09:55:00,129.61,129.7395,129.17,129.24,73631
2022-04-14 10:00:00,129.22,129.37,129.03,129.0789,104246
2022-04-14 10:05:00,129.05,129.1,128.59,128.76,84783
2022-04-14 10:10:00,128.8,129.145,128.78,128.97,61433
2022-04-14 10:15:00,128.98,129.0,128.85,128.935,37004
2022-04-14 10:20:00,128.95,129.065,128.82,128.88,28191
2022-04-14 10:25:00,128.88,128.98,128.84,128.915,29490
2022-04-14 10:30:00,128.92,129.125,128.88,129.125,53010
2022-04-14 10:35:00,129.14,129.26,129.07,129.1688,49993
2022-04-14 10:40:00,129.17,129.29,128.94,128.955,69884
2022-04-14 10:45:00,128.94,129.21,128.935,129.03,40113
2022-04-14 10:50:00,129.0288,129.0288,128.56,128.6,61946
2022-04-14 10:55:00,128.575,128.6463,128.385,128.385,29832
2022-04-14 11:00:00,128.36,128.565,128.36,128.54,25874
2022-04-14 11:05:00,128.53,128.799,128.52,128.58,30223
2022-04-14 11:10:00,128.5729,128.6397,128.24,128.275,32582
2022-04-14 11:15:00,128.25,128.3369,127.93,128.03,42958
2022-04-14 11:20:00,128.03,128.11,127.81,128.05,34286
2022-04-14 11:25:00,128.055,128.14,127.97,128.13,46017
2022-04-14 11:30:00,128.12,128.12,127.9606,128.04,50661
2022-04-14 11:35:00,128.05,128.05,127.725,127.78,35639
2022-04-14 11:40:00,127.76,127.76,127.65,127.6894,38059
2022-04-14 11:45:00,127.675,127.71,127.52,127.6,65811
2022-04-14 11:50:00,127.6,127.6,127.49,127.54,35712
2022-04-14 11:55:00,127.54,127.63,127.49,127.55,126247
2022-04-14 12:00:00,127.545,127.58,127.24,127.3,131096
2022-04-14 12:05:00,127.3,127.635,127.1906,127.5,124823
2022-04-14 12:10:00,127.49,127.53,127.29,127.35,31684
2022-04-14 12:15:00,127.33,127.47,127.29,127.41,34194
2022-04-14 12:20:00,127.41,127.41,127.27,127.36,20576
2022-04-14 12:25:00,127.36,127.38,127.2,127.25,20900
2022-04-14 12:30:00,127.245,127.291,127.15,127.25,29402
2022-04-14 12:35:00,127.25,127.31,127.17,127.28,34492
2022-04-14 12:40:00,127.28,127.36,127.18,127.195,155531
2022-04-14 12:45:00,127.195,127.21,127.01,127.165,71468
2022-04-14 12:50:00,127.18,127.22,127.05,127.0898,41786
2022-04-14 12:55:00,127.12,127.27,127.08,127.26,38746
2022-04-14 13:00:00,127.27,127.35,127.11,127.27,49444
2022-04-14 13:05:00,127.28,127.28,127.16,127.215,11234
2022-04-14 13:10:00,127.24,127.285,127.15,127.16,19016
2022-04-14 13:15:00,127.16,127.17,127.05,127.1299,17400
2022-04-14 13:20:00,127.1,127.24,127.1,127.24,10481
2022-04-14 13:25:00,127.24,127.25,127.09,127.17,12855
2022-04-14 13:30:00,127.2,127.329,127.16,127.245,17983
2022-04-14 13:35:00,127.24,127.425,127.2112,127.38,34975
2022-04-14 13:40:00,127.37,127.48,127.355,127.44,25264
2022-04-14 13:45:00,127.435,127.55,127.42,127.53,19452
2022-04-14 13:50:00,127.52,127.56,127.46,127.51,14576
2022-04-14 13:55:00,127.48,127.64,127.48,127.63,26519
2022-04-14 14:00:00,127.6,127.76,127.57,127.71,27820
2022-04-14 14:05:00,127.745,127.79,127.55,127.58,36644
2022-04-14 14:10:00,127.55,127.66,127.54,127.66,13686
2022-04-14 14:15:00,127.66,127.67,127.5,127.53,11156
2022-04-14 14:20:00,127.52,127.53,127.4,127.4001,13379
2022-04-14 14:25:00,127.41,127.5,127.33,127.47,20846
2022-04-14 14:30:00,127.46,127.53,127.34,127.34,16387
2022-04-14 14:35:00,127.34,127.39,127.27,127.3095,20076
2022-04-14 14:40:00,127.305,127.39,127.305,127.39,11994
2022-04-14 14:45:00,127.37,127.39,127.23,127.32,37269
2022-04-14 14:50:00,127.32,127.3876,127.14,127.17,46905
2022-04-14 14:55:00,127.15,127.16,126.995,127.02,47372
2022-04-14 15:00:00,127.02,127.12,126.9499,127.01,34886
2022-04-14 15:05:00,127.02,127.0784,126.84,126.84,29232
2022-04-14 15:10:00,126.8539,126.87,126.765,126.8,34192
2022-04-14 15:15:00,126.8,127.02,126.79,126.985,34665
2022-04-14 15:20:00,126.98,127.03,126.89,126.93,33921
2022-04-14 15:25:00,126.92,127.06,126.77,126.99,52846
2022-04-14 15:30:00,126.99,126.99,126.65,126.65,58785
2022-04-14 15:35:00,126.64,126.76,126.5996,126.66,72017
2022-04-14 15:40:00,126.66,126.845,126.6302,126.78,57674
2022-04-14 15:45:00,126.7908,126.8099,126.63,126.735,72215
2022-04-14 15:50:00,126.73,126.77,126.57,126.605,114761
2022-04-14 15:55:00,126.605,126.73,126.38,126.51,289748
2022-04-14 16:00:00,126.56,126.56,126.56,126.56,493038
2022-04-14 16:05:00,126.6,126.6,126.59,126.6,800
2022-04-14 16:20:00,126.56,126.56,126.56,126.56,2642
2022-04-14 16:30:00,126.56,126.56,126.56,126.56,17802
2022-04-14 16:40:00,126.66,126.66,126.66,126.66,200
2022-04-14 16:45:00,126.56,126.57,126.56,126.57,12771
2022-04-14 16:50:00,126.66,126.66,126.66,126.66,400
2022-04-14 17:00:00,126.66,126.66,126.66,126.66,192
2022-04-14 17:25:00,126.66,126.66,126.66,126.66,100
2022-04-14 18:00:00,126.66,126.67,126.66,126.67,400
2022-04-14 18:05:00,126.67,126.85,126.67,126.67,800
2022-04-14 18:10:00,126.8,126.8,126.75,126.75,1495
