2022-04-01 05:30:00,357.404,357.404,357.404,357.404,110
2022-04-01 08:25:00,356.8847,356.8847,356.8847,356.8847,215
2022-04-01 09:30:00,358.7221,361.5782,357.6736,360.9391,78979
2022-04-01 09:35:00,361.1338,362.2771,360.4198,360.999,30864
2022-04-01 09:40:00,361.2287,363.116,360.4198,363.116,19117
2022-04-01 09:45:00,363.2359,363.3956,362.0076,362.1973,43771
2022-04-01 09:50:00,361.9976,362.2622,361.1887,362.0164,18107
2022-04-01 09:55:00,361.9976,362.6234,361.8079,362.2872,17433
2022-04-01 10:00:00,362.2672,363.2459,361.4883,363.2459,113516
2022-04-01 10:05:00,363.1246,363.9496,363.0661,363.6924,23664
2022-04-01 10:10:00,363.4156,364.8736,363.4156,364.584,25692
2022-04-01 10:15:00,364.6689,365.1789,364.3144,364.614,29813
2022-04-01 10:20:00,364.609,365.7923,364.3643,365.6725,32179
2022-04-01 10:25:00,365.8223,366.1918,365.5127,365.9421,35596
2022-04-01 10:30:00,365.9521,366.9907,365.7124,366.8159,58086
2022-04-01 10:35:00,366.8159,367.3756,366.5513,366.5613,26794
2022-04-01 10:40:00,366.5113,366.6711,365.2231,365.5077,29183
2022-04-01 10:45:00,365.5726,366.1668,365.4228,365.8223,19464
2022-04-01 10:50:00,365.8323,366.3216,365.0034,365.0034,14173
2022-04-01 10:55:00,365.0783,365.1832,364.2644,364.3344,20011
2022-04-01 11:00:00,364.3693,365.1332,364.1446,364.7837,25468
2022-04-01 11:05:00,364.7737,365.8023,364.4442,365.6126,18794
2022-04-01 11:10:00,365.6525,365.8922,365.3729,365.7724,35697
2022-04-01 11:15:00,365.8123,366.3416,365.5127,366.3116,20462
2022-04-01 11:20:00,366.2417,367.1804,366.2294,366.9158,31265
2022-04-01 11:25:00,366.8509,366.9108,366.4215,366.4314,25768
2022-04-01 11:30:00,366.4314,366.8109,365.9821,366.4914,21080
2022-04-01 11:35:00,366.3615,366.3815,366.002,366.2367,11461
2022-04-01 11:40:00,366.1518,366.9407,366.1418,366.7011,16509
2022-04-01 11:45:00,366.6262,367.0656,366.2217,366.3166,23345
2022-04-01 11:50:00,366.3116,366.731,365.6625,366.731,9623
2022-04-01 11:55:00,366.6761,366.6761,365.1632,365.5077,7457
2022-04-01 12:00:00,365.5277,365.5527,364.8736,365.0434,15622
2022-04-01 12:05:00,365.0134,365.1233,364.4442,364.9835,14918
2022-04-01 12:10:00,364.9835,365.4927,364.9335,365.4628,12818
2022-04-01 12:15:00,365.4927,365.6925,364.9335,365.283,8169
2022-04-01 12:20:00,365.283,365.5527,364.9535,365.1932,8895
2022-04-01 12:25:00,365.1632,365.303,364.614,365.0633,9678
2022-04-01 12:30:00,365.0534,365.0833,364.0647,364.1945,8239
2022-04-01 12:35:00,364.1047,364.3543,364.0448,364.1945,4254
2022-04-01 12:40:00,364.0148,364.3743,363.7269,364.3743,8344
2022-04-01 12:45:00,364.2644,364.2644,363.6054,363.9049,4978
2022-04-01 12:50:00,363.6952,363.7252,363.3208,363.4755,3822
2022-04-01 12:55:00,363.4755,363.7851,363.0861,363.0861,5549
2022-04-01 13:00:00,363.2409,363.4855,363.0178,363.181,6805
2022-04-01 13:05:00,363.3326,363.5554,362.7383,362.7383,12207
2022-04-01 13:10:00,362.7765,362.7965,362.2472,362.4669,6110
2022-04-01 13:15:00,362.397,362.6866,362.2872,362.5968,7901
2022-04-01 13:20:00,362.5368,362.9363,361.6581,362.8183,20594
2022-04-01 13:25:00,362.6767,363.1859,362.5288,362.8564,4518
2022-04-01 13:30:00,363.136,363.2509,362.9463,363.0062,3766
2022-04-01 13:35:00,363.0012,363.6496,362.9862,363.6054,8219
2022-04-01 13:40:00,363.5854,364.4941,363.5055,363.9499,8484
2022-04-01 13:45:00,363.947,363.9504,363.6253,363.6553,11144
2022-04-01 13:50:00,363.6653,363.865,363.4805,363.7851,4520
2022-04-01 13:55:00,363.6653,363.6653,363.2972,363.4955,23840
2022-04-01 14:00:00,363.4356,364.1147,363.2858,363.9049,31218
2022-04-01 14:05:00,363.9249,364.2744,363.855,363.875,11112
2022-04-01 14:10:00,363.7452,363.7851,363.3208,363.6054,5037
2022-04-01 14:15:00,363.6154,363.6453,362.9963,362.9963,6428
2022-04-01 14:20:00,362.9962,363.2459,362.7565,362.9363,7466
2022-04-01 14:25:00,362.8264,363.6453,362.8264,363.5055,10449
2022-04-01 14:30:00,363.5055,363.6453,363.2359,363.5954,18730
2022-04-01 14:35:00,363.6453,363.6453,363.171,363.2259,8330
2022-04-01 14:40:00,363.2558,363.5355,363.0362,363.3957,6938
2022-04-01 14:45:00,363.4356,363.5554,362.9263,363.171,5611
2022-04-01 14:50:00,363.1959,363.1959,362.4969,362.5968,11558
2022-04-01 14:55:00,362.6068,362.7865,362.0575,362.2472,5837
2022-04-01 15:00:00,362.1624,362.7665,362.1074,362.427,10467
2022-04-01 15:05:00,362.4869,362.6866,362.1174,362.2127,6287
2022-04-01 15:10:00,362.2957,362.3571,361.9976,361.9976,19902
2022-04-01 15:15:00,362.0925,362.1574,361.1987,361.1987,10842
2022-04-01 15:20:00,361.2287,361.7679,361.0389,361.7579,10254
2022-04-01 15:25:00,361.728,361.8478,361.3485,361.8178,9172
2022-04-01 15:30:00,361.7779,361.9976,361.0339,361.1588,20678
2022-04-01 15:35:00,361.2986,361.2986,360.8492,360.9441,20926
2022-04-01 15:40:00,360.989,361.3385,360.6495,360.7294,37886
2022-04-01 15:45:00,360.6994,361.5582,360.5196,361.3685,158225
2022-04-01 15:50:00,361.5582,362.4669,361.5482,362.2472,64570
2022-04-01 15:55:00,362.2423,363.5654,361.9676,363.4556,123802
2022-04-01 16:00:00,363.4656,363.4656,363.4656,363.4656,445986
2022-04-01 17:25:00,360.5696,360.5696,360.5696,360.5696,100
2022-04-04 07:35:00,364.0647,364.0647,364.0647,364.0647,100
2022-04-04 08:10:00,363.9249,363.9249,363.9249,363.9249,100
2022-04-04 09:30:00,363.7452,365.6226,362.6467,362.8065,64255
2022-04-04 09:35:00,362.8065,365.9921,362.7565,365.2656,19939
2022-04-04 09:40:00,365.0833,366.0839,364.7238,365.7437,17969
2022-04-04 09:45:00,366.1019,366.4814,364.8936,365.2581,14325
2022-04-04 09:50:00,365.2531,366.4215,365.1083,365.8423,15834
2022-04-04 09:55:00,365.8572,366.3715,364.8436,364.8636,16867
2022-04-04 10:00:00,364.9235,365.1233,364.4941,364.8936,17949
2022-04-04 10:05:00,364.936,365.8413,364.1966,365.5726,30978
2022-04-04 10:10:00,365.4428,366.6212,365.4428,366.5712,17698
2022-04-04 10:15:00,366.6412,366.9208,366.2174,366.4514,16255
2022-04-04 10:20:00,366.4941,367.6797,366.3116,367.6697,15325
2022-04-04 10:25:00,367.7296,368.0941,367.5099,367.9393,28063
2022-04-04 10:30:00,368.0094,368.159,367.6198,368.0392,27760
2022-04-04 10:35:00,368.1341,369.1377,367.9843,368.5884,24737
2022-04-04 10:40:00,368.5385,368.5585,366.4215,366.4215,23942
2022-04-04 10:45:00,366.4914,366.5812,365.9921,365.9921,12600
2022-04-04 10:50:00,366.2317,366.5812,365.9022,366.4514,18525
2022-04-04 10:55:00,366.474,366.8808,366.3016,366.6412,7103
2022-04-04 11:00:00,366.5812,367.7995,366.5812,367.7995,9820
2022-04-04 11:05:00,367.6897,367.8595,367.4101,367.7496,12854
2022-04-04 11:10:00,367.6897,367.8195,367.2203,367.7197,23631
2022-04-04 11:15:00,367.7197,368.0891,367.4102,367.996,6557
2022-04-04 11:20:00,367.9194,368.6584,367.7496,368.3388,7917
2022-04-04 11:25:00,368.4586,368.4986,368.1191,368.2539,16014
2022-04-04 11:30:00,368.2689,368.6109,368.1091,368.5385,8859
2022-04-04 11:35:00,368.5036,368.878,368.3837,368.8131,14017
2022-04-04 11:40:00,368.8181,369.2326,368.7882,369.1477,10608
2022-04-04 11:45:00,369.1377,369.2375,368.878,368.9879,24651
2022-04-04 11:50:00,368.9879,369.2176,368.6983,369.2176,11310
2022-04-04 11:55:00,369.1627,369.2475,368.4625,368.6334,14479
2022-04-04 12:00:00,368.6284,368.8381,367.9094,368.0392,10190
2022-04-04 12:05:00,368.0891,368.2689,367.7995,368.0891,10564
2022-04-04 12:10:00,368.159,368.7183,367.9593,368.4886,11669
2022-04-04 12:15:00,368.3987,368.3987,367.7097,367.8295,13130
2022-04-04 12:20:00,367.9543,368.2839,367.9374,368.2389,6782
2022-04-04 12:25:00,368.209,369.0278,368.1291,369.0278,14220
2022-04-04 12:30:00,368.9779,368.9779,368.5785,368.5785,6044
2022-04-04 12:35:00,368.5685,368.5685,367.8195,367.8295,4177
2022-04-04 12:40:00,367.8445,367.8445,367.2453,367.2803,4280
2022-04-04 12:45:00,367.2976,367.6498,366.8908,367.0706,9937
2022-04-04 12:50:00,366.9707,367.1604,366.6095,367.0706,5072
2022-04-04 12:55:00,367.1005,367.3502,366.9632,366.9907,4971
2022-04-04 13:00:00,366.8009,366.9208,366.5513,366.5712,5897
2022-04-04 13:05:00,366.5013,366.5013,366.002,366.2617,2941
2022-04-04 13:10:00,366.2916,366.7155,366.1814,366.7011,9912
2022-04-04 13:15:00,366.6911,366.6911,366.0919,366.4514,16889
2022-04-04 13:20:00,366.3416,366.4015,366.1677,366.2617,2422
2022-04-04 13:25:00,366.1679,366.6112,366.1618,366.4215,4275
2022-04-04 13:30:00,366.3466,366.8109,366.3333,366.781,5702
2022-04-04 13:35:00,366.8509,366.8509,366.0719,366.0819,6170
2022-04-04 13:40:00,366.1219,366.4215,365.8922,366.4215,8725
2022-04-04 13:45:00,366.5413,366.5413,366.2517,366.476,8541
2022-04-04 13:50:00,366.3815,366.5912,366.241,366.2966,2956
2022-04-04 13:55:00,366.2317,366.5413,366.062,366.5413,6202
2022-04-04 14:00:00,366.5213,366.8808,366.2739,366.786,7653
2022-04-04 14:05:00,366.8708,366.9008,366.0919,366.2217,5184
2022-04-04 14:10:00,366.0719,366.2916,366.062,366.0919,3948
2022-04-04 14:15:00,366.012,366.3116,365.8522,366.3116,5440
2022-04-04 14:20:00,366.3565,366.5293,366.1019,366.4215,5530
2022-04-04 14:25:00,366.4714,366.7959,366.3915,366.781,3084
2022-04-04 14:30:00,366.874,366.874,366.5013,366.6012,4504
2022-04-04 14:35:00,366.7011,366.8109,366.5313,366.5912,3525
2022-04-04 14:40:00,366.6761,366.6961,365.6925,366.4514,13879
2022-04-04 14:45:00,366.4115,366.5613,365.8423,366.032,5460
2022-04-04 14:50:00,366.0819,366.0819,365.7124,365.8772,7005
2022-04-04 14:55:00,365.8822,365.9221,365.4264,365.5427,8208
2022-04-04 15:00:00,365.5527,365.6326,365.2431,365.323,9518
2022-04-04 15:05:00,365.4029,365.4977,365.293,365.3529,6833
2022-04-04 15:10:00,365.4478,365.4728,365.1932,365.3479,8644
2022-04-04 15:15:00,365.303,365.4628,365.2631,365.3629,6865
2022-04-04 15:20:00,365.4029,365.6126,365.3729,365.5327,13480
2022-04-04 15:25:00,365.5527,365.5748,365.2231,365.3479,33832
2022-04-04 15:30:00,365.333,365.9421,365.333,365.8922,12373
2022-04-04 15:35:00,365.8922,365.9471,365.6076,365.6188,15108
2022-04-04 15:40:00,365.6675,365.8323,365.3929,365.4927,15781
2022-04-04 15:45:00,365.3929,365.6326,365.1832,365.2031,24730
2022-04-04 15:50:00,365.313,366.2517,365.1632,365.7923,45238
2022-04-04 15:55:00,365.7624,366.5413,365.1932,366.5213,90133
2022-04-04 16:00:00,366.4015,366.4015,366.4015,366.4015,361599
2022-04-04 17:00:00,366.275,366.275,366.275,366.275,600
2022-04-04 19:25:00,365.5127,365.5127,365.5127,365.5127,800
2022-04-04 19:55:00,367.3901,367.3901,367.3901,367.3901,191
2022-04-05 09:25:00,365.6625,365.6625,363.6653,363.6653,700
2022-04-05 09:30:00,362.8065,365.6126,362.8065,364.0448,89942
2022-04-05 09:35:00,364.2644,365.8323,364.1646,364.7987,22892
2022-04-05 09:40:00,364.8736,365.9621,364.1945,365.283,19340
2022-04-05 09:45:00,365.3729,366.1418,365.1432,365.5676,12789
2022-04-05 09:50:00,365.5826,366.3416,364.9635,366.042,12365
2022-04-05 09:55:00,366.1319,366.4015,365.5626,365.9821,8120
2022-04-05 10:00:00,365.8622,367.1205,365.5377,366.1219,12956
2022-04-05 10:05:00,365.9022,366.032,362.2572,362.5568,16124
2022-04-05 10:10:00,362.6966,363.6853,362.68,363.2159,14474
2022-04-05 10:15:00,363.4755,363.4755,361.7679,362.2073,23259
2022-04-05 10:20:00,362.2273,362.6068,362.0575,362.3671,14321
2022-04-05 10:25:00,362.397,363.5355,362.397,363.4506,10436
2022-04-05 10:30:00,363.5255,363.855,363.3857,363.4855,10615
2022-04-05 10:35:00,363.4706,363.9149,362.5818,362.8963,12767
2022-04-05 10:40:00,362.9762,363.845,362.9363,363.6952,10717
2022-04-05 10:45:00,363.6353,364.1746,363.5954,364.1746,13620
2022-04-05 10:50:00,364.1746,365.0733,364.0747,364.7438,12223
2022-04-05 10:55:00,364.7737,364.8871,364.0448,364.3344,14891
2022-04-05 11:00:00,364.4342,364.4442,363.6054,364.0048,14746
2022-04-05 11:05:00,364.1796,364.604,364.0847,364.1747,9616
2022-04-05 11:10:00,364.2844,364.9435,364.0148,364.9235,10877
2022-04-05 11:15:00,364.7937,364.9235,363.7102,364.0647,17017
2022-04-05 11:20:00,364.0947,364.4342,363.8301,363.9649,9259
2022-04-05 11:25:00,363.9549,364.564,363.7252,364.4941,13217
2022-04-05 11:30:00,364.4442,364.8636,364.1846,364.3443,11810
2022-04-05 11:35:00,364.4742,364.4742,363.146,363.146,9942
2022-04-05 11:40:00,363.2858,364.1147,363.2858,364.0634,11616
2022-04-05 11:45:00,364.1097,364.2944,363.5654,363.5704,6962
2022-04-05 11:50:00,363.5904,364.1138,363.4755,363.6453,5497
2022-04-05 11:55:00,363.7552,363.7951,363.4755,363.7352,4912
2022-04-05 12:00:00,363.7352,363.9049,363.3158,363.6753,6006
2022-04-05 12:05:00,363.8051,363.9449,363.5355,363.6653,7973
2022-04-05 12:10:00,363.6853,363.6952,363.116,363.2059,8285
2022-04-05 12:15:00,363.136,363.2119,362.7665,362.8065,7253
2022-04-05 12:20:00,362.7615,363.136,362.5968,363.136,7090
2022-04-05 12:25:00,363.116,363.1959,362.8264,362.8364,6302
2022-04-05 12:30:00,362.9263,363.4056,362.7416,363.4056,6495
2022-04-05 12:35:00,363.2359,363.875,363.136,363.875,5146
2022-04-05 12:40:00,363.7651,363.9349,363.4256,363.4955,5077
2022-04-05 12:45:00,363.4855,364.1446,363.4855,364.0647,7190
2022-04-05 12:50:00,364.2245,364.4841,363.9848,364.3443,7160
2022-04-05 12:55:00,364.3044,364.3643,364.0647,364.2345,4992
2022-04-05 13:00:00,364.1995,364.3543,363.7951,364.2545,6879
2022-04-05 13:05:00,364.2495,364.8836,363.9599,364.7538,7778
2022-04-05 13:10:00,364.8636,365.313,364.624,365.1432,6786
2022-04-05 13:15:00,365.313,365.4278,364.9353,365.333,10574
2022-04-05 13:20:00,365.4428,365.5726,365.1433,365.1433,7295
2022-04-05 13:25:00,365.303,365.303,364.7807,364.8611,5838
2022-04-05 13:30:00,364.7937,364.8137,363.8051,363.9349,6722
2022-04-05 13:35:00,363.8515,364.0048,363.6853,363.7751,5986
2022-04-05 13:40:00,363.845,364.0953,363.7152,363.9049,7634
2022-04-05 13:45:00,363.895,363.895,363.3757,363.5055,5133
2022-04-05 13:50:00,363.4356,363.6453,363.0761,363.156,5117
2022-04-05 13:55:00,363.2459,363.4556,363.0461,363.126,5894
2022-04-05 14:00:00,363.2159,363.2558,362.8864,363.0262,8972
2022-04-05 14:05:00,363.0262,363.4456,362.9463,363.1909,6192
2022-04-05 14:10:00,363.2758,363.4556,363.0162,363.3957,3878
2022-04-05 14:15:00,363.3058,363.5355,363.1859,363.4256,7118
2022-04-05 14:20:00,363.6353,363.7152,363.2159,363.4955,10561
2022-04-05 14:25:00,363.5454,363.855,363.3008,363.3657,6283
2022-04-05 14:30:00,363.3657,363.4156,363.0112,363.1859,5973
2022-04-05 14:35:00,363.2558,363.4556,362.5069,362.5768,12281
2022-04-05 14:40:00,362.5568,362.8821,362.0975,362.8364,13511
2022-04-05 14:45:00,362.7665,363.146,362.6767,362.8364,5693
2022-04-05 14:50:00,363.0362,363.146,362.8125,362.8764,7456
2022-04-05 14:55:00,362.9063,363.2658,362.5368,362.5568,5990
2022-04-05 15:00:00,362.6267,362.8215,362.3671,362.4869,5199
2022-04-05 15:05:00,362.5169,362.5518,362.1124,362.1773,6051
2022-04-05 15:10:00,362.2073,362.2672,361.708,361.8877,7953
2022-04-05 15:15:00,361.8877,362.2472,361.8079,361.9976,8896
2022-04-05 15:20:00,361.9976,363.116,361.9177,363.116,12243
2022-04-05 15:25:00,363.0661,363.146,362.6767,362.7266,10369
2022-04-05 15:30:00,362.6966,362.7216,361.678,361.678,13373
2022-04-05 15:35:00,361.7579,362.0276,361.4384,361.7779,18725
2022-04-05 15:40:00,361.8178,362.1674,361.5882,361.9976,27258
2022-04-05 15:45:00,361.9976,362.1674,361.4284,361.5782,33609
2022-04-05 15:50:00,361.5882,363.0761,361.5183,362.8264,40206
2022-04-05 15:55:00,362.7865,363.3757,362.0176,363.146,139318
2022-04-05 16:00:00,362.8165,362.8165,362.8165,362.8165,316278
2022-04-05 16:05:00,362.8165,362.8165,362.8165,362.8165,5402
2022-04-05 16:10:00,362.8165,362.8165,362.8165,362.8165,407
2022-04-05 16:50:00,362.7765,362.7765,362.7765,362.7765,2000
2022-04-05 16:55:00,362.7765,362.8165,362.7765,362.8165,679
2022-04-05 17:00:00,362.8165,362.8165,362.8165,362.8165,1250
2022-04-06 04:05:00,362.4969,362.4969,362.4969,362.4969,275
2022-04-06 07:45:00,357.5038,357.5038,357.5038,357.5038,100
2022-04-06 08:00:00,358.5024,358.5024,355.0373,355.0373,533
2022-04-06 08:10:00,354.8076,354.8076,354.8076,354.8076,100
2022-04-06 08:25:00,354.8176,354.8275,354.8076,354.8076,343
2022-04-06 08:30:00,355.5066,355.5066,355.5066,355.5066,130
2022-04-06 08:55:00,355.5066,355.5066,355.5066,355.5066,300
2022-04-06 09:20:00,354.8375,354.8375,354.8375,354.8375,100
2022-04-06 09:25:00,354.9873,354.9873,354.9873,354.9873,100
2022-04-06 09:30:00,355.976,356.5252,353.7091,356.1891,122659
2022-04-06 09:35:00,356.3554,356.4753,352.6607,352.6905,43362
2022-04-06 09:40:00,352.6905,353.2997,351.5364,352.367,64169
2022-04-06 09:45:00,352.341,353.4594,351.9915,352.5757,39327
2022-04-06 09:50:00,352.5407,354.0386,351.8716,351.8816,41925
2022-04-06 09:55:00,352.0564,352.7404,351.642,351.7219,27654
2022-04-06 10:00:00,351.7818,352.3909,350.7882,350.8331,22623
2022-04-06 10:05:00,350.7771,350.7771,349.6348,349.7746,27926
2022-04-06 10:10:00,349.7746,350.0342,349.0955,349.8045,41333
2022-04-06 10:15:00,349.435,351.7418,349.435,351.592,28449
2022-04-06 10:20:00,351.4672,353.2298,351.1726,352.4808,30836
2022-04-06 10:25:00,352.4808,353.9488,352.1918,353.8888,37494
2022-04-06 10:30:00,353.9787,354.1185,352.7604,353.0999,31842
2022-04-06 10:35:00,353.1798,353.814,352.7404,353.814,56478
2022-04-06 10:40:00,353.6492,354.508,353.3496,354.3882,31570
2022-04-06 10:45:00,354.2783,354.508,353.8689,354.1185,58520
2022-04-06 10:50:00,354.1784,354.508,353.9488,354.2084,15976
2022-04-06 10:55:00,354.1984,354.3482,353.0101,353.06,10842
2022-04-06 11:00:00,353.2198,354.508,352.9601,354.3482,13081
2022-04-06 11:05:00,354.3682,354.508,354.1784,354.3382,13709
2022-04-06 11:10:00,354.3083,354.508,354.1784,354.2883,16626
2022-04-06 11:15:00,354.3083,354.4031,353.5843,354.0087,13544
2022-04-06 11:20:00,354.2084,355.5212,354.2084,354.7776,18844
2022-04-06 11:25:00,354.7277,355.7463,354.5479,355.6963,11781
2022-04-06 11:30:00,355.5765,355.7962,355.4017,355.4017,13281
2022-04-06 11:35:00,355.4966,355.6764,354.3482,354.498,17091
2022-04-06 11:40:00,354.3682,354.9474,354.3083,354.8475,15248
2022-04-06 11:45:00,355.197,356.3055,354.7077,355.9788,10084
2022-04-06 11:50:00,356.1657,356.5901,356.0234,356.1557,8244
2022-04-06 11:55:00,356.2306,356.2306,355.227,355.5665,18656
2022-04-06 12:00:00,355.4067,355.6364,354.6079,354.6079,22911
2022-04-06 12:05:00,354.7127,354.7976,354.0886,354.1585,21972
2022-04-06 12:10:00,354.1784,354.6178,354.1335,354.4281,34165
2022-04-06 12:15:00,354.468,354.468,354.0486,354.2683,32940
2022-04-06 12:20:00,354.3282,354.9374,353.9837,354.9374,15772
2022-04-06 12:25:00,354.8825,354.8825,354.0986,354.2933,38128
2022-04-06 12:30:00,354.1984,354.7077,354.0187,354.3282,14094
2022-04-06 12:35:00,354.3482,354.4181,354.1036,354.3007,17200
2022-04-06 12:40:00,354.2783,354.508,353.4594,353.5693,26223
2022-04-06 12:45:00,353.5383,353.8439,352.8403,353.809,17427
2022-04-06 12:50:00,353.6247,353.9088,353.0101,353.3097,16409
2022-04-06 12:55:00,353.2897,353.4539,353.1099,353.2098,11964
2022-04-06 13:00:00,353.1512,353.2697,352.8004,352.8004,13580
2022-04-06 13:05:00,353.0001,353.6692,352.9601,353.1499,13051
2022-04-06 13:10:00,353.2198,353.3296,352.7106,353.1748,11991
2022-04-06 13:15:00,353.07,353.4295,352.9402,353.4295,11863
2022-04-06 13:20:00,353.3646,353.9787,353.3396,353.9288,11401
2022-04-06 13:25:00,353.9987,354.0486,353.3796,353.4295,8687
2022-04-06 13:30:00,353.4395,353.7391,352.8553,353.6592,8972
2022-04-06 13:35:00,353.4794,353.8389,353.1439,353.6791,9930
2022-04-06 13:40:00,353.7391,354.1884,353.6092,354.0187,12709
2022-04-06 13:45:00,353.9987,353.9987,353.3646,353.9687,12258
2022-04-06 13:50:00,353.9388,353.9887,353.08,353.08,13295
2022-04-06 13:55:00,353.07,353.1499,352.3011,352.4309,19984
2022-04-06 14:00:00,352.371,354.2983,351.9815,353.5044,16538
2022-04-06 14:05:00,353.5094,353.5094,351.1227,351.3119,20253
2022-04-06 14:10:00,351.2226,352.0115,350.9929,351.3324,15918
2022-04-06 14:15:00,351.3224,351.4223,350.9729,351.4223,12173
2022-04-06 14:20:00,351.4323,351.8816,351.1127,351.2875,20612
2022-04-06 14:25:00,351.5121,352.1313,351.2705,351.4622,10751
2022-04-06 14:30:00,351.5321,353.3456,351.0628,352.9801,25552
2022-04-06 14:35:00,353.04,353.5593,352.371,353.5094,18625
2022-04-06 14:40:00,353.4944,354.3133,353.3296,354.0986,21337
2022-04-06 14:45:00,353.9987,354.5979,353.2997,353.2997,25419
2022-04-06 14:50:00,353.5393,354.5479,353.2597,354.3382,29237
2022-04-06 14:55:00,354.3083,355.1571,354.2883,355.0772,7975
2022-04-06 15:00:00,355.187,356.1058,355.1012,355.8012,13770
2022-04-06 15:05:00,355.7862,355.7862,354.508,354.9973,20343
2022-04-06 15:10:00,355.1072,355.5769,354.3382,355.0073,15420
2022-04-06 15:15:00,355.0572,355.5126,354.2334,354.2484,19683
2022-04-06 15:20:00,354.1784,354.2883,353.4295,353.7391,14238
2022-04-06 15:25:00,353.7291,353.8589,352.7604,352.8902,18151
2022-04-06 15:30:00,352.7704,353.2997,352.2511,352.5008,15453
2022-04-06 15:35:00,352.6006,354.2284,352.3859,354.2284,21137
2022-04-06 15:40:00,354.1185,354.508,353.6791,354.2084,23836
2022-04-06 15:45:00,354.1085,354.9274,353.8938,354.6877,32440
2022-04-06 15:50:00,354.8375,355.0173,353.7391,353.8289,26500
2022-04-06 15:55:00,353.7191,354.0986,353.0001,353.3596,120587
2022-04-06 16:00:00,353.06,353.06,353.06,353.06,495542
2022-04-06 17:15:00,353.06,353.06,353.06,353.06,300
2022-04-06 18:15:00,353.06,353.06,353.06,353.06,147
2022-04-06 18:20:00,353.5094,353.5094,353.5094,353.5094,100
2022-04-07 06:00:00,353.06,353.06,353.06,353.06,236
2022-04-07 08:55:00,350.33,350.33,350.33,350.33,100
2022-04-07 09:00:00,349.25,349.25,349.25,349.25,116
2022-04-07 09:05:00,350.9,350.9,350.9,350.9,100
2022-04-07 09:10:00,349.9,350.0,349.89,350.0,3138
2022-04-07 09:20:00,351.0,351.0,351.0,351.0,456
2022-04-07 09:25:00,350.05,351.0,350.0,351.0,1124
2022-04-07 09:30:00,351.18,352.7,350.77,351.36,65197
2022-04-07 09:35:00,351.72,351.95,350.49,351.6975,17162
2022-04-07 09:40:00,351.53,352.7,350.22,351.66,25152
2022-04-07 09:45:00,351.74,352.715,350.95,350.95,14978
2022-04-07 09:50:00,351.095,352.075,350.91,351.76,18621
2022-04-07 09:55:00,351.72,352.9,350.7,352.51,23375
2022-04-07 10:00:00,352.19,352.75,351.39,352.0829,16819
2022-04-07 10:05:00,351.92,352.275,351.225,351.48,12134
2022-04-07 10:10:00,351.57,352.37,351.15,352.37,5901
2022-04-07 10:15:00,352.29,352.34,351.42,351.6,15001
2022-04-07 10:20:00,351.44,351.55,350.9005,351.3,10891
2022-04-07 10:25:00,351.17,351.17,349.96,349.96,16443
2022-04-07 10:30:00,349.99,350.305,349.19,349.63,26505
2022-04-07 10:35:00,349.68,350.37,349.25,349.335,17716
2022-04-07 10:40:00,349.22,349.65,348.41,349.28,24486
2022-04-07 10:45:00,349.245,349.86,349.19,349.41,12820
2022-04-07 10:50:00,349.49,350.0,349.49,349.9325,12350
2022-04-07 10:55:00,350.055,350.35,349.39,349.71,7555
2022-04-07 11:00:00,349.765,351.26,349.765,351.18,23685
2022-04-07 11:05:00,351.32,351.56,349.14,349.255,20536
2022-04-07 11:10:00,349.215,349.5095,348.83,349.205,12593
2022-04-07 11:15:00,349.17,349.2095,348.86,349.13,8480
2022-04-07 11:20:00,349.08,349.3,348.84,349.17,9433
2022-04-07 11:25:00,349.05,349.1,347.93,348.28,24987
2022-04-07 11:30:00,348.245,348.53,347.937,347.94,10629
2022-04-07 11:35:00,348.03,348.53,348.03,348.425,16590
2022-04-07 11:40:00,348.34,348.48,347.97,348.045,9658
2022-04-07 11:45:00,347.99,348.6,347.74,347.85,13906
2022-04-07 11:50:00,347.855,347.855,346.17,346.17,11080
2022-04-07 11:55:00,346.245,346.73,346.04,346.26,10244
2022-04-07 12:00:00,346.14,346.89,346.08,346.525,8997
2022-04-07 12:05:00,346.64,347.46,346.54,347.45,6905
2022-04-07 12:10:00,347.525,347.86,347.15,347.32,7795
2022-04-07 12:15:00,347.345,347.45,346.76,347.08,6407
2022-04-07 12:20:00,346.97,347.7,346.95,347.44,7013
2022-04-07 12:25:00,347.505,347.64,346.79,347.15,8996
2022-04-07 12:30:00,347.0,347.44,346.9,347.285,4927
2022-04-07 12:35:00,347.21,347.36,347.11,347.16,9018
2022-04-07 12:40:00,347.185,347.34,346.755,346.755,10368
2022-04-07 12:45:00,346.73,346.9811,346.17,346.34,12711
2022-04-07 12:50:00,346.28,346.93,346.11,346.7883,8561
2022-04-07 12:55:00,346.755,347.36,346.44,346.89,30662
2022-04-07 13:00:00,346.82,346.93,345.805,346.41,63680
2022-04-07 13:05:00,346.38,347.27,346.23,346.91,19416
2022-04-07 13:10:00,346.9,347.42,346.86,347.25,12330
2022-04-07 13:15:00,347.04,348.0239,347.04,347.9288,14020
2022-04-07 13:20:00,348.1,348.34,347.78,347.78,10261
2022-04-07 13:25:00,347.86,348.66,347.86,348.32,10110
2022-04-07 13:30:00,348.43,348.575,348.0976,348.17,11953
2022-04-07 13:35:00,348.07,348.38,347.7,347.74,10523
2022-04-07 13:40:00,347.76,348.04,347.53,347.75,10752
2022-04-07 13:45:00,347.75,348.31,347.69,347.76,10451
2022-04-07 13:50:00,347.62,348.0,347.49,347.905,12208
2022-04-07 13:55:00,347.95,349.09,347.95,349.09,11025
2022-04-07 14:00:00,349.27,349.805,349.03,349.415,6567
2022-04-07 14:05:00,349.75,349.895,349.3271,349.5996,7520
2022-04-07 14:10:00,349.55,349.93,349.32,349.8,10889
2022-04-07 14:15:00,349.65,349.66,348.85,348.8873,9698
2022-04-07 14:20:00,348.9,349.755,348.9,349.66,5727
2022-04-07 14:25:00,349.805,350.72,349.7,349.79,9868
2022-04-07 14:30:00,349.66,349.8,349.0,349.16,14287
2022-04-07 14:35:00,349.21,349.5664,348.84,349.47,7496
2022-04-07 14:40:00,349.44,350.12,349.08,349.94,13560
2022-04-07 14:45:00,349.9,350.11,349.48,349.78,11744
2022-04-07 14:50:00,349.75,350.2,349.475,349.83,23843
2022-04-07 14:55:00,349.99,350.82,349.93,350.7,17484
2022-04-07 15:00:00,350.7,351.36,350.5562,351.11,20058
2022-04-07 15:05:00,351.0854,351.625,350.93,351.245,27837
2022-04-07 15:10:00,351.25,351.4,350.92,351.37,16205
2022-04-07 15:15:00,351.39,351.7699,351.005,351.0612,18220
2022-04-07 15:20:00,351.06,351.09,350.375,350.54,29142
2022-04-07 15:25:00,350.51,350.67,350.08,350.22,17298
2022-04-07 15:30:00,350.07,350.85,350.045,350.83,20399
2022-04-07 15:35:00,350.81,350.9,350.585,350.9,20764
2022-04-07 15:40:00,350.88,351.27,350.66,351.21,29310
2022-04-07 15:45:00,351.15,351.41,350.4,350.67,25966
2022-04-07 15:50:00,350.7,351.055,349.84,350.34,55325
2022-04-07 15:55:00,350.345,350.345,349.48,349.61,115667
2022-04-07 16:00:00,349.48,349.55,349.48,349.55,444747
2022-04-07 16:25:00,349.5,349.5,349.5,349.5,200
2022-04-07 16:35:00,349.29,349.29,349.29,349.29,100
2022-04-07 17:00:00,349.0,349.0,349.0,349.0,100
2022-04-07 18:30:00,349.05,349.05,349.05,349.05,155
2022-04-07 18:35:00,349.07,349.07,349.07,349.07,127
2022-04-07 18:55:00,349.06,349.06,349.06,349.06,200
2022-04-07 19:15:00,349.4,349.4,349.4,349.4,200
2022-04-07 19:20:00,349.45,349.45,349.45,349.45,100
2022-04-07 19:40:00,349.45,349.45,349.45,349.45,100
2022-04-08 06:55:00,350.5,350.5,349.5,349.5,200
2022-04-08 07:25:00,349.55,349.55,349.55,349.55,200
2022-04-08 09:25:00,346.81,346.81,345.5,345.5,705
2022-04-08 09:30:00,347.3,348.64,346.9,347.45,60483
2022-04-08 09:35:00,347.435,347.74,346.4,347.28,14941
2022-04-08 09:40:00,347.07,347.32,345.645,346.275,16900
2022-04-08 09:45:00,346.43,348.1275,346.05,347.86,14559
2022-04-08 09:50:00,347.89,347.89,346.605,347.31,11387
2022-04-08 09:55:00,347.11,348.12,347.11,347.5,18343
2022-04-08 10:00:00,347.37,348.63,347.06,348.44,10761
2022-04-08 10:05:00,348.45,349.66,348.44,349.45,12175
2022-04-08 10:10:00,349.32,349.97,348.76,349.97,16970
2022-04-08 10:15:00,349.99,350.64,349.4,350.62,14265
2022-04-08 10:20:00,350.6,351.4855,350.5,351.4072,16968
2022-04-08 10:25:00,351.415,352.31,351.35,352.13,18237
2022-04-08 10:30:00,352.19,353.23,352.05,352.82,12773
2022-04-08 10:35:00,353.0,353.13,352.67,352.82,61860
2022-04-08 10:40:00,352.91,353.15,352.445,352.445,9738
2022-04-08 10:45:00,352.3,352.57,352.03,352.245,12789
2022-04-08 10:50:00,352.41,353.71,352.39,353.445,12450
2022-04-08 10:55:00,353.37,354.06,353.23,354.06,14793
2022-04-08 11:00:00,353.97,354.715,353.88,354.43,10386
2022-04-08 11:05:00,354.53,354.75,354.3761,354.67,9268
2022-04-08 11:10:00,354.64,355.05,354.5,354.71,8502
2022-04-08 11:15:00,354.725,355.2265,354.56,355.055,6712
2022-04-08 11:20:00,354.94,355.32,354.83,354.99,16920
2022-04-08 11:25:00,355.0,355.31,354.85,355.195,9535
2022-04-08 11:30:00,355.25,355.47,355.0,355.34,9091
2022-04-08 11:35:00,355.25,355.37,354.81,355.255,31472
2022-04-08 11:40:00,355.31,355.43,354.9,355.37,7573
2022-04-08 11:45:00,355.17,355.89,354.98,355.5459,9456
2022-04-08 11:50:00,355.44,355.6307,354.94,355.0,7861
2022-04-08 11:55:00,355.0,355.54,354.92,355.35,7806
2022-04-08 12:00:00,355.3947,355.3947,354.9,355.25,6932
2022-04-08 12:05:00,355.3312,355.42,354.46,354.87,7603
2022-04-08 12:10:00,354.861,355.06,354.47,354.495,5284
2022-04-08 12:15:00,354.49,355.1978,354.34,355.04,7436
2022-04-08 12:20:00,355.125,355.61,355.12,355.48,5262
2022-04-08 12:25:00,355.63,355.8,355.27,355.51,8740
2022-04-08 12:30:00,355.42,355.49,354.68,354.68,5090
2022-04-08 12:35:00,354.92,355.16,354.67,355.1,7015
2022-04-08 12:40:00,355.11,355.405,354.9,354.99,4856
2022-04-08 12:45:00,355.12,355.24,354.75,354.855,2933
2022-04-08 12:50:00,355.03,355.716,354.92,355.55,5387
2022-04-08 12:55:00,355.51,355.72,355.36,355.72,4897
2022-04-08 13:00:00,355.8,355.89,355.505,355.69,4963
2022-04-08 13:05:00,355.58,355.6177,355.38,355.58,3161
2022-04-08 13:10:00,355.62,355.71,355.08,355.27,7830
2022-04-08 13:15:00,355.27,355.27,354.86,354.96,11131
2022-04-08 13:20:00,355.02,355.75,355.02,355.52,10755
2022-04-08 13:25:00,355.46,355.51,354.75,354.975,11571
2022-04-08 13:30:00,355.0,355.14,354.85,354.85,5548
2022-04-08 13:35:00,354.78,355.03,354.6,354.66,4764
2022-04-08 13:40:00,354.64,355.015,354.58,355.015,4593
2022-04-08 13:45:00,354.96,355.055,354.67,354.87,10443
2022-04-08 13:50:00,354.78,355.297,354.71,354.94,14096
2022-04-08 13:55:00,354.83,355.055,354.78,354.85,5419
2022-04-08 14:00:00,354.86,355.06,354.4191,354.62,4843
2022-04-08 14:05:00,354.6,354.77,354.365,354.75,6054
2022-04-08 14:10:00,354.86,355.015,354.7,354.8,7126
2022-04-08 14:15:00,354.8,354.87,354.24,354.255,19162
2022-04-08 14:20:00,354.265,354.585,353.92,353.92,16478
2022-04-08 14:25:00,353.975,353.975,353.43,353.68,14944
2022-04-08 14:30:00,353.675,353.83,353.24,353.4788,21910
2022-04-08 14:35:00,353.37,353.99,353.1601,353.755,10242
2022-04-08 14:40:00,353.68,354.1,353.62,353.95,8434
2022-04-08 14:45:00,353.95,354.38,353.91,354.325,4884
2022-04-08 14:50:00,354.38,354.99,354.31,354.88,7045
2022-04-08 14:55:00,354.81,354.865,354.23,354.31,7330
2022-04-08 15:00:00,354.3,354.5,354.15,354.35,11113
2022-04-08 15:05:00,354.36,354.51,353.86,354.03,7802
2022-04-08 15:10:00,354.03,354.63,353.64,354.28,10734
2022-04-08 15:15:00,354.22,355.1007,354.1,354.36,12507
2022-04-08 15:20:00,354.2696,354.69,354.265,354.685,7577
2022-04-08 15:25:00,354.59,354.8574,354.46,354.57,12363
2022-04-08 15:30:00,354.66,355.0025,353.96,353.9675,13603
2022-04-08 15:35:00,353.97,353.97,353.221,353.42,10646
2022-04-08 15:40:00,353.32,353.93,352.96,353.85,21327
2022-04-08 15:45:00,353.71,354.095,353.135,353.17,24661
2022-04-08 15:50:00,353.32,353.58,352.38,352.54,28432
2022-04-08 15:55:00,352.49,352.77,351.44,352.77,131113
2022-04-08 16:00:00,352.27,352.27,352.27,352.27,392364
2022-04-08 16:10:00,352.37,352.37,352.37,352.37,100
2022-04-08 16:20:00,352.0,352.0,352.0,352.0,1000
2022-04-08 16:25:00,352.27,352.27,352.27,352.27,1418
2022-04-08 17:10:00,352.24,352.24,352.24,352.24,100
2022-04-11 08:05:00,349.98,349.98,349.98,349.98,102
2022-04-11 08:35:00,347.0,347.0,347.0,347.0,117
2022-04-11 09:20:00,349.05,349.05,349.05,349.05,462
2022-04-11 09:30:00,350.64,351.0,349.755,350.68,48931
2022-04-11 09:35:00,350.52,351.32,349.73,350.11,19420
2022-04-11 09:40:00,350.32,351.5,349.46,350.735,20233
2022-04-11 09:45:00,351.18,351.33,348.51,348.77,23832
2022-04-11 09:50:00,348.43,349.775,348.1,349.7675,13604
2022-04-11 09:55:00,349.66,349.99,348.78,349.37,18331
2022-04-11 10:00:00,349.37,349.49,348.3,348.77,12323
2022-04-11 10:05:00,348.56,349.9,348.445,348.64,16075
2022-04-11 10:10:00,348.61,349.12,347.53,348.26,11733
2022-04-11 10:15:00,348.3,349.03,347.36,347.51,11778
2022-04-11 10:20:00,347.51,347.82,347.0001,347.37,12746
2022-04-11 10:25:00,347.37,347.39,345.8191,346.93,13491
2022-04-11 10:30:00,346.68,348.08,346.61,347.73,14422
2022-04-11 10:35:00,347.69,347.69,346.49,347.27,8791
2022-04-11 10:40:00,347.21,347.33,346.3252,346.445,17197
2022-04-11 10:45:00,346.6,346.835,346.0,346.6267,10944
2022-04-11 10:50:00,346.506,347.61,346.34,347.55,12287
2022-04-11 10:55:00,347.55,347.57,347.29,347.4,4256
2022-04-11 11:00:00,347.22,348.24,347.2,347.82,11263
2022-04-11 11:05:00,347.63,347.71,346.98,347.37,8802
2022-04-11 11:10:00,347.32,347.44,346.11,346.64,9421
2022-04-11 11:15:00,346.69,347.42,346.64,347.13,14341
2022-04-11 11:20:00,347.0158,347.25,346.879,347.02,5260
2022-04-11 11:25:00,347.13,347.41,347.03,347.145,7034
2022-04-11 11:30:00,347.23,348.3738,347.23,348.2,8874
2022-04-11 11:35:00,348.19,348.735,348.0422,348.435,14519
2022-04-11 11:40:00,348.56,349.37,348.56,349.27,6009
2022-04-11 11:45:00,349.267,349.485,349.1,349.44,11384
2022-04-11 11:50:00,349.28,349.865,349.095,349.75,5294
2022-04-11 11:55:00,349.69,349.69,349.25,349.45,7915
2022-04-11 12:00:00,349.24,349.32,348.806,348.8543,3575
2022-04-11 12:05:00,348.87,348.9359,348.5,348.81,18675
2022-04-11 12:10:00,348.91,349.315,348.825,349.315,5172
2022-04-11 12:15:00,349.39,349.39,348.6454,348.71,8484
2022-04-11 12:20:00,348.7,348.9479,348.4257,348.8978,4684
2022-04-11 12:25:00,348.94,349.2,348.89,349.16,7269
2022-04-11 12:30:00,349.0162,349.25,348.97,349.09,8425
2022-04-11 12:35:00,349.15,349.25,348.73,348.755,5169
2022-04-11 12:40:00,348.79,349.25,348.79,348.995,8700
2022-04-11 12:45:00,349.04,349.25,348.99,349.132,8575
2022-04-11 12:50:00,349.1,349.31,348.45,348.7,30272
2022-04-11 12:55:00,348.588,349.4,348.55,349.27,10808
2022-04-11 13:00:00,349.32,350.17,349.32,349.95,9593
2022-04-11 13:05:00,349.95,350.16,349.8,349.97,5387
2022-04-11 13:10:00,350.17,350.77,349.91,350.605,10738
2022-04-11 13:15:00,350.58,350.6325,349.98,350.08,2831
2022-04-11 13:20:00,350.25,350.25,349.81,349.81,6807
2022-04-11 13:25:00,349.86,350.01,349.58,349.8,4640
2022-04-11 13:30:00,349.93,350.68,349.93,350.68,9043
2022-04-11 13:35:00,350.8,351.065,350.17,350.2,3758
2022-04-11 13:40:00,350.39,351.08,350.39,351.0,4767
2022-04-11 13:45:00,351.005,351.005,350.67,350.79,7085
2022-04-11 13:50:00,350.81,351.05,350.73,350.85,4360
2022-04-11 13:55:00,350.9074,351.12,350.72,350.99,7156
2022-04-11 14:00:00,350.975,350.975,350.63,350.72,6562
2022-04-11 14:05:00,350.74,351.48,350.685,351.27,10124
2022-04-11 14:10:00,351.15,351.25,350.46,350.48,6035
2022-04-11 14:15:00,350.545,350.545,349.93,349.975,3181
2022-04-11 14:20:00,350.0229,350.3,349.982,350.3,3958
2022-04-11 14:25:00,350.275,350.4682,350.18,350.3001,4287
2022-04-11 14:30:00,350.27,350.31,349.87,350.31,7259
2022-04-11 14:35:00,350.31,350.38,350.18,350.2317,3724
2022-04-11 14:40:00,350.32,350.43,350.06,350.21,5311
2022-04-11 14:45:00,350.24,350.54,350.06,350.54,6087
2022-04-11 14:50:00,350.61,351.0,350.52,350.725,6097
2022-04-11 14:55:00,350.875,350.875,350.42,350.44,5117
2022-04-11 15:00:00,350.42,350.975,350.0,350.0,10446
2022-04-11 15:05:00,349.99,350.28,349.94,350.165,5268
2022-04-11 15:10:00,350.23,350.34,349.95,350.12,6203
2022-04-11 15:15:00,350.15,350.24,349.75,349.95,7608
2022-04-11 15:20:00,349.98,350.08,349.7883,349.9496,5143
2022-04-11 15:25:00,349.965,349.965,349.27,349.445,7441
2022-04-11 15:30:00,349.4,349.55,348.72,348.77,9964
2022-04-11 15:35:00,348.71,348.91,348.37,348.76,29519
2022-04-11 15:40:00,348.85,349.05,348.65,348.98,22213
2022-04-11 15:45:00,348.96,349.0,347.83,347.905,26008
2022-04-11 15:50:00,347.86,348.06,347.24,347.25,44544
2022-04-11 15:55:00,347.32,347.83,346.855,347.58,101880
2022-04-11 16:00:00,347.37,347.37,347.37,347.37,257503
2022-04-11 19:35:00,347.37,347.37,347.37,347.37,400
2022-04-11 19:45:00,347.37,347.37,347.37,347.37,715
2022-04-12 04:05:00,340.05,340.05,340.0,340.0,634
2022-04-12 06:10:00,347.0,347.0,347.0,347.0,100
2022-04-12 08:30:00,348.16,348.2,348.01,348.01,571
2022-04-12 09:25:00,349.44,349.67,349.38,349.67,400
2022-04-12 09:30:00,350.0,351.73,348.6,348.85,66974
2022-04-12 09:35:00,348.51,348.55,347.11,347.7,26870
2022-04-12 09:40:00,347.8,348.96,346.97,348.34,27500
2022-04-12 09:45:00,348.44,349.61,348.0,348.685,25547
2022-04-12 09:50:00,348.81,350.475,348.32,350.36,22775
2022-04-12 09:55:00,350.43,350.71,350.0,350.59,17191
2022-04-12 10:00:00,350.69,351.37,350.22,350.67,45518
2022-04-12 10:05:00,350.59,352.14,350.55,352.04,29098
2022-04-12 10:10:00,352.17,352.275,350.64,351.42,35682
2022-04-12 10:15:00,351.59,352.14,350.9,351.65,36201
2022-04-12 10:20:00,351.65,353.59,351.62,353.59,29496
2022-04-12 10:25:00,353.49,353.97,352.8,352.96,32162
2022-04-12 10:30:00,352.935,353.27,352.55,353.26,23052
2022-04-12 10:35:00,353.26,353.26,351.835,352.115,37752
2022-04-12 10:40:00,351.99,351.99,351.38,351.65,10641
2022-04-12 10:45:00,351.66,351.76,350.28,350.53,10070
2022-04-12 10:50:00,350.33,350.54,349.69,350.48,9995
2022-04-12 10:55:00,350.41,351.235,350.24,351.04,10851
2022-04-12 11:00:00,351.11,351.7,350.78,351.7,11485
2022-04-12 11:05:00,351.635,352.55,351.6304,352.17,18727
2022-04-12 11:10:00,352.0412,352.53,351.94,352.53,12561
2022-04-12 11:15:00,352.5029,353.424,352.27,353.424,15857
2022-04-12 11:20:00,353.49,354.11,353.145,353.22,19319
2022-04-12 11:25:00,353.3,353.77,352.93,353.39,14442
2022-04-12 11:30:00,353.58,354.24,353.48,354.01,20453
2022-04-12 11:35:00,354.1,354.48,353.49,353.8,22222
2022-04-12 11:40:00,353.9,353.93,352.96,353.32,7371
2022-04-12 11:45:00,353.33,353.52,352.63,352.63,11029
2022-04-12 11:50:00,352.55,352.66,351.69,351.73,17015
2022-04-12 11:55:00,351.77,351.92,351.25,351.53,13404
2022-04-12 12:00:00,351.49,351.67,351.175,351.21,7411
2022-04-12 12:05:00,351.195,351.25,350.29,350.454,10257
2022-04-12 12:10:00,350.38,350.535,350.0,350.535,11456
2022-04-12 12:15:00,350.535,351.17,350.34,350.46,10266
2022-04-12 12:20:00,350.41,350.41,349.61,349.655,9711
2022-04-12 12:25:00,349.17,349.485,348.78,348.92,14352
2022-04-12 12:30:00,348.86,349.43,348.53,349.09,15318
2022-04-12 12:35:00,348.86,349.51,348.845,349.22,9952
2022-04-12 12:40:00,349.27,349.27,348.59,348.77,9244
2022-04-12 12:45:00,348.88,349.37,348.395,349.065,9107
2022-04-12 12:50:00,349.03,349.8,349.03,349.46,11793
2022-04-12 12:55:00,349.47,349.7725,349.1701,349.4,9276
2022-04-12 13:00:00,349.35,349.53,348.355,348.645,5938
2022-04-12 13:05:00,348.82,349.16,348.71,348.8338,4495
2022-04-12 13:10:00,348.92,349.32,348.78,349.07,8303
2022-04-12 13:15:00,348.985,349.24,348.63,349.24,5992
2022-04-12 13:20:00,349.25,349.49,348.66,348.84,10129
2022-04-12 13:25:00,348.79,348.79,348.35,348.35,9232
2022-04-12 13:30:00,348.38,348.74,348.0,348.67,6783
2022-04-12 13:35:00,348.715,348.885,348.26,348.29,4605
2022-04-12 13:40:00,348.2,348.3,347.31,347.335,8614
2022-04-12 13:45:00,347.34,347.65,347.0106,347.36,6468
2022-04-12 13:50:00,347.3,347.33,346.66,346.705,9674
2022-04-12 13:55:00,346.63,346.9675,346.3,346.9675,16359
2022-04-12 14:00:00,347.0,347.13,346.2,347.13,10436
2022-04-12 14:05:00,347.14,347.4468,346.89,347.2,10553
2022-04-12 14:10:00,347.15,347.17,346.625,346.64,12899
2022-04-12 14:15:00,346.53,346.72,346.03,346.46,10083
2022-04-12 14:20:00,346.49,347.105,346.44,346.93,13369
2022-04-12 14:25:00,346.845,347.07,346.41,346.41,10027
2022-04-12 14:30:00,346.57,346.9033,346.3,346.72,17792
2022-04-12 14:35:00,346.72,346.995,346.395,346.395,35375
2022-04-12 14:40:00,346.485,346.81,346.21,346.42,12738
2022-04-12 14:45:00,346.445,346.93,346.42,346.7,15728
2022-04-12 14:50:00,346.645,346.76,346.26,346.76,18162
2022-04-12 14:55:00,346.695,346.815,346.1,346.37,11159
2022-04-12 15:00:00,346.11,346.37,345.2,345.43,18073
2022-04-12 15:05:00,345.375,345.64,344.805,344.84,9513
2022-04-12 15:10:00,344.92,344.98,344.48,344.78,19230
2022-04-12 15:15:00,344.79,345.33,344.715,345.33,16402
2022-04-12 15:20:00,345.28,345.82,345.25,345.64,13515
2022-04-12 15:25:00,345.47,345.48,344.75,345.14,8598
2022-04-12 15:30:00,344.99,345.32,344.74,345.07,17328
2022-04-12 15:35:00,344.94,346.29,344.94,346.245,19838
2022-04-12 15:40:00,346.2,346.465,345.84,345.93,26555
2022-04-12 15:45:00,345.86,346.8983,345.615,346.33,23044
2022-04-12 15:50:00,346.03,346.6,345.62,346.21,26827
2022-04-12 15:55:00,346.23,346.41,345.46,345.91,118086
2022-04-12 16:00:00,345.8,345.8,345.8,345.8,265992
2022-04-12 16:10:00,346.0,346.0,346.0,346.0,122
2022-04-12 16:55:00,346.7999,346.7999,346.7999,346.7999,500
2022-04-12 18:15:00,346.7999,346.7999,346.7999,346.7999,400
2022-04-13 09:20:00,344.25,344.25,344.25,344.25,100
2022-04-13 09:30:00,344.41,345.8,342.87,345.485,62470
2022-04-13 09:35:00,345.74,349.71,345.575,349.6,27733
2022-04-13 09:40:00,349.32,351.19,349.02,349.98,33947
2022-04-13 09:45:00,350.09,351.66,350.08,351.63,20591
2022-04-13 09:50:00,351.63,352.33,350.36,350.87,28581
2022-04-13 09:55:00,350.9,350.98,348.785,348.94,24072
2022-04-13 10:00:00,348.89,349.07,347.26,348.29,39370
2022-04-13 10:05:00,348.44,350.0,348.12,348.705,22092
2022-04-13 10:10:00,348.79,350.5,348.53,350.19,20559
2022-04-13 10:15:00,350.405,352.13,350.405,352.03,27738
2022-04-13 10:20:00,351.88,352.07,350.87,351.975,16180
2022-04-13 10:25:00,351.81,352.17,351.505,351.8475,23675
2022-04-13 10:30:00,351.875,353.06,351.62,352.31,25502
2022-04-13 10:35:00,352.325,352.43,351.4,351.71,14365
2022-04-13 10:40:00,351.77,352.7,351.53,352.7,17649
2022-04-13 10:45:00,352.72,353.08,352.155,352.155,10579
2022-04-13 10:50:00,352.29,352.78,351.86,352.56,14085
2022-04-13 10:55:00,352.52,352.72,351.995,352.72,10879
2022-04-13 11:00:00,352.7,353.91,352.7,353.85,16574
2022-04-13 11:05:00,353.9,353.9,353.52,353.67,15890
2022-04-13 11:10:00,353.655,354.08,353.58,353.96,12783
2022-04-13 11:15:00,353.965,354.06,353.78,353.92,14503
2022-04-13 11:20:00,353.94,354.17,353.72,354.155,12433
2022-04-13 11:25:00,354.2,354.67,354.1,354.435,15571
2022-04-13 11:30:00,354.42,355.46,354.37,355.0,18453
2022-04-13 11:35:00,355.0,355.0,354.34,354.44,10809
2022-04-13 11:40:00,354.5,354.75,354.31,354.44,13094
2022-04-13 11:45:00,354.435,354.4831,354.01,354.235,12875
2022-04-13 11:50:00,354.26,354.48,353.82,354.46,9727
2022-04-13 11:55:00,354.56,354.58,353.97,354.175,12184
2022-04-13 12:00:00,354.34,354.58,354.135,354.455,9417
2022-04-13 12:05:00,354.455,355.375,354.455,355.375,15637
2022-04-13 12:10:00,355.31,355.505,354.862,354.95,15012
2022-04-13 12:15:00,354.86,355.22,354.625,355.085,8951
2022-04-13 12:20:00,355.03,355.225,354.4689,355.17,12765
2022-04-13 12:25:00,355.28,355.51,354.89,355.12,12593
2022-04-13 12:30:00,355.18,355.765,355.13,355.71,15013
2022-04-13 12:35:00,355.79,356.16,355.605,355.605,14079
2022-04-13 12:40:00,355.69,356.0,355.56,355.78,10565
2022-04-13 12:45:00,355.88,356.04,355.68,355.905,9667
2022-04-13 12:50:00,355.9088,356.005,355.36,355.36,14290
2022-04-13 12:55:00,355.405,355.405,355.085,355.18,9807
2022-04-13 13:00:00,355.195,355.42,355.0,355.35,22217
2022-04-13 13:05:00,355.35,355.46,355.14,355.21,9988
2022-04-13 13:10:00,355.13,355.88,355.115,355.715,20778
2022-04-13 13:15:00,355.63,355.65,355.18,355.28,10932
2022-04-13 13:20:00,355.17,355.635,355.16,355.59,11920
2022-04-13 13:25:00,355.525,355.56,355.14,355.495,7567
2022-04-13 13:30:00,355.47,355.93,355.43,355.69,14071
2022-04-13 13:35:00,355.69,355.87,355.46,355.6,14735
2022-04-13 13:40:00,355.635,355.8,355.5,355.62,11411
2022-04-13 13:45:00,355.67,355.9,355.6,355.835,13771
2022-04-13 13:50:00,355.835,355.835,355.36,355.4801,15103
2022-04-13 13:55:00,355.49,355.93,355.47,355.925,10004
2022-04-13 14:00:00,355.915,356.33,355.81,356.33,11887
2022-04-13 14:05:00,356.4,357.0,356.3,356.825,11752
2022-04-13 14:10:00,356.82,356.82,356.0,356.39,5552
2022-04-13 14:15:00,356.3582,356.795,356.3582,356.75,7289
2022-04-13 14:20:00,356.84,356.92,356.3,356.45,8852
2022-04-13 14:25:00,356.45,356.48,355.997,356.27,13067
2022-04-13 14:30:00,356.29,356.4,355.85,355.8929,17892
2022-04-13 14:35:00,355.92,356.06,355.317,355.48,16378
2022-04-13 14:40:00,355.54,355.76,355.46,355.7,15364
2022-04-13 14:45:00,355.7,356.02,355.6291,355.895,14908
2022-04-13 14:50:00,355.94,356.105,355.65,355.7,17303
2022-04-13 14:55:00,355.73,355.9,355.39,355.39,14129
2022-04-13 15:00:00,355.39,355.39,354.58,354.81,12764
2022-04-13 15:05:00,354.85,355.45,354.85,355.36,15070
2022-04-13 15:10:00,355.37,355.39,355.01,355.22,13791
2022-04-13 15:15:00,355.175,355.67,355.11,355.395,14988
2022-04-13 15:20:00,355.34,355.645,355.34,355.49,15209
2022-04-13 15:25:00,355.565,355.62,355.09,355.2,24550
2022-04-13 15:30:00,355.1873,355.58,355.06,355.44,25135
2022-04-13 15:35:00,355.47,355.68,354.955,355.65,22669
2022-04-13 15:40:00,355.59,355.695,355.25,355.44,26918
2022-04-13 15:45:00,355.45,356.235,355.42,356.235,62615
2022-04-13 15:50:00,356.25,356.5,355.46,355.61,56689
2022-04-13 15:55:00,355.6,355.719,354.78,355.14,139909
2022-04-13 16:00:00,355.14,355.14,355.14,355.14,402616
2022-04-13 16:20:00,355.14,355.14,355.14,355.14,767
2022-04-13 16:30:00,355.14,355.14,355.14,355.14,1872
2022-04-13 16:50:00,355.14,355.14,355.14,355.14,485
2022-04-13 16:55:00,355.14,355.14,355.14,355.14,100
2022-04-13 17:10:00,355.14,355.14,355.14,355.14,200
2022-04-13 19:35:00,355.2,355.2,355.0,355.0,300
2022-04-13 19:40:00,355.0,355.0,355.0,355.0,200
2022-04-14 07:55:00,355.2,355.2,355.2,355.2,226
2022-04-14 08:25:00,356.15,356.15,356.15,356.15,100
2022-04-14 08:55:00,355.25,355.25,355.25,355.25,242
2022-04-14 09:30:00,357.18,360.16,357.1,359.065,172905
2022-04-14 09:35:00,359.27,361.035,359.02,360.19,21671
2022-04-14 09:40:00,360.07,360.34,358.46,359.1228,23302
2022-04-14 09:45:00,359.12,359.98,359.115,359.66,21465
2022-04-14 09:50:00,359.6,360.64,358.955,360.64,17840
2022-04-14 09:55:00,360.69,360.82,359.91,360.755,35564
2022-04-14 10:00:00,360.9,362.95,360.6801,362.51,33786
2022-04-14 10:05:00,362.37,362.506,359.975,359.98,20608
2022-04-14 10:10:00,360.1,360.1,359.28,359.76,27595
2022-04-14 10:15:00,359.83,359.91,359.13,359.69,13932
2022-04-14 10:20:00,359.47,360.04,359.3,359.9,17924
2022-04-14 10:25:00,359.75,359.75,359.17,359.4,23342
2022-04-14 10:30:00,359.26,359.4,358.32,358.515,23291
2022-04-14 10:35:00,358.5,359.3,358.5,358.95,15106
2022-04-14 10:40:00,359.0031,359.0031,358.32,358.78,13225
2022-04-14 10:45:00,358.8,358.9,358.44,358.55,23920
2022-04-14 10:50:00,358.34,358.71,358.18,358.71,9129
2022-04-14 10:55:00,358.765,358.86,358.45,358.65,25140
2022-04-14 11:00:00,358.605,358.93,358.47,358.725,13659
2022-04-14 11:05:00,358.69,359.26,358.65,359.03,19659
2022-04-14 11:10:00,359.03,359.22,358.65,358.975,18765
2022-04-14 11:15:00,359.08,359.16,358.5601,358.78,9399
2022-04-14 11:20:00,358.88,359.38,358.84,359.0,11802
2022-04-14 11:25:00,359.2,359.81,359.035,359.78,8519
2022-04-14 11:30:00,359.85,359.95,359.44,359.44,11407
2022-04-14 11:35:00,359.41,359.7,359.27,359.57,12607
2022-04-14 11:40:00,359.615,359.65,358.1105,358.3,9789
2022-04-14 11:45:00,358.37,359.0,358.37,358.87,8298
2022-04-14 11:50:00,358.98,359.51,358.82,359.16,10543
2022-04-14 11:55:00,359.21,359.325,358.855,359.2225,7669
2022-04-14 12:00:00,359.215,359.7,359.1,359.54,23506
2022-04-14 12:05:00,359.44,360.0371,359.433,359.94,24988
2022-04-14 12:10:00,359.96,360.005,359.49,359.51,11093
2022-04-14 12:15:00,359.585,359.95,359.52,359.805,23417
2022-04-14 12:20:00,359.76,359.85,359.6,359.84,6799
2022-04-14 12:25:00,359.85,360.04,358.75,358.75,37243
2022-04-14 12:30:00,358.69,358.74,358.33,358.53,3435
2022-04-14 12:35:00,358.41,358.73,358.31,358.31,9938
2022-04-14 12:40:00,358.29,358.29,357.7797,357.93,6310
2022-04-14 12:45:00,358.01,358.04,357.29,357.29,9092
2022-04-14 12:50:00,357.28,357.53,356.87,357.53,11225
2022-04-14 12:55:00,357.6938,358.15,357.6938,358.15,30198
2022-04-14 13:00:00,358.25,358.81,358.12,358.37,11924
2022-04-14 13:05:00,358.495,358.495,357.95,358.14,6629
2022-04-14 13:10:00,358.04,358.34,357.83,357.96,8661
2022-04-14 13:15:00,357.98,358.6082,357.815,358.52,11705
2022-04-14 13:20:00,358.55,359.4,358.55,359.055,18682
2022-04-14 13:25:00,359.16,359.6,359.0501,359.565,8901
2022-04-14 13:30:00,359.57,360.04,359.43,359.95,24165
2022-04-14 13:35:00,360.02,360.058,359.62,359.69,13125
2022-04-14 13:40:00,359.7,360.43,359.7,360.3,17060
2022-04-14 13:45:00,360.43,360.93,360.41,360.8452,39295
2022-04-14 13:50:00,360.885,361.105,360.47,360.705,28002
2022-04-14 13:55:00,360.68,360.9,360.57,360.88,31825
2022-04-14 14:00:00,360.87,361.65,360.62,361.5199,32626
2022-04-14 14:05:00,361.48,361.57,360.89,361.3,13930
2022-04-14 14:10:00,361.35,361.72,361.2153,361.72,15448
2022-04-14 14:15:00,361.72,361.85,361.18,361.205,25891
2022-04-14 14:20:00,361.14,361.14,360.38,360.55,8727
2022-04-14 14:25:00,360.47,361.0,360.47,360.91,20933
2022-04-14 14:30:00,360.97,361.18,360.54,360.64,6505
2022-04-14 14:35:00,360.54,360.7,360.465,360.5,9682
2022-04-14 14:40:00,360.525,360.53,360.26,360.48,10907
2022-04-14 14:45:00,360.635,360.8,360.27,360.3,8944
2022-04-14 14:50:00,360.34,360.3796,359.415,359.55,11691
2022-04-14 14:55:00,359.51,359.51,359.11,359.14,14014
2022-04-14 15:00:00,359.1148,359.7,359.075,359.625,10534
2022-04-14 15:05:00,359.605,359.98,359.43,359.43,19597
2022-04-14 15:10:00,359.39,359.54,359.255,359.54,8857
2022-04-14 15:15:00,359.54,360.37,359.54,360.15,15141
2022-04-14 15:20:00,360.22,360.34,359.8,359.955,11866
2022-04-14 15:25:00,359.89,359.89,359.21,359.57,13283
2022-04-14 15:30:00,359.58,359.58,358.91,359.09,28631
2022-04-14 15:35:00,359.05,359.56,358.945,358.945,41696
2022-04-14 15:40:00,358.8,359.31,358.78,359.195,22075
2022-04-14 15:45:00,359.135,359.18,358.29,358.38,21707
2022-04-14 15:50:00,358.25,358.26,357.72,358.25,37485
2022-04-14 15:55:00,358.28,358.46,357.47,357.64,118065
2022-04-14 16:00:00,357.82,358.0,357.82,357.82,478154
