2022-04-01 07:30:00,82.9,82.9,82.8,82.8,1354
2022-04-01 08:00:00,82.1,82.99,82.1,82.99,1830
2022-04-01 08:15:00,82.1,82.1,82.1,82.1,800
2022-04-01 08:20:00,82.4799,82.4799,82.4799,82.4799,300
2022-04-01 09:05:00,82.15,82.15,82.15,82.15,296
2022-04-01 09:25:00,82.24,82.24,82.24,82.24,108
2022-04-01 09:30:00,82.19,82.21,81.64,81.81,277165
2022-04-01 09:35:00,81.82,82.13,81.76,82.1,119433
2022-04-01 09:40:00,82.11,82.13,81.85,81.86,109912
2022-04-01 09:45:00,81.87,82.21,81.81,82.19,94019
2022-04-01 09:50:00,82.19,82.315,82.005,82.005,84668
2022-04-01 09:55:00,82.01,82.215,81.97,82.2,162268
2022-04-01 10:00:00,82.18,82.45,82.1201,82.37,58834
2022-04-01 10:05:00,82.37,82.46,82.25,82.32,73128
2022-04-01 10:10:00,82.34,82.55,82.32,82.51,53418
2022-04-01 10:15:00,82.4932,82.52,82.41,82.44,74874
2022-04-01 10:20:00,82.45,82.53,82.38,82.53,62042
2022-04-01 10:25:00,82.53,82.58,82.36,82.37,66677
2022-04-01 10:30:00,82.37,82.4307,82.245,82.27,59803
2022-04-01 10:35:00,82.26,82.4,82.2,82.385,77527
2022-04-01 10:40:00,82.38,82.425,82.28,82.42,63371
2022-04-01 10:45:00,82.43,82.58,82.4,82.56,73613
2022-04-01 10:50:00,82.56,82.585,82.465,82.5678,39462
2022-04-01 10:55:00,82.565,82.64,82.51,82.54,71684
2022-04-01 11:00:00,82.53,82.565,82.49,82.545,56256
2022-04-01 11:05:00,82.54,82.5742,82.46,82.495,63867
2022-04-01 11:10:00,82.495,82.665,82.47,82.61,214195
2022-04-01 11:15:00,82.604,82.68,82.604,82.67,53562
2022-04-01 11:20:00,82.67,82.7,82.633,82.7,99377
2022-04-01 11:25:00,82.695,82.75,82.63,82.67,85588
2022-04-01 11:30:00,82.67,82.755,82.62,82.75,86260
2022-04-01 11:35:00,82.745,82.77,82.7,82.745,60636
2022-04-01 11:40:00,82.74,82.75,82.6407,82.685,63242
2022-04-01 11:45:00,82.69,82.92,82.685,82.905,115380
2022-04-01 11:50:00,82.905,83.0,82.79,82.98,158574
2022-04-01 11:55:00,82.9723,83.015,82.95,82.962,121652
2022-04-01 12:00:00,82.965,83.0101,82.9225,82.975,92180
2022-04-01 12:05:00,82.97,82.975,82.75,82.75,88136
2022-04-01 12:10:00,82.742,82.835,82.681,82.825,71360
2022-04-01 12:15:00,82.835,82.92,82.83,82.915,63174
2022-04-01 12:20:00,82.91,82.91,82.78,82.78,84077
2022-04-01 12:25:00,82.76,82.78,82.67,82.78,55920
2022-04-01 12:30:00,82.775,82.79,82.605,82.76,96088
2022-04-01 12:35:00,82.765,82.89,82.755,82.88,93576
2022-04-01 12:40:00,82.87,82.9,82.78,82.89,119980
2022-04-01 12:45:00,82.9,82.925,82.82,82.85,75852
2022-04-01 12:50:00,82.855,82.905,82.85,82.9029,49188
2022-04-01 12:55:00,82.905,82.98,82.89,82.945,77569
2022-04-01 13:00:00,82.945,82.97,82.805,82.82,50898
2022-04-01 13:05:00,82.82,82.88,82.775,82.86,37352
2022-04-01 13:10:00,82.87,82.92,82.835,82.885,53694
2022-04-01 13:15:00,82.885,82.955,82.88,82.92,61098
2022-04-01 13:20:00,82.925,82.94,82.805,82.94,37293
2022-04-01 13:25:00,82.945,83.005,82.9,82.92,79707
2022-04-01 13:30:00,82.93,82.945,82.84,82.885,31290
2022-04-01 13:35:00,82.88,82.965,82.88,82.96,28648
2022-04-01 13:40:00,82.95,83.02,82.94,83.005,55890
2022-04-01 13:45:00,83.005,83.1,83.0,83.0999,33572
2022-04-01 13:50:00,83.09,83.145,83.04,83.05,47132
2022-04-01 13:55:00,83.06,83.22,83.045,83.22,130717
2022-04-01 14:00:00,83.22,83.32,83.2,83.32,98743
2022-04-01 14:05:00,83.32,83.345,83.265,83.33,46755
2022-04-01 14:10:00,83.325,83.33,83.27,83.305,42034
2022-04-01 14:15:00,83.3039,83.34,83.26,83.265,69737
2022-04-01 14:20:00,83.27,83.4,83.26,83.375,76020
2022-04-01 14:25:00,83.3799,83.45,83.34,83.43,67860
2022-04-01 14:30:00,83.425,83.43,83.35,83.405,77091
2022-04-01 14:35:00,83.405,83.425,83.37,83.38,44468
2022-04-01 14:40:00,83.375,83.495,83.365,83.49,65556
2022-04-01 14:45:00,83.495,83.52,83.485,83.5,118556
2022-04-01 14:50:00,83.5,83.51,83.38,83.425,67204
2022-04-01 14:55:00,83.43,83.44,83.4,83.405,46978
2022-04-01 15:00:00,83.4083,83.44,83.38,83.41,75384
2022-04-01 15:05:00,83.405,83.41,83.39,83.405,60416
2022-04-01 15:10:00,83.405,83.4291,83.325,83.425,58710
2022-04-01 15:15:00,83.4273,83.49,83.34,83.3504,77131
2022-04-01 15:20:00,83.355,83.3982,83.32,83.35,65785
2022-04-01 15:25:00,83.355,83.4,83.355,83.38,89404
2022-04-01 15:30:00,83.385,83.415,83.265,83.275,116008
2022-04-01 15:35:00,83.275,83.38,83.27,83.345,120778
2022-04-01 15:40:00,83.35,83.4,83.31,83.385,142357
2022-04-01 15:45:00,83.385,83.448,83.355,83.418,190800
2022-04-01 15:50:00,83.42,83.545,83.38,83.495,276240
2022-04-01 15:55:00,83.495,83.58,83.48,83.52,473513
2022-04-01 16:00:00,83.6,83.6,83.52,83.52,1709695
2022-04-01 16:10:00,83.52,83.52,83.52,83.52,12638
2022-04-01 16:35:00,83.52,83.52,83.52,83.52,4605
2022-04-01 16:40:00,83.52,83.52,83.52,83.52,4549
2022-04-01 16:55:00,83.3,83.3,83.3,83.3,250
2022-04-01 18:00:00,83.46,83.46,83.3,83.3,400
2022-04-01 19:55:00,83.5299,83.5299,83.5299,83.5299,100
2022-04-04 08:00:00,83.49,83.49,83.45,83.45,450
2022-04-04 08:15:00,83.25,83.25,83.25,83.25,517
2022-04-04 08:25:00,83.25,83.25,83.25,83.25,200
2022-04-04 08:35:00,83.31,83.31,83.31,83.31,134
2022-04-04 08:45:00,83.45,83.45,83.45,83.45,200
2022-04-04 08:50:00,83.53,83.53,83.53,83.53,644
2022-04-04 08:55:00,83.67,83.72,83.63,83.63,1009
2022-04-04 09:00:00,83.54,83.54,83.53,83.53,253
2022-04-04 09:25:00,83.3,83.3,83.27,83.27,2900
2022-04-04 09:30:00,83.5,83.89,83.25,83.485,279013
2022-04-04 09:35:00,83.5,83.51,82.8,82.95,168483
2022-04-04 09:40:00,82.9553,83.12,82.84,82.93,98366
2022-04-04 09:45:00,82.93,82.96,82.73,82.9,77990
2022-04-04 09:50:00,82.9,83.1,82.77,83.07,77628
2022-04-04 09:55:00,83.065,83.28,83.04,83.14,153440
2022-04-04 10:00:00,83.145,83.25,83.115,83.17,114560
2022-04-04 10:05:00,83.18,83.44,83.18,83.39,54574
2022-04-04 10:10:00,83.38,83.3963,83.2,83.28,59416
2022-04-04 10:15:00,83.29,83.36,83.17,83.31,53588
2022-04-04 10:20:00,83.32,83.42,83.28,83.334,53954
2022-04-04 10:25:00,83.34,83.45,83.3,83.33,67765
2022-04-04 10:30:00,83.32,83.55,83.27,83.48,67835
2022-04-04 10:35:00,83.4998,83.5,83.27,83.3894,47427
2022-04-04 10:40:00,83.38,83.51,83.38,83.4,51619
2022-04-04 10:45:00,83.4,83.51,83.39,83.47,34366
2022-04-04 10:50:00,83.47,83.5285,83.36,83.47,77007
2022-04-04 10:55:00,83.47,83.485,83.37,83.41,33235
2022-04-04 11:00:00,83.4002,83.525,83.38,83.4,65891
2022-04-04 11:05:00,83.39,83.495,83.38,83.38,42823
2022-04-04 11:10:00,83.37,83.37,83.25,83.35,69775
2022-04-04 11:15:00,83.355,83.46,83.33,83.42,50315
2022-04-04 11:20:00,83.42,83.57,83.3826,83.57,64837
2022-04-04 11:25:00,83.5601,83.635,83.525,83.63,85691
2022-04-04 11:30:00,83.63,83.775,83.545,83.665,134956
2022-04-04 11:35:00,83.66,83.66,83.44,83.5,64969
2022-04-04 11:40:00,83.51,83.53,83.39,83.485,58806
2022-04-04 11:45:00,83.4885,83.55,83.4664,83.495,39998
2022-04-04 11:50:00,83.49,83.52,83.46,83.49,39796
2022-04-04 11:55:00,83.49,83.5215,83.44,83.49,37564
2022-04-04 12:00:00,83.5,83.51,83.375,83.43,44910
2022-04-04 12:05:00,83.43,83.51,83.41,83.44,35371
2022-04-04 12:10:00,83.44,83.46,83.405,83.435,24749
2022-04-04 12:15:00,83.43,83.43,83.345,83.36,25991
2022-04-04 12:20:00,83.36,83.36,83.295,83.335,21939
2022-04-04 12:25:00,83.33,83.34,83.29,83.295,39534
2022-04-04 12:30:00,83.3,83.305,83.24,83.28,33682
2022-04-04 12:35:00,83.28,83.28,83.22,83.235,32845
2022-04-04 12:40:00,83.23,83.26,83.2,83.22,32000
2022-04-04 12:45:00,83.22,83.245,83.195,83.21,25341
2022-04-04 12:50:00,83.205,83.26,83.185,83.255,31148
2022-04-04 12:55:00,83.2528,83.31,83.2528,83.27,69801
2022-04-04 13:00:00,83.265,83.265,83.16,83.19,42980
2022-04-04 13:05:00,83.2,83.245,83.18,83.21,19668
2022-04-04 13:10:00,83.21,83.29,83.21,83.2767,26780
2022-04-04 13:15:00,83.275,83.31,83.275,83.295,25853
2022-04-04 13:20:00,83.3,83.335,83.265,83.265,32254
2022-04-04 13:25:00,83.265,83.31,83.22,83.3087,23090
2022-04-04 13:30:00,83.31,83.335,83.25,83.25,20142
2022-04-04 13:35:00,83.25,83.33,83.2299,83.245,35815
2022-04-04 13:40:00,83.245,83.275,83.21,83.275,27652
2022-04-04 13:45:00,83.28,83.3,83.26,83.28,26270
2022-04-04 13:50:00,83.29,83.305,83.26,83.265,22536
2022-04-04 13:55:00,83.27,83.31,83.25,83.3039,24635
2022-04-04 14:00:00,83.3015,83.455,83.3,83.44,34827
2022-04-04 14:05:00,83.4378,83.46,83.375,83.39,44631
2022-04-04 14:10:00,83.4,83.4,83.32,83.34,56853
2022-04-04 14:15:00,83.34,83.365,83.3,83.3,32381
2022-04-04 14:20:00,83.3,83.36,83.3,83.335,26743
2022-04-04 14:25:00,83.34,83.395,83.33,83.37,36665
2022-04-04 14:30:00,83.3681,83.38,83.35,83.37,23389
2022-04-04 14:35:00,83.36,83.36,83.28,83.29,36110
2022-04-04 14:40:00,83.285,83.3,83.21,83.2349,36558
2022-04-04 14:45:00,83.23,83.34,83.23,83.27,61384
2022-04-04 14:50:00,83.26,83.285,83.235,83.2828,38782
2022-04-04 14:55:00,83.29,83.355,83.285,83.32,39480
2022-04-04 15:00:00,83.315,83.33,83.2737,83.32,27463
2022-04-04 15:05:00,83.33,83.35,83.3,83.3192,45111
2022-04-04 15:10:00,83.32,83.335,83.26,83.335,56106
2022-04-04 15:15:00,83.335,83.335,83.24,83.26,54502
2022-04-04 15:20:00,83.26,83.305,83.255,83.29,40670
2022-04-04 15:25:00,83.29,83.329,83.24,83.27,55218
2022-04-04 15:30:00,83.275,83.37,83.27,83.34,64586
2022-04-04 15:35:00,83.35,83.41,83.3028,83.3466,107561
2022-04-04 15:40:00,83.35,83.4,83.305,83.35,90502
2022-04-04 15:45:00,83.345,83.5,83.325,83.495,127700
2022-04-04 15:50:00,83.49,83.56,83.39,83.455,248875
2022-04-04 15:55:00,83.46,83.59,83.37,83.48,466244
2022-04-04 16:00:00,83.49,83.49,83.49,83.49,2447678
2022-04-04 16:10:00,83.49,83.49,83.49,83.49,202
2022-04-04 16:25:00,83.48,83.48,83.46,83.46,400
2022-04-04 16:35:00,83.49,83.49,83.49,83.49,10497
2022-04-04 17:00:00,83.4571,83.4571,83.4571,83.4571,119
2022-04-04 19:50:00,83.25,83.25,83.25,83.25,100
2022-04-05 04:20:00,83.1,83.1,83.1,83.1,302
2022-04-05 07:20:00,83.26,83.26,83.26,83.26,100
2022-04-05 07:35:00,83.25,83.25,83.25,83.25,100
2022-04-05 08:25:00,83.1,83.1,83.1,83.1,300
2022-04-05 09:10:00,83.52,83.52,83.52,83.52,100
2022-04-05 09:25:00,83.32,83.33,83.29,83.29,460
2022-04-05 09:30:00,83.66,84.47,83.51,84.38,502509
2022-04-05 09:35:00,84.38,85.12,84.34,84.96,397063
2022-04-05 09:40:00,84.95,85.24,84.925,85.17,320470
2022-04-05 09:45:00,85.17,85.32,84.98,85.17,240356
2022-04-05 09:50:00,85.17,85.17,84.8,84.89,306593
2022-04-05 09:55:00,84.88,85.22,84.87,85.15,179829
2022-04-05 10:00:00,85.12,85.37,85.1,85.255,181602
2022-04-05 10:05:00,85.25,85.345,85.1,85.26,179711
2022-04-05 10:10:00,85.29,85.37,85.06,85.34,177480
2022-04-05 10:15:00,85.34,85.3453,85.19,85.28,140570
2022-04-05 10:20:00,85.275,85.31,85.1,85.1,126610
2022-04-05 10:25:00,85.09,85.21,85.0,85.16,101759
2022-04-05 10:30:00,85.165,85.24,85.09,85.14,94578
2022-04-05 10:35:00,85.13,85.355,85.13,85.2957,170244
2022-04-05 10:40:00,85.3,85.43,85.26,85.32,132214
2022-04-05 10:45:00,85.325,85.38,85.23,85.295,130445
2022-04-05 10:50:00,85.295,85.36,85.13,85.17,97825
2022-04-05 10:55:00,85.16,85.19,85.08,85.15,102492
2022-04-05 11:00:00,85.143,85.18,85.04,85.12,82826
2022-04-05 11:05:00,85.115,85.115,84.97,85.03,79740
2022-04-05 11:10:00,85.0323,85.05,84.91,84.93,85485
2022-04-05 11:15:00,84.93,84.93,84.74,84.82,69300
2022-04-05 11:20:00,84.82,84.91,84.8,84.87,78732
2022-04-05 11:25:00,84.865,84.87,84.735,84.79,77744
2022-04-05 11:30:00,84.7801,84.83,84.7016,84.78,69123
2022-04-05 11:35:00,84.775,84.87,84.74,84.79,57695
2022-04-05 11:40:00,84.79,84.9,84.765,84.9,38558
2022-04-05 11:45:00,84.9,84.95,84.8382,84.85,44946
2022-04-05 11:50:00,84.84,84.855,84.67,84.69,74039
2022-04-05 11:55:00,84.6933,84.79,84.685,84.71,58452
2022-04-05 12:00:00,84.71,84.7279,84.645,84.725,44263
2022-04-05 12:05:00,84.72,84.72,84.625,84.63,44691
2022-04-05 12:10:00,84.635,84.665,84.59,84.63,54965
2022-04-05 12:15:00,84.63,84.705,84.55,84.645,58155
2022-04-05 12:20:00,84.65,84.65,84.465,84.49,68461
2022-04-05 12:25:00,84.49,84.53,84.33,84.335,53087
2022-04-05 12:30:00,84.33,84.355,84.225,84.28,61894
2022-04-05 12:35:00,84.27,84.27,84.18,84.2,77772
2022-04-05 12:40:00,84.21,84.2575,84.13,84.165,61421
2022-04-05 12:45:00,84.16,84.18,84.115,84.155,84710
2022-04-05 12:50:00,84.155,84.187,84.05,84.08,99018
2022-04-05 12:55:00,84.085,84.1375,84.01,84.035,126324
2022-04-05 13:00:00,84.03,84.085,84.01,84.048,72185
2022-04-05 13:05:00,84.04,84.205,84.04,84.155,45158
2022-04-05 13:10:00,84.16,84.235,84.105,84.13,76995
2022-04-05 13:15:00,84.13,84.2258,84.055,84.2258,51960
2022-04-05 13:20:00,84.225,84.32,84.21,84.28,93051
2022-04-05 13:25:00,84.28,84.31,84.26,84.2829,51586
2022-04-05 13:30:00,84.28,84.305,84.2,84.21,47033
2022-04-05 13:35:00,84.208,84.29,84.195,84.285,32043
2022-04-05 13:40:00,84.285,84.3,84.135,84.14,56123
2022-04-05 13:45:00,84.13,84.22,84.1,84.145,38283
2022-04-05 13:50:00,84.1428,84.1465,83.995,84.005,55495
2022-04-05 13:55:00,84.0,84.135,83.985,84.09,40702
2022-04-05 14:00:00,84.085,84.1325,84.065,84.12,47637
2022-04-05 14:05:00,84.115,84.22,84.115,84.21,84741
2022-04-05 14:10:00,84.205,84.205,84.04,84.045,71921
2022-04-05 14:15:00,84.04,84.045,83.965,84.035,41301
2022-04-05 14:20:00,84.035,84.085,84.03,84.07,59909
2022-04-05 14:25:00,84.065,84.075,83.945,83.98,77499
2022-04-05 14:30:00,83.98,84.0,83.945,84.0,40464
2022-04-05 14:35:00,84.0,84.03,83.975,83.99,51479
2022-04-05 14:40:00,83.99,84.02,83.955,84.0,38735
2022-04-05 14:45:00,83.995,84.015,83.92,84.0,47825
2022-04-05 14:50:00,83.995,84.09,83.995,84.075,52012
2022-04-05 14:55:00,84.07,84.13,84.02,84.035,60757
2022-04-05 15:00:00,84.04,84.07,83.95,83.955,47267
2022-04-05 15:05:00,83.955,84.01,83.925,84.0,82478
2022-04-05 15:10:00,83.995,84.0081,83.77,83.795,113749
2022-04-05 15:15:00,83.8,83.86,83.775,83.82,114586
2022-04-05 15:20:00,83.825,83.91,83.815,83.905,79707
2022-04-05 15:25:00,83.91,83.91,83.67,83.7299,102640
2022-04-05 15:30:00,83.725,83.755,83.56,83.565,107554
2022-04-05 15:35:00,83.57,83.64,83.56,83.61,126472
2022-04-05 15:40:00,83.61,83.615,83.535,83.59,160321
2022-04-05 15:45:00,83.585,83.59,83.51,83.515,179703
2022-04-05 15:50:00,83.52,83.72,83.515,83.675,301191
2022-04-05 15:55:00,83.68,83.78,83.63,83.75,695976
2022-04-05 16:00:00,83.72,83.72,83.7,83.7,1564336
2022-04-05 16:05:00,83.72,83.9667,83.72,83.75,12064
2022-04-05 16:10:00,83.72,83.72,83.72,83.72,959
2022-04-05 16:20:00,83.75,83.75,83.75,83.75,224
2022-04-05 16:40:00,83.72,83.72,83.72,83.72,14276
2022-04-05 17:20:00,83.7,83.7,83.7,83.7,600
2022-04-05 18:00:00,83.78,83.78,83.78,83.78,100
2022-04-05 18:15:00,83.7,83.7,83.7,83.7,114
2022-04-06 04:00:00,83.46,83.7,83.46,83.7,310
2022-04-06 07:00:00,83.26,83.26,83.26,83.26,100
2022-04-06 07:25:00,83.69,83.69,83.69,83.69,100
2022-04-06 07:50:00,83.6,83.6,83.6,83.6,100
2022-04-06 07:55:00,83.61,83.61,83.61,83.61,200
2022-04-06 08:10:00,83.65,83.65,83.65,83.65,5000
2022-04-06 08:20:00,83.88,83.88,83.88,83.88,100
2022-04-06 08:35:00,83.87,83.87,83.87,83.87,100
2022-04-06 08:40:00,83.73,83.73,83.7,83.7,300
2022-04-06 08:45:00,83.69,83.87,83.69,83.87,357
2022-04-06 08:50:00,83.68,83.68,83.68,83.68,487
2022-04-06 08:55:00,83.7,83.7,83.66,83.66,200
2022-04-06 09:00:00,83.7,83.7,83.7,83.7,110
2022-04-06 09:25:00,83.87,84.5,83.87,84.5,4238
2022-04-06 09:30:00,84.36,84.81,84.19,84.58,502380
2022-04-06 09:35:00,84.58,84.97,84.16,84.77,368715
2022-04-06 09:40:00,84.775,84.8,84.33,84.39,227182
2022-04-06 09:45:00,84.39,84.82,84.12,84.8,221028
2022-04-06 09:50:00,84.79,84.89,84.56,84.89,156259
2022-04-06 09:55:00,84.88,85.12,84.81,85.055,166650
2022-04-06 10:00:00,85.06,85.33,85.06,85.2,207928
2022-04-06 10:05:00,85.19,85.31,85.13,85.26,91563
2022-04-06 10:10:00,85.27,85.47,85.135,85.4696,152805
2022-04-06 10:15:00,85.465,85.555,85.35,85.42,193379
2022-04-06 10:20:00,85.4,85.405,85.17,85.31,71462
2022-04-06 10:25:00,85.31,85.3997,84.95,84.97,303349
2022-04-06 10:30:00,84.98,85.1,84.88,85.085,178568
2022-04-06 10:35:00,85.085,85.23,84.875,85.135,157107
2022-04-06 10:40:00,85.135,85.1899,84.91,84.955,96446
2022-04-06 10:45:00,84.955,85.08,84.76,84.91,112187
2022-04-06 10:50:00,84.91,84.93,84.755,84.915,118229
2022-04-06 10:55:00,84.915,85.03,84.87,84.965,155470
2022-04-06 11:00:00,84.965,84.99,84.835,84.88,83834
2022-04-06 11:05:00,84.875,84.925,84.795,84.9,107301
2022-04-06 11:10:00,84.895,84.92,84.785,84.785,77119
2022-04-06 11:15:00,84.785,84.91,84.755,84.905,100952
2022-04-06 11:20:00,84.905,84.94,84.8,84.86,63614
2022-04-06 11:25:00,84.855,84.92,84.75,84.775,88857
2022-04-06 11:30:00,84.78,84.95,84.78,84.935,81044
2022-04-06 11:35:00,84.935,84.9504,84.795,84.795,65869
2022-04-06 11:40:00,84.795,84.94,84.76,84.94,83954
2022-04-06 11:45:00,84.935,85.06,84.93,85.055,72411
2022-04-06 11:50:00,85.06,85.155,85.04,85.105,134130
2022-04-06 11:55:00,85.1069,85.11,84.985,85.025,111873
2022-04-06 12:00:00,85.025,85.185,85.025,85.11,61684
2022-04-06 12:05:00,85.115,85.13,84.965,84.995,91300
2022-04-06 12:10:00,84.995,85.065,84.96,85.0,81038
2022-04-06 12:15:00,85.0,85.01,84.9,84.945,40993
2022-04-06 12:20:00,84.95,85.14,84.935,85.078,96218
2022-04-06 12:25:00,85.076,85.11,85.015,85.03,35821
2022-04-06 12:30:00,85.035,85.17,85.035,85.1,73144
2022-04-06 12:35:00,85.09,85.18,85.05,85.07,52001
2022-04-06 12:40:00,85.065,85.09,85.03,85.07,41211
2022-04-06 12:45:00,85.065,85.065,84.945,84.955,48039
2022-04-06 12:50:00,84.955,84.955,84.79,84.87,82360
2022-04-06 12:55:00,84.865,84.89,84.82,84.885,47646
2022-04-06 13:00:00,84.885,84.91,84.805,84.84,44783
2022-04-06 13:05:00,84.835,84.88,84.75,84.795,51443
2022-04-06 13:10:00,84.805,84.831,84.77,84.825,63400
2022-04-06 13:15:00,84.83,84.83,84.71,84.73,34812
2022-04-06 13:20:00,84.74,84.82,84.7,84.8,41126
2022-04-06 13:25:00,84.805,84.815,84.745,84.75,47579
2022-04-06 13:30:00,84.745,84.8075,84.71,84.79,80124
2022-04-06 13:35:00,84.795,84.85,84.775,84.785,46781
2022-04-06 13:40:00,84.79,84.79,84.735,84.735,46644
2022-04-06 13:45:00,84.73,84.735,84.56,84.575,54686
2022-04-06 13:50:00,84.575,84.65,84.51,84.545,62477
2022-04-06 13:55:00,84.545,84.7,84.545,84.6,76685
2022-04-06 14:00:00,84.6,84.77,84.55,84.73,128431
2022-04-06 14:05:00,84.72,84.72,84.59,84.6731,55760
2022-04-06 14:10:00,84.68,84.69,84.6,84.615,78978
2022-04-06 14:15:00,84.615,84.69,84.59,84.635,91281
2022-04-06 14:20:00,84.635,84.775,84.63,84.7,87321
2022-04-06 14:25:00,84.71,84.8,84.66,84.75,50420
2022-04-06 14:30:00,84.755,84.82,84.73,84.7341,135959
2022-04-06 14:35:00,84.735,84.81,84.7,84.73,77463
2022-04-06 14:40:00,84.73,84.83,84.73,84.815,73254
2022-04-06 14:45:00,84.81,84.8683,84.69,84.81,260828
2022-04-06 14:50:00,84.82,84.91,84.76,84.89,97709
2022-04-06 14:55:00,84.895,84.9931,84.86,84.9198,89465
2022-04-06 15:00:00,84.915,84.99,84.915,84.94,64717
2022-04-06 15:05:00,84.93,84.94,84.84,84.9,70304
2022-04-06 15:10:00,84.905,84.96,84.81,84.82,154228
2022-04-06 15:15:00,84.82,84.93,84.815,84.875,109104
2022-04-06 15:20:00,84.875,84.94,84.85,84.8674,54502
2022-04-06 15:25:00,84.865,84.865,84.69,84.76,104342
2022-04-06 15:30:00,84.755,84.87,84.725,84.865,92473
2022-04-06 15:35:00,84.865,84.88,84.75,84.81,159798
2022-04-06 15:40:00,84.805,84.92,84.785,84.82,161924
2022-04-06 15:45:00,84.815,85.03,84.78,85.025,243621
2022-04-06 15:50:00,85.025,85.11,84.93,84.99,383551
2022-04-06 15:55:00,84.985,85.12,84.91,84.98,920903
2022-04-06 16:00:00,85.2099,85.2099,84.97,84.97,2374709
2022-04-06 16:05:00,84.97,84.97,84.89,84.89,8238
2022-04-06 16:10:00,84.8201,84.8201,84.8201,84.8201,150
2022-04-06 16:20:00,84.97,84.97,84.97,84.97,19952
2022-04-06 17:10:00,85.0,85.0,85.0,85.0,400
2022-04-06 17:20:00,85.11,85.11,85.1027,85.11,700
2022-04-06 17:25:00,85.1,85.11,85.1,85.1097,450
2022-04-06 17:30:00,85.1,85.11,85.07,85.07,333
2022-04-06 17:35:00,85.06,85.07,85.06,85.07,452
2022-04-06 17:45:00,85.07,85.07,85.07,85.07,200
2022-04-06 18:00:00,84.9,84.9,84.9,84.9,250
2022-04-06 19:25:00,85.2,85.2,85.2,85.2,235
2022-04-06 19:40:00,85.2,85.2,85.2,85.2,100
2022-04-07 05:05:00,84.99,84.99,84.99,84.99,100
2022-04-07 06:15:00,85.03,85.03,85.03,85.03,100
2022-04-07 06:25:00,84.97,84.97,84.97,84.97,200
2022-04-07 07:20:00,84.96,84.96,84.96,84.96,190
2022-04-07 08:00:00,84.9,84.9,84.9,84.9,150
2022-04-07 08:05:00,84.9,84.9,84.9,84.9,206
2022-04-07 08:30:00,84.94,84.94,84.94,84.94,500
2022-04-07 08:35:00,84.94,84.98,84.94,84.98,400
2022-04-07 09:00:00,85.11,85.11,85.11,85.11,100
2022-04-07 09:10:00,85.11,85.12,85.11,85.12,300
2022-04-07 09:20:00,85.18,85.32,85.18,85.32,1167
2022-04-07 09:25:00,85.33,85.96,85.33,85.85,23261
2022-04-07 09:30:00,85.75,85.85,85.31,85.32,537684
2022-04-07 09:35:00,85.31,85.37,84.96,85.18,116101
2022-04-07 09:40:00,85.1891,85.67,85.16,85.6,165181
2022-04-07 09:45:00,85.57,85.7,85.45,85.61,178409
2022-04-07 09:50:00,85.6,86.335,85.59,86.27,427417
2022-04-07 09:55:00,86.27,86.3,86.05,86.2,241724
2022-04-07 10:00:00,86.22,86.41,86.2,86.34,205930
2022-04-07 10:05:00,86.3309,86.57,86.29,86.38,154978
2022-04-07 10:10:00,86.39,86.405,86.08,86.12,162438
2022-04-07 10:15:00,86.11,86.3,86.0684,86.21,115275
2022-04-07 10:20:00,86.21,86.3,86.15,86.245,89600
2022-04-07 10:25:00,86.242,86.4,86.19,86.36,176115
2022-04-07 10:30:00,86.365,86.495,86.18,86.46,179141
2022-04-07 10:35:00,86.46,86.49,86.27,86.3,141119
2022-04-07 10:40:00,86.31,86.33,86.16,86.18,104699
2022-04-07 10:45:00,86.17,86.33,86.15,86.3175,93721
2022-04-07 10:50:00,86.315,86.315,86.16,86.21,135230
2022-04-07 10:55:00,86.21,86.335,86.2,86.2,73230
2022-04-07 11:00:00,86.2,86.305,86.16,86.25,90218
2022-04-07 11:05:00,86.25,86.25,86.14,86.195,67941
2022-04-07 11:10:00,86.195,86.35,86.185,86.35,90415
2022-04-07 11:15:00,86.365,86.47,86.36,86.47,81383
2022-04-07 11:20:00,86.465,86.585,86.455,86.54,131560
2022-04-07 11:25:00,86.54,86.64,86.525,86.575,122601
2022-04-07 11:30:00,86.58,86.615,86.42,86.43,112498
2022-04-07 11:35:00,86.4343,86.575,86.43,86.535,52086
2022-04-07 11:40:00,86.535,86.6299,86.51,86.62,85495
2022-04-07 11:45:00,86.62,86.63,86.45,86.5845,72405
2022-04-07 11:50:00,86.58,86.68,86.565,86.67,60591
2022-04-07 11:55:00,86.68,86.745,86.53,86.6039,121722
2022-04-07 12:00:00,86.605,86.73,86.6,86.625,56796
2022-04-07 12:05:00,86.625,86.66,86.59,86.65,55305
2022-04-07 12:10:00,86.64,86.71,86.61,86.635,57107
2022-04-07 12:15:00,86.635,86.695,86.57,86.65,49344
2022-04-07 12:20:00,86.66,86.67,86.57,86.57,39219
2022-04-07 12:25:00,86.58,86.6,86.49,86.5248,144936
2022-04-07 12:30:00,86.53,86.54,86.455,86.505,74723
2022-04-07 12:35:00,86.51,86.84,86.51,86.77,159364
2022-04-07 12:40:00,86.77,86.92,86.755,86.79,109594
2022-04-07 12:45:00,86.8,86.87,86.79,86.83,117121
2022-04-07 12:50:00,86.82,86.87,86.7745,86.825,53302
2022-04-07 12:55:00,86.825,86.87,86.7901,86.82,106056
2022-04-07 13:00:00,86.82,86.895,86.82,86.84,57649
2022-04-07 13:05:00,86.85,86.94,86.85,86.934,50529
2022-04-07 13:10:00,86.94,87.11,86.94,87.0215,226324
2022-04-07 13:15:00,87.02,87.03,86.81,86.905,147055
2022-04-07 13:20:00,86.905,87.02,86.72,86.97,88081
2022-04-07 13:25:00,86.975,86.975,86.775,86.9,44886
2022-04-07 13:30:00,86.91,86.97,86.65,86.7,127571
2022-04-07 13:35:00,86.6937,86.85,86.6937,86.83,60395
2022-04-07 13:40:00,86.82,86.93,86.79,86.93,58203
2022-04-07 13:45:00,86.93,87.0,86.88,86.935,78545
2022-04-07 13:50:00,86.94,86.97,86.825,86.835,82170
2022-04-07 13:55:00,86.84,87.075,86.83,87.04,104289
2022-04-07 14:00:00,87.0359,87.09,86.98,87.01,82895
2022-04-07 14:05:00,87.01,87.0843,86.97,87.05,152515
2022-04-07 14:10:00,87.05,87.075,86.89,86.97,143497
2022-04-07 14:15:00,86.98,87.025,86.88,86.9399,78588
2022-04-07 14:20:00,86.935,86.96,86.85,86.895,62939
2022-04-07 14:25:00,86.895,86.9,86.82,86.822,86254
2022-04-07 14:30:00,86.83,86.84,86.7,86.72,93961
2022-04-07 14:35:00,86.715,86.8,86.585,86.66,94466
2022-04-07 14:40:00,86.67,86.785,86.595,86.71,72004
2022-04-07 14:45:00,86.71,86.835,86.71,86.835,68292
2022-04-07 14:50:00,86.84,86.84,86.72,86.7625,94008
2022-04-07 14:55:00,86.77,86.84,86.74,86.84,78029
2022-04-07 15:00:00,86.84,86.8841,86.8116,86.835,70948
2022-04-07 15:05:00,86.835,86.84,86.73,86.82,63152
2022-04-07 15:10:00,86.825,86.835,86.75,86.775,57797
2022-04-07 15:15:00,86.775,86.7974,86.71,86.735,54993
2022-04-07 15:20:00,86.74,86.8,86.73,86.76,88875
2022-04-07 15:25:00,86.76,86.78,86.67,86.685,81022
2022-04-07 15:30:00,86.68,86.76,86.67,86.73,92995
2022-04-07 15:35:00,86.735,86.81,86.71,86.76,100149
2022-04-07 15:40:00,86.755,86.85,86.75,86.85,115780
2022-04-07 15:45:00,86.85,86.85,86.755,86.795,168543
2022-04-07 15:50:00,86.81,86.83,86.67,86.765,332212
2022-04-07 15:55:00,86.77,86.87,86.731,86.83,492002
2022-04-07 16:00:00,86.67,86.8,86.67,86.8,1339149
2022-04-07 16:05:00,86.52,86.8,86.52,86.8,9333
2022-04-07 16:20:00,86.8,86.8,86.64,86.64,21212
2022-04-07 16:25:00,86.89,86.89,86.8,86.8,2000
2022-04-07 16:35:00,86.71,86.71,86.71,86.71,200
2022-04-07 16:40:00,86.8,86.8,86.8,86.8,1830
2022-04-07 16:45:00,86.7101,86.793,86.7101,86.7101,1000
2022-04-07 17:45:00,86.8,86.8,86.8,86.8,215
2022-04-07 18:30:00,86.98,86.98,86.98,86.98,200
2022-04-08 05:45:00,86.71,86.71,86.71,86.71,100
2022-04-08 07:00:00,86.72,86.72,86.6,86.6,300
2022-04-08 07:15:00,86.53,86.53,86.53,86.53,115
2022-04-08 07:20:00,86.58,86.58,86.58,86.58,767
2022-04-08 07:25:00,86.58,86.58,86.58,86.58,100
2022-04-08 07:30:00,86.58,86.58,86.58,86.58,200
2022-04-08 07:35:00,86.57,86.59,86.57,86.58,2000
2022-04-08 07:40:00,86.58,86.58,86.58,86.58,300
2022-04-08 07:50:00,86.61,86.61,86.61,86.61,140
2022-04-08 08:00:00,86.53,86.6102,86.52,86.6102,300
2022-04-08 08:30:00,86.61,86.62,86.57,86.58,762
2022-04-08 08:35:00,86.52,86.53,86.5,86.5,1204
2022-04-08 08:40:00,86.4234,86.4234,86.4234,86.4234,500
2022-04-08 08:45:00,86.43,86.44,86.43,86.43,3095
2022-04-08 09:10:00,86.5101,86.5101,86.5101,86.5101,100
2022-04-08 09:20:00,86.63,86.63,86.63,86.63,187
2022-04-08 09:25:00,86.56,86.56,86.46,86.51,794
2022-04-08 09:30:00,86.64,86.88,86.26,86.87,300809
2022-04-08 09:35:00,86.87,87.16,86.87,87.05,151459
2022-04-08 09:40:00,87.05,87.1,86.7655,86.88,172294
2022-04-08 09:45:00,86.88,87.03,86.83,86.84,197430
2022-04-08 09:50:00,86.835,86.99,86.6,86.925,155024
2022-04-08 09:55:00,86.925,87.07,86.89,86.985,133249
2022-04-08 10:00:00,86.98,87.24,86.97,87.035,203688
2022-04-08 10:05:00,87.03,87.04,86.77,86.95,101990
2022-04-08 10:10:00,86.95,86.99,86.76,86.83,149041
2022-04-08 10:15:00,86.82,86.82,86.51,86.63,132393
2022-04-08 10:20:00,86.62,86.71,86.54,86.64,108954
2022-04-08 10:25:00,86.645,86.675,86.44,86.59,109643
2022-04-08 10:30:00,86.59,86.82,86.565,86.8,155433
2022-04-08 10:35:00,86.8,86.995,86.76,86.96,138609
2022-04-08 10:40:00,86.96,87.12,86.84,87.1,103053
2022-04-08 10:45:00,87.11,87.295,87.1,87.29,150257
2022-04-08 10:50:00,87.28,87.42,87.175,87.42,127211
2022-04-08 10:55:00,87.42,87.46,87.27,87.46,126680
2022-04-08 11:00:00,87.46,87.51,87.4,87.45,125497
2022-04-08 11:05:00,87.445,87.545,87.335,87.545,91486
2022-04-08 11:10:00,87.545,87.665,87.515,87.66,101838
2022-04-08 11:15:00,87.67,87.67,87.53,87.55,74031
2022-04-08 11:20:00,87.545,87.57,87.445,87.46,68407
2022-04-08 11:25:00,87.46,87.54,87.4095,87.425,71281
2022-04-08 11:30:00,87.43,87.57,87.41,87.565,98961
2022-04-08 11:35:00,87.58,87.69,87.56,87.6,94184
2022-04-08 11:40:00,87.6,87.6,87.5,87.5,97697
2022-04-08 11:45:00,87.495,87.5349,87.3526,87.355,69878
2022-04-08 11:50:00,87.355,87.5,87.355,87.42,95107
2022-04-08 11:55:00,87.42,87.495,87.395,87.48,52751
2022-04-08 12:00:00,87.4932,87.625,87.4932,87.61,70759
2022-04-08 12:05:00,87.615,87.62,87.5398,87.555,58375
2022-04-08 12:10:00,87.55,87.5797,87.535,87.565,41145
2022-04-08 12:15:00,87.565,87.575,87.455,87.55,87231
2022-04-08 12:20:00,87.56,87.61,87.5254,87.585,72203
2022-04-08 12:25:00,87.58,87.66,87.54,87.62,60171
2022-04-08 12:30:00,87.6274,87.64,87.472,87.525,57884
2022-04-08 12:35:00,87.53,87.53,87.433,87.44,54392
2022-04-08 12:40:00,87.44,87.49,87.37,87.49,66332
2022-04-08 12:45:00,87.485,87.49,87.415,87.465,53168
2022-04-08 12:50:00,87.465,87.47,87.39,87.445,39094
2022-04-08 12:55:00,87.445,87.56,87.43,87.54,53822
2022-04-08 13:00:00,87.55,87.6,87.51,87.565,50088
2022-04-08 13:05:00,87.57,87.575,87.475,87.5091,54174
2022-04-08 13:10:00,87.5028,87.63,87.5028,87.58,74314
2022-04-08 13:15:00,87.57,87.575,87.49,87.51,29215
2022-04-08 13:20:00,87.5,87.595,87.5,87.56,46201
2022-04-08 13:25:00,87.555,87.605,87.54,87.605,39040
2022-04-08 13:30:00,87.605,87.625,87.54,87.57,59946
2022-04-08 13:35:00,87.57,87.71,87.57,87.69,50532
2022-04-08 13:40:00,87.685,87.69,87.59,87.62,49253
2022-04-08 13:45:00,87.61,87.635,87.55,87.5901,50623
2022-04-08 13:50:00,87.59,87.615,87.57,87.605,36937
2022-04-08 13:55:00,87.605,87.665,87.5844,87.66,34712
2022-04-08 14:00:00,87.66,87.735,87.63,87.7199,69811
2022-04-08 14:05:00,87.72,87.77,87.63,87.635,63264
2022-04-08 14:10:00,87.64,87.65,87.6,87.63,52332
2022-04-08 14:15:00,87.63,87.66,87.6,87.6333,40265
2022-04-08 14:20:00,87.64,87.675,87.57,87.595,42153
2022-04-08 14:25:00,87.59,87.63,87.5273,87.6,52905
2022-04-08 14:30:00,87.602,87.61,87.565,87.605,55905
2022-04-08 14:35:00,87.6,87.6,87.51,87.55,58867
2022-04-08 14:40:00,87.55,87.63,87.545,87.6,69812
2022-04-08 14:45:00,87.595,87.61,87.495,87.6,94715
2022-04-08 14:50:00,87.6,87.73,87.6,87.7008,57524
2022-04-08 14:55:00,87.7055,87.75,87.67,87.67,43506
2022-04-08 15:00:00,87.67,87.72,87.605,87.69,95772
2022-04-08 15:05:00,87.68,87.72,87.635,87.6865,71002
2022-04-08 15:10:00,87.6835,87.78,87.65,87.735,93295
2022-04-08 15:15:00,87.74,87.835,87.74,87.815,68275
2022-04-08 15:20:00,87.815,87.815,87.745,87.78,57041
2022-04-08 15:25:00,87.785,87.82,87.7424,87.79,72317
2022-04-08 15:30:00,87.8,87.82,87.66,87.6999,83887
2022-04-08 15:35:00,87.69,87.72,87.66,87.695,74336
2022-04-08 15:40:00,87.695,87.745,87.66,87.745,79060
2022-04-08 15:45:00,87.7434,87.76,87.64,87.66,120822
2022-04-08 15:50:00,87.66,87.68,87.5,87.56,215201
2022-04-08 15:55:00,87.56,87.75,87.49,87.74,736961
2022-04-08 16:00:00,87.7,87.75,87.66,87.75,1818528
2022-04-08 16:10:00,87.68,87.68,87.68,87.68,4999
2022-04-08 16:15:00,87.68,87.68,87.68,87.68,10916
2022-04-08 16:20:00,87.68,87.68,87.68,87.68,5444
2022-04-08 16:25:00,87.51,87.68,87.51,87.68,5531
2022-04-08 16:40:00,87.42,87.42,87.42,87.42,100
2022-04-08 16:45:00,87.73,87.73,87.73,87.73,195
2022-04-08 17:00:00,87.75,87.75,87.75,87.75,115
2022-04-08 17:55:00,87.71,87.71,87.71,87.71,100
2022-04-08 18:45:00,87.75,87.75,87.75,87.75,433
2022-04-11 07:05:00,87.5,87.5,87.5,87.5,240
2022-04-11 07:20:00,87.69,87.69,87.69,87.69,300
2022-04-11 07:55:00,87.42,87.42,87.42,87.42,100
2022-04-11 08:00:00,87.0,87.16,87.0,87.16,2530
2022-04-11 08:45:00,87.6,87.6,87.6,87.6,100
2022-04-11 09:00:00,87.41,87.61,87.41,87.61,900
2022-04-11 09:05:00,87.66,87.66,87.66,87.66,100
2022-04-11 09:20:00,87.8,87.8,87.79,87.8,1107
2022-04-11 09:25:00,87.89,88.25,87.49,88.25,31988
2022-04-11 09:30:00,88.27,89.43,88.07,89.42,938799
2022-04-11 09:35:00,89.39,89.48,88.29,88.34,305318
2022-04-11 09:40:00,88.35,88.35,88.02,88.16,185041
2022-04-11 09:45:00,88.17,88.17,87.85,88.01,194448
2022-04-11 09:50:00,88.005,88.04,87.58,87.62,174364
2022-04-11 09:55:00,87.61,87.87,87.61,87.715,178348
2022-04-11 10:00:00,87.7,87.72,87.33,87.631,197645
2022-04-11 10:05:00,87.64,87.76,87.15,87.32,272676
2022-04-11 10:10:00,87.32,87.33,87.02,87.305,157536
2022-04-11 10:15:00,87.3,87.63,87.265,87.56,114310
2022-04-11 10:20:00,87.565,87.71,87.54,87.7,111052
2022-04-11 10:25:00,87.7,87.72,87.405,87.53,106325
2022-04-11 10:30:00,87.52,87.52,86.9929,87.12,162235
2022-04-11 10:35:00,87.12,87.36,87.075,87.3,130830
2022-04-11 10:40:00,87.3,87.4645,87.3,87.355,105028
2022-04-11 10:45:00,87.36,87.51,87.35,87.4576,92196
2022-04-11 10:50:00,87.455,87.51,87.33,87.46,85244
2022-04-11 10:55:00,87.45,87.49,87.31,87.46,88775
2022-04-11 11:00:00,87.45,87.57,87.4,87.4,120998
2022-04-11 11:05:00,87.395,87.395,87.205,87.2755,102443
2022-04-11 11:10:00,87.2799,87.3,87.07,87.21,100850
2022-04-11 11:15:00,87.21,87.25,87.015,87.015,143728
2022-04-11 11:20:00,87.02,87.04,86.915,86.995,99190
2022-04-11 11:25:00,86.995,87.2,86.98,87.135,121736
2022-04-11 11:30:00,87.13,87.18,87.03,87.145,72664
2022-04-11 11:35:00,87.145,87.3,87.145,87.16,82991
2022-04-11 11:40:00,87.15,87.22,87.0908,87.159,60832
2022-04-11 11:45:00,87.155,87.21,87.11,87.165,46689
2022-04-11 11:50:00,87.17,87.235,87.12,87.12,53533
2022-04-11 11:55:00,87.12,87.19,87.08,87.085,41669
2022-04-11 12:00:00,87.08,87.1,87.01,87.02,71422
2022-04-11 12:05:00,87.03,87.16,87.03,87.15,61839
2022-04-11 12:10:00,87.15,87.16,87.085,87.1,47561
2022-04-11 12:15:00,87.09,87.09,86.8,86.835,127268
2022-04-11 12:20:00,86.835,86.95,86.82,86.855,77510
2022-04-11 12:25:00,86.845,86.88,86.72,86.765,71244
2022-04-11 12:30:00,86.76,86.79,86.69,86.73,66252
2022-04-11 12:35:00,86.72,86.72,86.55,86.571,73665
2022-04-11 12:40:00,86.565,86.585,86.46,86.525,90775
2022-04-11 12:45:00,86.53,86.725,86.525,86.725,77182
2022-04-11 12:50:00,86.7283,86.75,86.58,86.6,50895
2022-04-11 12:55:00,86.595,86.62,86.54,86.615,79620
2022-04-11 13:00:00,86.61,86.635,86.48,86.52,73978
2022-04-11 13:05:00,86.52,86.585,86.4941,86.53,111434
2022-04-11 13:10:00,86.527,86.62,86.5,86.54,77331
2022-04-11 13:15:00,86.545,86.6,86.49,86.495,53242
2022-04-11 13:20:00,86.5,86.5,86.2074,86.2074,105834
2022-04-11 13:25:00,86.22,86.39,86.18,86.38,96290
2022-04-11 13:30:00,86.38,86.44,86.36,86.4299,57936
2022-04-11 13:35:00,86.425,86.485,86.35,86.45,341382
2022-04-11 13:40:00,86.455,86.555,86.445,86.495,61434
2022-04-11 13:45:00,86.5,86.52,86.48,86.5068,53046
2022-04-11 13:50:00,86.51,86.51,86.325,86.33,91360
2022-04-11 13:55:00,86.32,86.33,86.23,86.33,103759
2022-04-11 14:00:00,86.325,86.49,86.32,86.385,153415
2022-04-11 14:05:00,86.38,86.63,86.35,86.62,277284
2022-04-11 14:10:00,86.61,86.725,86.53,86.53,101570
2022-04-11 14:15:00,86.52,86.565,86.42,86.435,43268
2022-04-11 14:20:00,86.44,86.575,86.435,86.5742,58354
2022-04-11 14:25:00,86.58,86.63,86.545,86.59,70365
2022-04-11 14:30:00,86.58,86.58,86.46,86.565,160557
2022-04-11 14:35:00,86.57,86.715,86.5175,86.705,63116
2022-04-11 14:40:00,86.71,86.87,86.71,86.84,75037
2022-04-11 14:45:00,86.84,86.85,86.7,86.81,88477
2022-04-11 14:50:00,86.82,86.89,86.79,86.88,93802
2022-04-11 14:55:00,86.88,87.0,86.845,86.9934,104305
2022-04-11 15:00:00,86.99,87.0,86.835,86.915,125425
2022-04-11 15:05:00,86.915,86.93,86.7964,86.905,105363
2022-04-11 15:10:00,86.9007,86.97,86.855,86.855,139414
2022-04-11 15:15:00,86.855,86.89,86.79,86.865,157453
2022-04-11 15:20:00,86.86,86.88,86.8,86.815,80540
2022-04-11 15:25:00,86.82,86.88,86.735,86.76,102516
2022-04-11 15:30:00,86.75,86.83,86.64,86.82,160379
2022-04-11 15:35:00,86.815,86.895,86.7228,86.88,155119
2022-04-11 15:40:00,86.88,86.95,86.7584,86.86,362503
2022-04-11 15:45:00,86.855,86.91,86.71,86.735,342887
2022-04-11 15:50:00,86.74,86.78,86.57,86.6,252312
2022-04-11 15:55:00,86.595,86.65,86.51,86.65,490279
2022-04-11 16:00:00,86.63,86.63,86.63,86.63,1484197
2022-04-11 16:05:00,86.63,86.63,86.63,86.63,5005
2022-04-11 16:20:00,86.52,86.52,86.5,86.5,329
2022-04-11 16:25:00,86.52,86.52,86.52,86.52,153
2022-04-11 16:50:00,86.63,86.63,86.63,86.63,10003
2022-04-11 17:50:00,86.69,86.69,86.69,86.69,230
2022-04-11 18:15:00,86.59,86.59,86.59,86.59,200
2022-04-11 18:30:00,86.69,86.69,86.69,86.69,1000
2022-04-11 18:40:00,86.69,86.69,86.69,86.69,100
2022-04-11 18:45:00,86.6901,86.7,86.6901,86.7,6856
2022-04-11 18:50:00,86.59,86.59,86.59,86.59,287
2022-04-11 19:10:00,86.57,86.57,86.57,86.57,400
2022-04-11 19:15:00,86.7,86.7,86.7,86.7,100
2022-04-12 04:10:00,86.2,86.2,86.09,86.14,1382
2022-04-12 07:05:00,86.25,86.25,86.25,86.25,399
2022-04-12 07:10:00,86.25,86.25,86.25,86.25,558
2022-04-12 07:40:00,86.49,86.49,86.49,86.49,200
2022-04-12 08:00:00,86.65,86.65,86.5,86.5,234
2022-04-12 08:05:00,86.63,86.63,86.63,86.63,1700
2022-04-12 08:10:00,86.38,86.38,86.38,86.38,100
2022-04-12 08:25:00,86.51,86.51,86.51,86.51,440
2022-04-12 08:35:00,86.5,86.65,86.5,86.65,800
2022-04-12 08:40:00,86.7,86.7,86.7,86.7,2000
2022-04-12 08:45:00,86.71,86.71,86.71,86.71,100
2022-04-12 08:50:00,86.67,86.73,86.67,86.73,2158
2022-04-12 08:55:00,86.67,86.67,86.67,86.67,100
2022-04-12 09:00:00,86.61,86.66,86.61,86.66,305
2022-04-12 09:05:00,86.7,86.77,86.7,86.77,516
2022-04-12 09:10:00,86.77,86.77,86.49,86.49,17848
2022-04-12 09:15:00,86.57,86.57,86.4,86.48,1537
2022-04-12 09:20:00,86.47,86.47,86.47,86.47,200
2022-04-12 09:25:00,86.46,86.46,86.2,86.2,840
2022-04-12 09:30:00,86.0,86.5,85.6,86.31,449472
2022-04-12 09:35:00,86.28,86.545,86.13,86.33,219187
2022-04-12 09:40:00,86.335,86.5447,86.1913,86.47,177965
2022-04-12 09:45:00,86.47,86.5,85.93,86.2099,203666
2022-04-12 09:50:00,86.2,86.43,86.14,86.17,153935
2022-04-12 09:55:00,86.16,86.16,85.66,85.66,147134
2022-04-12 10:00:00,85.65,85.87,85.55,85.61,164066
2022-04-12 10:05:00,85.605,85.7,85.41,85.53,118257
2022-04-12 10:10:00,85.515,85.86,85.42,85.7961,162358
2022-04-12 10:15:00,85.81,85.9,85.57,85.65,163438
2022-04-12 10:20:00,85.65,85.665,85.4,85.4,155136
2022-04-12 10:25:00,85.4,85.48,85.25,85.45,165814
2022-04-12 10:30:00,85.46,85.54,85.22,85.235,127139
2022-04-12 10:35:00,85.24,85.65,85.235,85.49,140364
2022-04-12 10:40:00,85.48,85.51,85.3,85.375,122781
2022-04-12 10:45:00,85.39,85.64,85.345,85.64,162373
2022-04-12 10:50:00,85.65,85.82,85.52,85.805,147379
2022-04-12 10:55:00,85.805,85.83,85.645,85.645,127693
2022-04-12 11:00:00,85.65,85.75,85.635,85.67,157173
2022-04-12 11:05:00,85.675,85.865,85.59,85.635,173012
2022-04-12 11:10:00,85.64,85.7482,85.56,85.7,126702
2022-04-12 11:15:00,85.7,85.82,85.63,85.8,122185
2022-04-12 11:20:00,85.8,85.9,85.7,85.83,172152
2022-04-12 11:25:00,85.84,86.07,85.78,85.89,322924
2022-04-12 11:30:00,85.89,86.005,85.82,85.975,168277
2022-04-12 11:35:00,85.98,86.02,85.78,85.7959,57769
2022-04-12 11:40:00,85.79,85.91,85.71,85.84,74636
2022-04-12 11:45:00,85.84,86.02,85.705,85.9945,154797
2022-04-12 11:50:00,86.0,86.105,85.97,85.99,112354
2022-04-12 11:55:00,86.0,86.14,85.98,86.06,70841
2022-04-12 12:00:00,86.06,86.14,86.02,86.11,83762
2022-04-12 12:05:00,86.11,86.1594,86.03,86.045,78092
2022-04-12 12:10:00,86.045,86.05,85.965,86.025,65607
2022-04-12 12:15:00,86.04,86.1,85.97,86.03,90134
2022-04-12 12:20:00,86.02,86.07,85.95,85.975,47632
2022-04-12 12:25:00,85.99,86.03,85.88,85.9099,55633
2022-04-12 12:30:00,85.89,85.915,85.845,85.87,73634
2022-04-12 12:35:00,85.87,85.96,85.82,85.96,72083
2022-04-12 12:40:00,85.96,85.97,85.78,85.79,66104
2022-04-12 12:45:00,85.79,85.92,85.78,85.89,54878
2022-04-12 12:50:00,85.9,85.93,85.84,85.85,52163
2022-04-12 12:55:00,85.85,85.9,85.8,85.85,68473
2022-04-12 13:00:00,85.85,85.85,85.7,85.75,58534
2022-04-12 13:05:00,85.76,85.81,85.75,85.79,47194
2022-04-12 13:10:00,85.77,85.845,85.77,85.805,57101
2022-04-12 13:15:00,85.81,85.846,85.745,85.795,98669
2022-04-12 13:20:00,85.795,85.85,85.78,85.805,57951
2022-04-12 13:25:00,85.805,85.84,85.78,85.785,40077
2022-04-12 13:30:00,85.79,85.8,85.7,85.785,78447
2022-04-12 13:35:00,85.79,85.805,85.78,85.785,68338
2022-04-12 13:40:00,85.785,85.79,85.71,85.74,38206
2022-04-12 13:45:00,85.735,85.77,85.68,85.73,53320
2022-04-12 13:50:00,85.7219,85.73,85.62,85.655,49057
2022-04-12 13:55:00,85.66,85.67,85.6,85.645,47375
2022-04-12 14:00:00,85.655,85.745,85.645,85.7275,87364
2022-04-12 14:05:00,85.725,85.83,85.72,85.82,92509
2022-04-12 14:10:00,85.825,85.845,85.77,85.78,58573
2022-04-12 14:15:00,85.775,85.8399,85.74,85.7978,74008
2022-04-12 14:20:00,85.795,85.85,85.79,85.835,87528
2022-04-12 14:25:00,85.83,85.85,85.77,85.805,104065
2022-04-12 14:30:00,85.805,85.81,85.72,85.805,64934
2022-04-12 14:35:00,85.8,85.84,85.71,85.725,111642
2022-04-12 14:40:00,85.725,85.75,85.69,85.74,38623
2022-04-12 14:45:00,85.74,85.84,85.735,85.805,73298
2022-04-12 14:50:00,85.81,85.88,85.81,85.815,106640
2022-04-12 14:55:00,85.81,85.85,85.74,85.79,66203
2022-04-12 15:00:00,85.79,85.8,85.6338,85.6412,50859
2022-04-12 15:05:00,85.64,85.69,85.585,85.585,65638
2022-04-12 15:10:00,85.59,85.605,85.53,85.605,83088
2022-04-12 15:15:00,85.6054,85.65,85.5425,85.5638,70742
2022-04-12 15:20:00,85.57,85.6769,85.54,85.63,118554
2022-04-12 15:25:00,85.625,85.63,85.47,85.49,95432
2022-04-12 15:30:00,85.49,85.54,85.45,85.49,131876
2022-04-12 15:35:00,85.495,85.54,85.48,85.525,119246
2022-04-12 15:40:00,85.53,85.6776,85.51,85.645,157871
2022-04-12 15:45:00,85.64,85.7366,85.57,85.64,186136
2022-04-12 15:50:00,85.65,85.69,85.5,85.555,255270
2022-04-12 15:55:00,85.56,85.73,85.545,85.62,410174
2022-04-12 16:00:00,85.63,85.63,85.62,85.63,1318409
2022-04-12 16:05:00,85.63,85.63,85.63,85.63,6221
2022-04-12 16:10:00,85.63,85.63,85.63,85.63,200
2022-04-12 16:20:00,85.63,85.63,85.63,85.63,8502
2022-04-12 16:25:00,85.63,85.63,85.63,85.63,4753
2022-04-12 17:40:00,85.5656,85.5656,85.5656,85.5656,100
2022-04-12 19:05:00,85.63,85.63,85.63,85.63,526
2022-04-12 19:35:00,85.63,85.63,85.63,85.63,100
2022-04-12 19:55:00,85.63,85.63,85.63,85.63,100
2022-04-13 07:50:00,85.5,85.5,85.5,85.5,200
2022-04-13 08:10:00,85.34,85.38,85.24,85.38,700
2022-04-13 08:20:00,85.49,85.49,85.49,85.49,100
2022-04-13 08:35:00,85.3001,85.33,85.3001,85.33,1600
2022-04-13 09:10:00,85.48,85.58,85.45,85.46,1014
2022-04-13 09:15:00,85.31,85.39,85.31,85.39,300
2022-04-13 09:25:00,85.6,85.6,85.6,85.6,300
2022-04-13 09:30:00,85.8,85.92,85.43,85.795,336675
2022-04-13 09:35:00,85.78,85.81,85.29,85.38,189216
2022-04-13 09:40:00,85.38,85.87,85.36,85.615,176966
2022-04-13 09:45:00,85.62,85.7,85.24,85.49,153131
2022-04-13 09:50:00,85.48,85.512,85.21,85.401,146228
2022-04-13 09:55:00,85.41,85.535,85.27,85.29,107685
2022-04-13 10:00:00,85.3,85.34,85.08,85.13,138983
2022-04-13 10:05:00,85.13,85.23,85.08,85.17,119454
2022-04-13 10:10:00,85.17,85.26,85.08,85.1,92973
2022-04-13 10:15:00,85.09,85.17,85.01,85.125,131932
2022-04-13 10:20:00,85.12,85.17,85.0166,85.15,101089
2022-04-13 10:25:00,85.155,85.325,85.08,85.28,103075
2022-04-13 10:30:00,85.27,85.275,85.09,85.215,119002
2022-04-13 10:35:00,85.22,85.2224,85.11,85.145,83264
2022-04-13 10:40:00,85.15,85.155,85.05,85.0899,57007
2022-04-13 10:45:00,85.09,85.1552,85.0714,85.085,66621
2022-04-13 10:50:00,85.085,85.1979,85.07,85.16,64729
2022-04-13 10:55:00,85.16,85.25,85.13,85.2,136867
2022-04-13 11:00:00,85.19,85.305,85.175,85.3,65748
2022-04-13 11:05:00,85.3,85.3096,85.085,85.09,61982
2022-04-13 11:10:00,85.085,85.11,84.96,85.01,114985
2022-04-13 11:15:00,85.0,85.1166,84.9601,85.025,62922
2022-04-13 11:20:00,85.02,85.07,84.965,85.0,64307
2022-04-13 11:25:00,85.0,85.14,84.96,85.11,131097
2022-04-13 11:30:00,85.1,85.255,85.05,85.185,137165
2022-04-13 11:35:00,85.2,85.225,85.05,85.08,79194
2022-04-13 11:40:00,85.07,85.11,85.0,85.075,62098
2022-04-13 11:45:00,85.075,85.085,85.0,85.04,126597
2022-04-13 11:50:00,85.03,85.03,84.88,84.935,72192
2022-04-13 11:55:00,84.935,84.95,84.86,84.885,76897
2022-04-13 12:00:00,84.89,84.94,84.83,84.9,69359
2022-04-13 12:05:00,84.892,85.005,84.892,84.99,86213
2022-04-13 12:10:00,84.992,85.01,84.92,85.0,108074
2022-04-13 12:15:00,84.995,85.01,84.9507,84.9893,71173
2022-04-13 12:20:00,84.986,85.14,84.97,85.05,122376
2022-04-13 12:25:00,85.055,85.17,85.03,85.11,108625
2022-04-13 12:30:00,85.1056,85.3956,85.105,85.2877,387334
2022-04-13 12:35:00,85.29,85.41,85.29,85.365,109920
2022-04-13 12:40:00,85.3647,85.51,85.3647,85.49,79044
2022-04-13 12:45:00,85.49,85.565,85.46,85.535,68938
2022-04-13 12:50:00,85.5345,85.62,85.5345,85.59,61642
2022-04-13 12:55:00,85.6,85.64,85.56,85.565,75124
2022-04-13 13:00:00,85.57,85.65,85.57,85.605,123207
2022-04-13 13:05:00,85.6079,85.73,85.575,85.7,115899
2022-04-13 13:10:00,85.691,85.725,85.64,85.645,106640
2022-04-13 13:15:00,85.64,85.71,85.62,85.64,98725
2022-04-13 13:20:00,85.645,85.665,85.6,85.615,58216
2022-04-13 13:25:00,85.615,85.72,85.58,85.62,142880
2022-04-13 13:30:00,85.63,85.775,85.63,85.6775,105902
2022-04-13 13:35:00,85.6701,85.72,85.615,85.71,46950
2022-04-13 13:40:00,85.71,85.745,85.675,85.675,34168
2022-04-13 13:45:00,85.67,85.695,85.6,85.632,96939
2022-04-13 13:50:00,85.63,85.725,85.62,85.704,55889
2022-04-13 13:55:00,85.71,85.76,85.6906,85.7,48608
2022-04-13 14:00:00,85.695,85.71,85.64,85.675,60357
2022-04-13 14:05:00,85.68,85.82,85.66,85.815,55611
2022-04-13 14:10:00,85.815,85.815,85.69,85.765,102307
2022-04-13 14:15:00,85.77,85.89,85.76,85.885,65557
2022-04-13 14:20:00,85.885,85.92,85.76,85.805,85173
2022-04-13 14:25:00,85.805,85.805,85.67,85.75,87372
2022-04-13 14:30:00,85.75,85.7675,85.6925,85.715,73646
2022-04-13 14:35:00,85.715,85.84,85.715,85.8,66244
2022-04-13 14:40:00,85.81,85.825,85.78,85.81,52086
2022-04-13 14:45:00,85.815,85.91,85.775,85.865,103151
2022-04-13 14:50:00,85.87,85.91,85.84,85.845,55648
2022-04-13 14:55:00,85.845,85.87,85.78,85.845,64893
2022-04-13 15:00:00,85.84,85.84,85.78,85.805,50466
2022-04-13 15:05:00,85.8,85.91,85.76,85.88,90759
2022-04-13 15:10:00,85.885,85.96,85.875,85.94,96886
2022-04-13 15:15:00,85.93,86.01,85.915,85.995,82550
2022-04-13 15:20:00,85.99,86.03,85.965,86.015,79345
2022-04-13 15:25:00,86.015,86.057,85.9,85.94,121658
2022-04-13 15:30:00,85.94,85.965,85.81,85.83,112198
2022-04-13 15:35:00,85.835,85.88,85.795,85.86,144027
2022-04-13 15:40:00,85.855,85.98,85.8501,85.96,166297
2022-04-13 15:45:00,85.96,86.12,85.96,86.09,276458
2022-04-13 15:50:00,86.08,86.09,85.93,85.955,385197
2022-04-13 15:55:00,85.96,86.24,85.96,86.14,935349
2022-04-13 16:00:00,86.13,86.13,86.13,86.13,1044420
2022-04-13 16:05:00,86.13,86.13,86.13,86.13,5755
2022-04-13 16:40:00,85.99,85.99,85.96,85.96,435
2022-04-13 16:45:00,86.13,86.13,86.13,86.13,3524
2022-04-13 17:10:00,86.13,86.13,86.13,86.13,5775
2022-04-13 19:55:00,86.12,86.12,86.0,86.0,253
2022-04-14 08:00:00,86.13,86.13,86.13,86.13,200
2022-04-14 09:05:00,86.07,86.07,86.07,86.07,100
2022-04-14 09:15:00,86.04,86.06,86.04,86.06,200
2022-04-14 09:25:00,85.91,85.98,85.86,85.98,482
2022-04-14 09:30:00,86.13,86.33,85.86,86.24,527470
2022-04-14 09:35:00,86.25,86.55,86.19,86.37,144101
2022-04-14 09:40:00,86.37,86.69,86.29,86.5175,138843
2022-04-14 09:45:00,86.51,86.7319,86.46,86.635,140123
2022-04-14 09:50:00,86.63,86.87,86.59,86.6,117018
2022-04-14 09:55:00,86.59,86.73,86.46,86.5,162169
2022-04-14 10:00:00,86.5,86.52,86.33,86.405,102666
2022-04-14 10:05:00,86.4,86.58,86.15,86.15,117655
2022-04-14 10:10:00,86.15,86.44,86.04,86.2,4100686
2022-04-14 10:15:00,86.2,86.32,86.01,86.19,257924
2022-04-14 10:20:00,86.19,86.245,85.8,85.815,139261
2022-04-14 10:25:00,85.83,85.97,85.41,85.87,269188
2022-04-14 10:30:00,85.86,86.1,85.79,86.07,229467
2022-04-14 10:35:00,86.05,86.16,85.99,86.065,118012
2022-04-14 10:40:00,86.07,86.17,86.0,86.02,139507
2022-04-14 10:45:00,86.015,86.28,86.015,86.2,78872
2022-04-14 10:50:00,86.19,86.3219,86.09,86.3219,90400
2022-04-14 10:55:00,86.31,86.35,86.2925,86.35,63976
2022-04-14 11:00:00,86.35,86.35,86.1613,86.18,72478
2022-04-14 11:05:00,86.19,86.32,86.17,86.32,159468
2022-04-14 11:10:00,86.3237,86.3801,86.23,86.245,43917
2022-04-14 11:15:00,86.245,86.255,86.15,86.185,65543
2022-04-14 11:20:00,86.19,86.27,86.065,86.26,62397
2022-04-14 11:25:00,86.255,86.26,86.2,86.2321,45723
2022-04-14 11:30:00,86.24,86.4,86.21,86.3968,36801
2022-04-14 11:35:00,86.39,86.46,86.37,86.39,64224
2022-04-14 11:40:00,86.38,86.48,86.38,86.41,63000
2022-04-14 11:45:00,86.4079,86.415,86.235,86.24,54072
2022-04-14 11:50:00,86.2449,86.355,86.24,86.3,40154
2022-04-14 11:55:00,86.3,86.33,86.274,86.31,27785
2022-04-14 12:00:00,86.31,86.3799,86.215,86.32,71534
2022-04-14 12:05:00,86.33,86.36,86.285,86.31,38594
2022-04-14 12:10:00,86.315,86.34,86.29,86.315,47985
2022-04-14 12:15:00,86.31,86.425,86.28,86.425,129329
2022-04-14 12:20:00,86.424,86.424,86.228,86.31,173425
2022-04-14 12:25:00,86.32,86.43,86.2979,86.43,30805
2022-04-14 12:30:00,86.43,86.48,86.355,86.355,23740
2022-04-14 12:35:00,86.36,86.44,86.35,86.375,35618
2022-04-14 12:40:00,86.38,86.45,86.35,86.445,49012
2022-04-14 12:45:00,86.45,86.505,86.415,86.465,54234
2022-04-14 12:50:00,86.465,86.49,86.425,86.44,32876
2022-04-14 12:55:00,86.445,86.545,86.4401,86.545,67832
2022-04-14 13:00:00,86.54,86.655,86.54,86.645,64945
2022-04-14 13:05:00,86.65,86.705,86.62,86.665,104679
2022-04-14 13:10:00,86.665,86.715,86.65,86.683,86844
2022-04-14 13:15:00,86.6826,86.795,86.6826,86.735,120972
2022-04-14 13:20:00,86.735,86.7968,86.71,86.725,59582
2022-04-14 13:25:00,86.73,86.89,86.73,86.89,71892
2022-04-14 13:30:00,86.895,86.915,86.83,86.875,137615
2022-04-14 13:35:00,86.875,87.0,86.86,86.94,95759
2022-04-14 13:40:00,86.9348,86.99,86.875,86.975,80264
2022-04-14 13:45:00,86.975,87.075,86.97,87.06,87579
2022-04-14 13:50:00,87.055,87.17,87.025,87.165,86309
2022-04-14 13:55:00,87.165,87.51,87.165,87.4,469926
2022-04-14 14:00:00,87.385,87.495,87.265,87.495,146490
2022-04-14 14:05:00,87.5,87.5,87.42,87.4301,149527
2022-04-14 14:10:00,87.43,87.48,87.1031,87.14,117416
2022-04-14 14:15:00,87.14,87.142,86.99,87.07,77840
2022-04-14 14:20:00,87.08,87.14,87.03,87.05,58920
2022-04-14 14:25:00,87.055,87.165,87.04,87.16,37344
2022-04-14 14:30:00,87.16,87.2,87.05,87.09,52402
2022-04-14 14:35:00,87.09,87.135,87.03,87.075,59195
2022-04-14 14:40:00,87.08,87.255,87.075,87.245,54052
2022-04-14 14:45:00,87.245,87.29,87.23,87.265,49922
2022-04-14 14:50:00,87.265,87.275,87.06,87.09,49157
2022-04-14 14:55:00,87.08,87.12,87.02,87.07,53501
2022-04-14 15:00:00,87.067,87.23,87.06,87.175,91988
2022-04-14 15:05:00,87.17,87.205,87.07,87.07,55946
2022-04-14 15:10:00,87.08,87.15,87.05,87.11,55290
2022-04-14 15:15:00,87.1,87.21,87.07,87.15,46915
2022-04-14 15:20:00,87.16,87.245,87.135,87.245,120835
2022-04-14 15:25:00,87.245,87.265,87.21,87.245,213695
2022-04-14 15:30:00,87.24,87.26,86.99,86.99,197183
2022-04-14 15:35:00,86.99,87.01,86.915,87.0,203423
2022-04-14 15:40:00,87.0,87.13,86.9725,87.13,173296
2022-04-14 15:45:00,87.13,87.15,86.92,86.9458,250727
2022-04-14 15:50:00,86.93,86.975,86.85,86.8801,358032
2022-04-14 15:55:00,86.885,86.97,86.73,86.9,561367
2022-04-14 16:00:00,86.9,86.91,86.9,86.91,3254635
2022-04-14 16:05:00,86.91,86.91,86.91,86.91,1678
2022-04-14 16:20:00,86.91,86.91,86.91,86.91,14897
2022-04-14 16:45:00,86.91,86.91,86.91,86.91,7600
