2022-04-01 04:55:00,22.14,22.14,22.14,22.14,100
2022-04-01 05:00:00,22.15,22.15,22.15,22.15,492
2022-04-01 05:05:00,22.15,22.15,22.14,22.14,642
2022-04-01 05:20:00,22.12,22.12,22.12,22.12,100
2022-04-01 06:10:00,22.15,22.15,22.15,22.15,100
2022-04-01 06:15:00,22.15,22.15,22.13,22.13,639
2022-04-01 06:20:00,22.15,22.15,22.14,22.14,845
2022-04-01 06:25:00,22.08,22.08,22.07,22.07,350
2022-04-01 06:45:00,22.07,22.07,22.07,22.07,330
2022-04-01 06:55:00,22.03,22.03,22.02,22.02,701
2022-04-01 07:00:00,22.14,22.14,22.0,22.1,4335
2022-04-01 07:05:00,22.1,22.15,22.1,22.14,5336
2022-04-01 07:15:00,22.1,22.1,22.1,22.1,1500
2022-04-01 07:25:00,22.07,22.1,22.07,22.1,760
2022-04-01 07:35:00,22.1,22.1,22.1,22.1,1000
2022-04-01 07:40:00,22.1,22.1,22.1,22.1,1000
2022-04-01 07:55:00,22.12,22.12,22.1,22.11,2126
2022-04-01 08:00:00,22.1399,22.15,21.98,22.15,30835
2022-04-01 08:05:00,22.15,22.15,22.1499,22.1499,6354
2022-04-01 08:10:00,22.14,22.14,22.12,22.13,1282
2022-04-01 08:15:00,22.1,22.12,22.1,22.11,1760
2022-04-01 08:20:00,22.1,22.1,22.07,22.09,1977
2022-04-01 08:25:00,22.1,22.13,22.1,22.12,2250
2022-04-01 08:30:00,22.12,22.14,22.09,22.1299,2372
2022-04-01 08:35:00,22.12,22.12,21.88,21.88,5773
2022-04-01 08:40:00,22.09,22.1,22.06,22.06,10097
2022-04-01 08:45:00,22.08,22.1,22.08,22.09,19622
2022-04-01 08:50:00,22.09,22.09,22.05,22.09,12728
2022-04-01 08:55:00,22.08,22.09,22.03,22.08,10335
2022-04-01 09:00:00,22.0799,22.08,22.04,22.08,3395
2022-04-01 09:05:00,22.08,22.08,22.04,22.08,7600
2022-04-01 09:10:00,22.05,22.08,21.99,22.08,26527
2022-04-01 09:15:00,22.05,22.09,22.05,22.08,2903
2022-04-01 09:20:00,22.08,22.1,22.07,22.1,1932
2022-04-01 09:25:00,22.1,22.15,21.96,21.96,17221
2022-04-01 09:30:00,21.96,22.1,21.93,21.9336,754482
2022-04-01 09:35:00,21.935,22.03,21.74,21.865,548937
2022-04-01 09:40:00,21.86,21.92,21.77,21.8315,333501
2022-04-01 09:45:00,21.835,21.87,21.75,21.81,307669
2022-04-01 09:50:00,21.81,21.815,21.69,21.7499,230378
2022-04-01 09:55:00,21.74,21.875,21.7096,21.87,182226
2022-04-01 10:00:00,21.87,21.97,21.815,21.9001,372761
2022-04-01 10:05:00,21.9,21.9178,21.8,21.88,221027
2022-04-01 10:10:00,21.88,21.9,21.74,21.755,183748
2022-04-01 10:15:00,21.76,21.79,21.6301,21.635,319794
2022-04-01 10:20:00,21.64,21.655,21.52,21.52,251795
2022-04-01 10:25:00,21.53,21.615,21.495,21.615,245000
2022-04-01 10:30:00,21.62,21.71,21.6,21.71,194665
2022-04-01 10:35:00,21.7001,21.71,21.61,21.625,158324
2022-04-01 10:40:00,21.62,21.635,21.55,21.6,195774
2022-04-01 10:45:00,21.5998,21.64,21.57,21.5871,117363
2022-04-01 10:50:00,21.59,21.61,21.5525,21.5601,110511
2022-04-01 10:55:00,21.57,21.61,21.515,21.545,104915
2022-04-01 11:00:00,21.54,21.6,21.53,21.5697,100534
2022-04-01 11:05:00,21.56,21.6828,21.525,21.65,153208
2022-04-01 11:10:00,21.65,21.685,21.6201,21.64,121490
2022-04-01 11:15:00,21.63,21.68,21.6,21.68,125146
2022-04-01 11:20:00,21.6793,21.77,21.675,21.75,201714
2022-04-01 11:25:00,21.7501,21.77,21.68,21.685,94935
2022-04-01 11:30:00,21.69,21.72,21.655,21.69,105186
2022-04-01 11:35:00,21.68,21.68,21.56,21.61,111967
2022-04-01 11:40:00,21.615,21.6299,21.57,21.575,65864
2022-04-01 11:45:00,21.58,21.6,21.55,21.565,77260
2022-04-01 11:50:00,21.56,21.64,21.56,21.62,61708
2022-04-01 11:55:00,21.61,21.61,21.5546,21.5546,78823
2022-04-01 12:00:00,21.55,21.5557,21.505,21.525,105203
2022-04-01 12:05:00,21.525,21.545,21.485,21.5341,95234
2022-04-01 12:10:00,21.54,21.55,21.5149,21.525,91242
2022-04-01 12:15:00,21.53,21.55,21.475,21.5,65434
2022-04-01 12:20:00,21.4957,21.57,21.49,21.55,57404
2022-04-01 12:25:00,21.55,21.595,21.55,21.595,98656
2022-04-01 12:30:00,21.59,21.59,21.525,21.54,116248
2022-04-01 12:35:00,21.53,21.5462,21.4927,21.54,58849
2022-04-01 12:40:00,21.53,21.59,21.505,21.585,61239
2022-04-01 12:45:00,21.5837,21.61,21.56,21.605,58583
2022-04-01 12:50:00,21.61,21.625,21.5901,21.615,72943
2022-04-01 12:55:00,21.615,21.65,21.6009,21.63,93500
2022-04-01 13:00:00,21.625,21.64,21.555,21.57,69648
2022-04-01 13:05:00,21.57,21.59,21.555,21.57,61502
2022-04-01 13:10:00,21.565,21.565,21.5,21.52,83688
2022-04-01 13:15:00,21.5215,21.56,21.515,21.535,104494
2022-04-01 13:20:00,21.53,21.5699,21.5,21.56,107790
2022-04-01 13:25:00,21.56,21.575,21.525,21.55,48221
2022-04-01 13:30:00,21.54,21.56,21.525,21.5401,40874
2022-04-01 13:35:00,21.54,21.608,21.54,21.5722,85843
2022-04-01 13:40:00,21.57,21.63,21.57,21.615,38142
2022-04-01 13:45:00,21.61,21.63,21.58,21.595,57427
2022-04-01 13:50:00,21.58,21.58,21.52,21.525,87797
2022-04-01 13:55:00,21.52,21.55,21.5199,21.545,60731
2022-04-01 14:00:00,21.55,21.585,21.525,21.585,64704
2022-04-01 14:05:00,21.59,21.62,21.5738,21.58,233458
2022-04-01 14:10:00,21.58,21.63,21.54,21.63,235328
2022-04-01 14:15:00,21.63,21.66,21.63,21.646,91448
2022-04-01 14:20:00,21.64,21.66,21.62,21.66,88720
2022-04-01 14:25:00,21.655,21.7175,21.655,21.7175,117411
2022-04-01 14:30:00,21.72,21.74,21.7121,21.735,87646
2022-04-01 14:35:00,21.735,21.735,21.6601,21.68,76840
2022-04-01 14:40:00,21.675,21.715,21.66,21.7,101723
2022-04-01 14:45:00,21.7,21.71,21.68,21.69,49116
2022-04-01 14:50:00,21.69,21.69,21.645,21.66,77095
2022-04-01 14:55:00,21.67,21.725,21.665,21.715,114741
2022-04-01 15:00:00,21.71,21.7585,21.71,21.755,81483
2022-04-01 15:05:00,21.75,21.78,21.7101,21.715,139103
2022-04-01 15:10:00,21.715,21.72,21.655,21.7,107301
2022-04-01 15:15:00,21.695,21.71,21.655,21.66,98066
2022-04-01 15:20:00,21.66,21.665,21.63,21.65,71120
2022-04-01 15:25:00,21.65,21.7199,21.65,21.7199,86197
2022-04-01 15:30:00,21.72,21.735,21.68,21.7,107622
2022-04-01 15:35:00,21.7,21.735,21.685,21.7276,88890
2022-04-01 15:40:00,21.725,21.75,21.7,21.715,124353
2022-04-01 15:45:00,21.71,21.78,21.71,21.775,165500
2022-04-01 15:50:00,21.78,21.85,21.77,21.805,498113
2022-04-01 15:55:00,21.8,21.86,21.8,21.82,485948
2022-04-01 16:00:00,21.85,21.85,21.75,21.82,1025973
2022-04-01 16:05:00,21.82,21.82,21.8,21.8,200
2022-04-01 16:15:00,21.81,21.81,21.7999,21.7999,300
2022-04-01 16:30:00,21.8,21.8,21.8,21.8,261
2022-04-01 16:35:00,21.79,21.79,21.78,21.78,1300
2022-04-01 16:40:00,21.78,21.8,21.78,21.8,2427
2022-04-01 16:45:00,21.8,21.8,21.8,21.8,300
2022-04-01 16:50:00,21.78,21.78,21.78,21.78,362
2022-04-01 16:55:00,21.8,21.8,21.8,21.8,430
2022-04-01 17:10:00,21.78,21.78,21.77,21.78,4200
2022-04-01 17:15:00,21.7701,21.7701,21.7701,21.7701,1500
2022-04-01 17:30:00,21.84,21.84,21.84,21.84,300
2022-04-01 17:50:00,21.8339,21.8339,21.8339,21.8339,180
2022-04-01 17:55:00,21.81,21.81,21.81,21.81,250
2022-04-01 18:10:00,21.77,21.77,21.75,21.75,2970
2022-04-01 18:15:00,21.77,21.77,21.77,21.77,350
2022-04-01 18:40:00,21.77,21.77,21.77,21.77,950
2022-04-01 18:55:00,21.75,21.75,21.75,21.75,1900
2022-04-01 19:10:00,21.76,21.76,21.75,21.75,1000
2022-04-01 19:15:00,21.75,21.75,21.75,21.75,100
2022-04-01 19:20:00,21.77,21.77,21.77,21.77,1129
2022-04-01 19:25:00,21.77,21.77,21.77,21.77,2232
2022-04-01 19:30:00,21.75,21.75,21.74,21.74,970
2022-04-01 19:35:00,21.73,21.73,21.73,21.73,1649
2022-04-01 19:40:00,21.73,21.73,21.72,21.72,3307
2022-04-01 19:45:00,21.73,21.73,21.72,21.72,1100
2022-04-01 19:50:00,21.72,21.72,21.72,21.72,305
2022-04-01 19:55:00,21.78,21.78,21.72,21.72,1700
2022-04-04 04:00:00,21.82,21.82,21.82,21.82,175
2022-04-04 04:15:00,21.61,21.61,21.61,21.61,300
2022-04-04 04:25:00,21.8,21.8,21.8,21.8,1000
2022-04-04 05:05:00,21.8,21.8,21.8,21.8,175
2022-04-04 06:10:00,21.79,21.8,21.79,21.8,995
2022-04-04 06:15:00,21.8,21.8,21.8,21.8,2589
2022-04-04 06:35:00,21.8,21.8,21.8,21.8,211
2022-04-04 06:45:00,21.8,21.8,21.8,21.8,1200
2022-04-04 07:00:00,21.79,21.79,21.79,21.79,1200
2022-04-04 07:10:00,21.85,21.85,21.79,21.79,1326
2022-04-04 07:15:00,21.8,21.85,21.8,21.85,575
2022-04-04 07:20:00,21.9,21.9,21.85,21.85,10335
2022-04-04 07:35:00,21.88,21.88,21.88,21.88,100
2022-04-04 07:45:00,21.84,21.88,21.81,21.81,1993
2022-04-04 07:50:00,21.8,21.83,21.8,21.83,651
2022-04-04 07:55:00,21.82,21.82,21.82,21.82,350
2022-04-04 08:00:00,21.7911,21.9489,21.78,21.78,15156
2022-04-04 08:05:00,21.78,21.79,21.78,21.79,1900
2022-04-04 08:10:00,21.79,21.79,21.76,21.76,775
2022-04-04 08:40:00,21.76,21.77,21.76,21.77,1974
2022-04-04 08:45:00,21.76,21.76,21.7401,21.7401,1336
2022-04-04 08:50:00,21.7424,21.7424,21.74,21.74,700
2022-04-04 08:55:00,21.7301,21.75,21.73,21.75,3801
2022-04-04 09:00:00,21.74,21.76,21.74,21.76,1505
2022-04-04 09:05:00,21.74,21.75,21.72,21.7201,11370
2022-04-04 09:10:00,21.7499,21.75,21.7499,21.75,356
2022-04-04 09:20:00,21.76,21.83,21.76,21.82,5353
2022-04-04 09:25:00,21.82,21.82,21.79,21.79,4806
2022-04-04 09:30:00,21.8,21.8716,21.61,21.62,506536
2022-04-04 09:35:00,21.6,21.77,21.52,21.62,439579
2022-04-04 09:40:00,21.61,21.71,21.57,21.68,257024
2022-04-04 09:45:00,21.65,21.75,21.56,21.75,269711
2022-04-04 09:50:00,21.755,21.7968,21.71,21.7295,266728
2022-04-04 09:55:00,21.73,21.84,21.7,21.765,214187
2022-04-04 10:00:00,21.77,21.825,21.55,21.59,317953
2022-04-04 10:05:00,21.595,21.715,21.58,21.7,224108
2022-04-04 10:10:00,21.71,21.73,21.632,21.7,244247
2022-04-04 10:15:00,21.7,21.765,21.65,21.75,167115
2022-04-04 10:20:00,21.75,21.82,21.73,21.7894,163425
2022-04-04 10:25:00,21.78,21.79,21.68,21.72,205085
2022-04-04 10:30:00,21.72,21.8001,21.68,21.795,195451
2022-04-04 10:35:00,21.7908,21.855,21.74,21.79,106072
2022-04-04 10:40:00,21.7989,21.81,21.7,21.725,130688
2022-04-04 10:45:00,21.73,21.83,21.7,21.815,110144
2022-04-04 10:50:00,21.81,21.855,21.76,21.835,107620
2022-04-04 10:55:00,21.835,21.925,21.825,21.84,143400
2022-04-04 11:00:00,21.83,21.8992,21.81,21.88,93369
2022-04-04 11:05:00,21.89,21.935,21.87,21.9158,130923
2022-04-04 11:10:00,21.915,21.915,21.855,21.8754,85027
2022-04-04 11:15:00,21.87,21.87,21.76,21.825,118224
2022-04-04 11:20:00,21.82,21.9,21.81,21.89,72457
2022-04-04 11:25:00,21.885,21.9,21.87,21.89,76027
2022-04-04 11:30:00,21.895,21.99,21.895,21.94,150024
2022-04-04 11:35:00,21.9361,22.0,21.86,21.865,198135
2022-04-04 11:40:00,21.865,21.8735,21.805,21.865,161909
2022-04-04 11:45:00,21.87,21.8884,21.825,21.84,49893
2022-04-04 11:50:00,21.84,21.8499,21.803,21.82,108371
2022-04-04 11:55:00,21.82,21.8596,21.82,21.85,58434
2022-04-04 12:00:00,21.84,21.88,21.83,21.87,119782
2022-04-04 12:05:00,21.875,21.9,21.855,21.9,54139
2022-04-04 12:10:00,21.9,21.9332,21.89,21.905,55624
2022-04-04 12:15:00,21.91,21.91,21.88,21.91,83501
2022-04-04 12:20:00,21.91,21.92,21.855,21.87,66258
2022-04-04 12:25:00,21.8632,21.9385,21.855,21.93,98539
2022-04-04 12:30:00,21.9208,21.93,21.9001,21.915,35859
2022-04-04 12:35:00,21.92,21.9678,21.91,21.93,92675
2022-04-04 12:40:00,21.93,21.96,21.91,21.935,66159
2022-04-04 12:45:00,21.93,21.98,21.925,21.94,308083
2022-04-04 12:50:00,21.93,21.94,21.9136,21.93,80509
2022-04-04 12:55:00,21.93,21.95,21.91,21.91,116689
2022-04-04 13:00:00,21.915,21.93,21.875,21.9001,67964
2022-04-04 13:05:00,21.905,21.915,21.865,21.905,71088
2022-04-04 13:10:00,21.9,21.935,21.895,21.92,78806
2022-04-04 13:15:00,21.925,21.9764,21.92,21.975,58109
2022-04-04 13:20:00,21.9701,22.03,21.96,21.96,169369
2022-04-04 13:25:00,21.95,21.96,21.913,21.93,112238
2022-04-04 13:30:00,21.93,21.93,21.895,21.895,98535
2022-04-04 13:35:00,21.9,21.92,21.89,21.91,76231
2022-04-04 13:40:00,21.91,21.94,21.89,21.92,63076
2022-04-04 13:45:00,21.93,21.94,21.9001,21.91,38401
2022-04-04 13:50:00,21.91,21.93,21.894,21.915,44668
2022-04-04 13:55:00,21.915,21.965,21.91,21.96,41817
2022-04-04 14:00:00,21.95,21.955,21.905,21.92,34238
2022-04-04 14:05:00,21.9266,21.93,21.84,21.8468,51152
2022-04-04 14:10:00,21.85,21.88,21.84,21.875,39361
2022-04-04 14:15:00,21.875,21.955,21.87,21.95,59445
2022-04-04 14:20:00,21.95,21.955,21.92,21.935,51705
2022-04-04 14:25:00,21.93,21.97,21.9201,21.965,50770
2022-04-04 14:30:00,21.96,22.005,21.95,21.9773,85900
2022-04-04 14:35:00,21.97,22.0,21.97,21.99,56631
2022-04-04 14:40:00,21.99,22.0,21.975,22.0,84622
2022-04-04 14:45:00,22.005,22.0473,22.0,22.045,85999
2022-04-04 14:50:00,22.05,22.05,22.0001,22.02,69539
2022-04-04 14:55:00,22.0237,22.045,22.01,22.0301,69994
2022-04-04 15:00:00,22.035,22.07,22.0,22.015,94065
2022-04-04 15:05:00,22.02,22.028,22.0,22.025,87996
2022-04-04 15:10:00,22.025,22.03,21.9617,21.98,185690
2022-04-04 15:15:00,21.98,21.9984,21.97,21.9899,73614
2022-04-04 15:20:00,21.99,22.03,21.9843,22.01,43202
2022-04-04 15:25:00,22.01,22.015,21.985,22.005,53115
2022-04-04 15:30:00,22.0,22.005,21.97,21.975,112278
2022-04-04 15:35:00,21.98,22.03,21.975,22.005,122072
2022-04-04 15:40:00,22.005,22.01,21.97,21.98,120713
2022-04-04 15:45:00,21.97,22.0299,21.965,21.967,219862
2022-04-04 15:50:00,21.97,22.03,21.952,21.97,268729
2022-04-04 15:55:00,21.97,21.99,21.94,21.98,455304
2022-04-04 16:00:00,22.0,22.43,21.97,22.38,571175
2022-04-04 16:05:00,22.43,22.43,22.38,22.38,38535
2022-04-04 16:10:00,22.38,22.73,21.97,22.3801,40852
2022-04-04 16:15:00,22.3899,22.39,22.37,22.38,3744
2022-04-04 16:20:00,22.3799,22.3799,22.3,22.31,3770
2022-04-04 16:25:00,22.3,22.3,22.23,22.23,5023
2022-04-04 16:30:00,22.2999,22.3,22.2999,22.3,1500
2022-04-04 16:35:00,22.3,22.3,22.28,22.28,2853
2022-04-04 16:40:00,22.3,22.31,22.3,22.31,2145
2022-04-04 16:45:00,22.3,22.31,22.24,22.31,3311
2022-04-04 16:50:00,22.31,22.44,22.3,22.44,19848
2022-04-04 16:55:00,22.39,22.5,22.39,22.5,6933
2022-04-04 17:00:00,22.49,22.5,22.45,22.45,5114
2022-04-04 17:05:00,22.45,22.45,22.45,22.45,2450
2022-04-04 17:10:00,22.45,22.45,22.42,22.45,8867
2022-04-04 17:15:00,22.42,22.45,22.42,22.42,900
2022-04-04 17:20:00,22.42,22.42,22.33,22.3501,6121
2022-04-04 17:25:00,22.38,22.38,22.35,22.35,450
2022-04-04 17:35:00,22.3,22.37,22.25,22.37,3140
2022-04-04 17:40:00,22.36,22.4,22.36,22.4,3314
2022-04-04 17:45:00,22.4,22.46,22.38,22.4599,5036
2022-04-04 17:50:00,22.45,22.45,22.41,22.45,1025
2022-04-04 17:55:00,22.44,22.44,22.42,22.42,332
2022-04-04 18:00:00,22.38,22.42,22.35,22.41,5781
2022-04-04 18:05:00,22.4,22.4,22.38,22.38,550
2022-04-04 18:10:00,22.37,22.4,22.37,22.4,740
2022-04-04 18:15:00,22.4,22.4,22.37,22.37,670
2022-04-04 18:20:00,22.4,22.41,22.4,22.41,836
2022-04-04 18:25:00,22.36,22.41,22.36,22.41,774
2022-04-04 18:30:00,22.37,22.37,22.37,22.37,930
2022-04-04 18:35:00,22.4,22.41,22.4,22.41,2500
2022-04-04 18:40:00,22.41,22.41,22.37,22.37,2670
2022-04-04 18:45:00,22.37,22.41,22.37,22.41,2933
2022-04-04 18:55:00,22.41,22.41,22.4,22.4,4000
2022-04-04 19:05:00,22.41,22.41,22.41,22.41,300
2022-04-04 19:10:00,22.4,22.41,22.39,22.41,1100
2022-04-04 19:15:00,22.4,22.41,22.38,22.38,4720
2022-04-04 19:20:00,22.38,22.41,22.37,22.41,4849
2022-04-04 19:25:00,22.4,22.4,22.36,22.36,700
2022-04-04 19:30:00,22.36,22.36,22.36,22.36,1426
2022-04-04 19:35:00,22.4,22.41,22.4,22.41,1100
2022-04-04 19:40:00,22.41,22.41,22.4,22.41,4715
2022-04-04 19:45:00,22.41,22.42,22.4,22.4,1169
2022-04-04 19:50:00,22.41,22.42,22.41,22.42,3378
2022-04-04 19:55:00,22.4,22.44,22.4,22.44,4566
2022-04-05 04:10:00,22.4,22.41,22.4,22.41,840
2022-04-05 04:20:00,22.51,22.52,22.42,22.42,1390
2022-04-05 04:40:00,22.59,22.59,22.59,22.59,250
2022-04-05 04:45:00,22.54,22.54,22.53,22.53,766
2022-04-05 04:50:00,22.53,22.53,22.53,22.53,200
2022-04-05 04:55:00,22.53,22.53,22.53,22.53,1200
2022-04-05 05:20:00,22.56,22.56,22.56,22.56,100
2022-04-05 05:25:00,22.53,22.53,22.53,22.53,886
2022-04-05 05:55:00,22.57,22.59,22.57,22.59,301
2022-04-05 06:00:00,22.6,22.68,22.6,22.68,800
2022-04-05 06:05:00,22.68,22.68,22.68,22.68,100
2022-04-05 06:10:00,22.68,22.68,22.67,22.67,2103
2022-04-05 06:25:00,22.59,22.59,22.55,22.55,1554
2022-04-05 06:35:00,22.55,22.55,22.55,22.55,336
2022-04-05 06:40:00,22.61,22.62,22.61,22.61,2749
2022-04-05 06:45:00,22.54,22.54,22.54,22.54,200
2022-04-05 06:50:00,22.54,22.54,22.54,22.54,100
2022-04-05 07:00:00,22.64,22.69,22.46,22.53,8226
2022-04-05 07:05:00,22.51,22.51,22.5,22.5,300
2022-04-05 07:10:00,22.45,22.48,22.45,22.48,2201
2022-04-05 07:15:00,22.47,22.5,22.47,22.47,9851
2022-04-05 07:20:00,22.48,22.52,22.48,22.52,369
2022-04-05 07:25:00,22.53,22.53,22.53,22.53,200
2022-04-05 07:30:00,22.57,22.58,22.57,22.58,1348
2022-04-05 07:35:00,22.62,22.65,22.62,22.64,10509
2022-04-05 07:40:00,22.65,22.65,22.64,22.65,1350
2022-04-05 07:45:00,22.63,22.64,22.63,22.64,2613
2022-04-05 07:50:00,22.64,22.78,22.64,22.7,11860
2022-04-05 07:55:00,22.76,22.85,22.76,22.84,10291
2022-04-05 08:00:00,22.4899,22.86,22.47,22.78,56829
2022-04-05 08:05:00,22.76,22.79,22.71,22.78,9036
2022-04-05 08:10:00,22.77,22.77,22.74,22.75,8289
2022-04-05 08:15:00,22.75,22.77,22.75,22.75,7098
2022-04-05 08:20:00,22.74,22.85,22.72,22.85,9932
2022-04-05 08:25:00,22.83,22.85,22.8,22.84,15282
2022-04-05 08:30:00,22.84,22.85,22.83,22.84,14030
2022-04-05 08:35:00,22.84,22.84,22.81,22.84,15646
2022-04-05 08:40:00,22.8399,22.84,22.81,22.83,7772
2022-04-05 08:45:00,22.82,22.83,22.79,22.79,5804
2022-04-05 08:50:00,22.8,22.8,22.76,22.76,4238
2022-04-05 08:55:00,22.79,22.82,22.73,22.79,7433
2022-04-05 09:00:00,22.74,22.8,22.71,22.8,9456
2022-04-05 09:05:00,22.81,22.81,22.75,22.75,6706
2022-04-05 09:10:00,22.76,22.76,22.71,22.73,11472
2022-04-05 09:15:00,22.75,22.75,22.71,22.748,5353
2022-04-05 09:20:00,22.71,22.76,21.9489,22.71,29493
2022-04-05 09:25:00,22.76,22.85,22.75,22.82,18002
2022-04-05 09:30:00,22.83,23.32,22.73,23.31,1950142
2022-04-05 09:35:00,23.315,23.43,22.98,23.015,1161580
2022-04-05 09:40:00,23.0143,23.14,22.88,23.1195,811176
2022-04-05 09:45:00,23.1173,23.37,23.1173,23.3,1188205
2022-04-05 09:50:00,23.3,23.3499,23.2,23.285,819280
2022-04-05 09:55:00,23.3,23.305,23.06,23.295,931015
2022-04-05 10:00:00,23.29,23.3177,23.105,23.115,450889
2022-04-05 10:05:00,23.11,23.12,22.88,22.885,673043
2022-04-05 10:10:00,22.89,22.91,22.8,22.835,565107
2022-04-05 10:15:00,22.83,22.84,22.56,22.595,542651
2022-04-05 10:20:00,22.6,22.685,22.56,22.595,377817
2022-04-05 10:25:00,22.6,22.755,22.6,22.73,368028
2022-04-05 10:30:00,22.73,22.74,22.58,22.58,354116
2022-04-05 10:35:00,22.58,22.585,22.39,22.4201,583513
2022-04-05 10:40:00,22.4217,22.47,22.37,22.43,467107
2022-04-05 10:45:00,22.43,22.4474,22.34,22.36,286915
2022-04-05 10:50:00,22.36,22.43,22.32,22.34,343195
2022-04-05 10:55:00,22.34,22.345,22.22,22.3,424019
2022-04-05 11:00:00,22.2901,22.3383,22.165,22.19,190006
2022-04-05 11:05:00,22.19,22.24,22.1601,22.195,256334
2022-04-05 11:10:00,22.19,22.1975,22.0724,22.1701,341715
2022-04-05 11:15:00,22.17,22.215,22.105,22.115,283951
2022-04-05 11:20:00,22.12,22.14,21.96,21.96,278822
2022-04-05 11:25:00,21.98,22.085,21.95,22.07,343358
2022-04-05 11:30:00,22.07,22.18,22.07,22.15,242263
2022-04-05 11:35:00,22.14,22.165,22.045,22.0651,183213
2022-04-05 11:40:00,22.0608,22.165,22.04,22.1204,167450
2022-04-05 11:45:00,22.125,22.175,22.095,22.155,166185
2022-04-05 11:50:00,22.15,22.24,22.15,22.2,395594
2022-04-05 11:55:00,22.2088,22.34,22.195,22.331,317347
2022-04-05 12:00:00,22.33,22.39,22.2605,22.33,304666
2022-04-05 12:05:00,22.34,22.4,22.3109,22.3109,142839
2022-04-05 12:10:00,22.31,22.325,22.17,22.17,285785
2022-04-05 12:15:00,22.177,22.225,22.16,22.16,213074
2022-04-05 12:20:00,22.16,22.2201,22.16,22.215,148278
2022-04-05 12:25:00,22.21,22.285,22.2001,22.2651,174901
2022-04-05 12:30:00,22.265,22.31,22.2052,22.25,185463
2022-04-05 12:35:00,22.245,22.305,22.23,22.26,162986
2022-04-05 12:40:00,22.26,22.28,22.22,22.26,121993
2022-04-05 12:45:00,22.27,22.325,22.24,22.32,160412
2022-04-05 12:50:00,22.32,22.36,22.2651,22.275,150904
2022-04-05 12:55:00,22.2764,22.3599,22.27,22.32,173640
2022-04-05 13:00:00,22.32,22.36,22.305,22.35,116156
2022-04-05 13:05:00,22.355,22.44,22.32,22.44,202742
2022-04-05 13:10:00,22.445,22.47,22.4,22.465,141773
2022-04-05 13:15:00,22.47,22.53,22.45,22.504,191358
2022-04-05 13:20:00,22.505,22.55,22.49,22.515,234312
2022-04-05 13:25:00,22.51,22.56,22.495,22.5094,203830
2022-04-05 13:30:00,22.505,22.505,22.45,22.48,147068
2022-04-05 13:35:00,22.47,22.52,22.44,22.5,155699
2022-04-05 13:40:00,22.49,22.495,22.4,22.41,190570
2022-04-05 13:45:00,22.405,22.42,22.315,22.32,178165
2022-04-05 13:50:00,22.31,22.34,22.255,22.2747,115518
2022-04-05 13:55:00,22.28,22.31,22.26,22.275,64585
2022-04-05 14:00:00,22.27,22.285,22.2301,22.255,93532
2022-04-05 14:05:00,22.25,22.265,22.23,22.235,77798
2022-04-05 14:10:00,22.235,22.29,22.23,22.285,79244
2022-04-05 14:15:00,22.29,22.35,22.285,22.345,161758
2022-04-05 14:20:00,22.35,22.38,22.205,22.2161,450430
2022-04-05 14:25:00,22.21,22.235,22.15,22.16,127794
2022-04-05 14:30:00,22.155,22.155,22.115,22.135,120162
2022-04-05 14:35:00,22.13,22.18,22.13,22.16,107041
2022-04-05 14:40:00,22.165,22.27,22.16,22.265,97469
2022-04-05 14:45:00,22.26,22.275,22.1627,22.18,117719
2022-04-05 14:50:00,22.175,22.195,22.15,22.16,93635
2022-04-05 14:55:00,22.17,22.19,22.13,22.135,117166
2022-04-05 15:00:00,22.135,22.165,22.095,22.1004,130468
2022-04-05 15:05:00,22.11,22.15,22.1,22.15,87105
2022-04-05 15:10:00,22.145,22.16,22.1,22.13,71616
2022-04-05 15:15:00,22.135,22.15,22.115,22.125,64017
2022-04-05 15:20:00,22.12,22.175,22.115,22.155,77788
2022-04-05 15:25:00,22.16,22.16,22.11,22.12,82057
2022-04-05 15:30:00,22.125,22.16,22.1,22.1425,301512
2022-04-05 15:35:00,22.15,22.235,22.135,22.195,464272
2022-04-05 15:40:00,22.195,22.235,22.175,22.21,331703
2022-04-05 15:45:00,22.205,22.22,22.155,22.17,285906
2022-04-05 15:50:00,22.175,22.22,22.16,22.185,383820
2022-04-05 15:55:00,22.19,22.22,22.16,22.18,810104
2022-04-05 16:00:00,22.2,22.2252,22.08,22.2,334761
2022-04-05 16:05:00,22.18,22.2,22.18,22.2,4100
2022-04-05 16:10:00,22.2,22.22,22.17,22.2,7100
2022-04-05 16:15:00,22.17,22.21,22.17,22.18,5100
2022-04-05 16:20:00,22.1801,22.21,22.18,22.2,7049
2022-04-05 16:25:00,22.18,22.18,22.18,22.18,100
2022-04-05 16:30:00,22.18,22.18,22.18,22.18,6250
2022-04-05 16:35:00,22.17,22.1999,22.15,22.1999,4937
2022-04-05 16:40:00,22.19,22.19,22.19,22.19,100
2022-04-05 16:45:00,22.21,22.21,22.19,22.21,4500
2022-04-05 16:50:00,22.22,22.22,22.22,22.22,281
2022-04-05 16:55:00,22.17,22.22,22.17,22.22,2705
2022-04-05 17:00:00,22.22,22.28,22.22,22.24,2698
2022-04-05 17:05:00,22.24,22.2799,22.24,22.2799,3000
2022-04-05 17:10:00,22.26,22.28,22.2499,22.25,4407
2022-04-05 17:15:00,22.24,22.24,22.24,22.24,5890
2022-04-05 17:20:00,22.24,22.24,22.24,22.24,426
2022-04-05 17:40:00,22.19,22.2,22.19,22.2,471
2022-04-05 17:45:00,22.2696,22.27,22.2696,22.27,200
2022-04-05 17:50:00,22.23,22.23,22.23,22.23,100
2022-04-05 17:55:00,22.2696,22.27,22.25,22.25,300
2022-04-05 18:00:00,22.19,22.25,22.19,22.25,1570
2022-04-05 18:05:00,22.2,22.2,22.2,22.2,4279
2022-04-05 18:10:00,22.19,22.23,22.19,22.23,900
2022-04-05 18:15:00,22.2,22.2,22.2,22.2,5900
2022-04-05 18:20:00,22.19,22.19,22.19,22.19,120
2022-04-05 18:25:00,22.2,22.2,22.2,22.2,100
2022-04-05 18:35:00,22.2,22.2,22.2,22.2,100
2022-04-05 18:40:00,22.2,22.22,22.19,22.22,1500
2022-04-05 18:50:00,22.19,22.19,22.19,22.19,2452
2022-04-05 18:55:00,22.17,22.17,22.14,22.14,2000
2022-04-05 19:00:00,22.15,22.15,22.15,22.15,500
2022-04-05 19:05:00,22.21,22.21,22.21,22.21,245
2022-04-05 19:10:00,22.15,22.16,22.15,22.15,3097
2022-04-05 19:15:00,22.15,22.21,22.15,22.21,408
2022-04-05 19:20:00,22.14,22.14,22.13,22.13,3000
2022-04-05 19:25:00,22.09,22.15,22.09,22.13,2149
2022-04-05 19:30:00,22.1001,22.1001,22.1001,22.1001,755
2022-04-05 19:35:00,22.11,22.15,22.1,22.15,1600
2022-04-05 19:40:00,22.1,22.13,22.05,22.13,1594
2022-04-05 19:45:00,22.12,22.13,22.08,22.08,929
2022-04-05 19:50:00,22.13,22.14,22.13,22.14,3096
2022-04-05 19:55:00,22.14,22.14,22.11,22.13,8622
2022-04-06 04:10:00,21.95,21.95,21.95,21.95,305
2022-04-06 04:15:00,21.96,21.96,21.96,21.96,100
2022-04-06 04:20:00,21.95,21.95,21.95,21.95,195
2022-04-06 04:25:00,21.8,21.8,21.77,21.77,1421
2022-04-06 04:35:00,21.88,21.88,21.88,21.88,200
2022-04-06 04:45:00,21.8,21.8,21.8,21.8,250
2022-04-06 04:50:00,21.88,21.88,21.88,21.88,100
2022-04-06 04:55:00,21.88,21.88,21.88,21.88,10277
2022-04-06 05:05:00,21.99,21.99,21.99,21.99,200
2022-04-06 05:20:00,21.9,21.9,21.9,21.9,100
2022-04-06 05:55:00,21.88,21.88,21.88,21.88,800
2022-04-06 06:15:00,21.88,21.88,21.88,21.88,3600
2022-04-06 06:40:00,21.81,21.81,21.81,21.81,941
2022-04-06 07:00:00,21.89,21.89,21.8,21.8,7152
2022-04-06 07:10:00,21.78,21.78,21.75,21.75,1433
2022-04-06 07:15:00,21.75,21.75,21.75,21.75,100
2022-04-06 07:20:00,21.76,21.76,21.68,21.68,1750
2022-04-06 07:25:00,21.65,21.65,21.64,21.64,1765
2022-04-06 07:30:00,21.66,21.66,21.65,21.65,600
2022-04-06 07:35:00,21.63,21.68,21.63,21.68,2242
2022-04-06 07:40:00,21.64,21.65,21.64,21.65,800
2022-04-06 07:45:00,21.65,21.65,21.65,21.65,529
2022-04-06 07:50:00,21.65,21.67,21.65,21.67,2983
2022-04-06 07:55:00,21.66,21.66,21.66,21.66,2322
2022-04-06 08:00:00,21.67,21.84,21.63,21.65,65607
2022-04-06 08:05:00,21.64,21.67,21.64,21.65,6435
2022-04-06 08:10:00,21.67,21.7,21.63,21.7,4704
2022-04-06 08:15:00,21.67,21.67,21.6301,21.6301,300
2022-04-06 08:20:00,21.63,21.69,21.62,21.69,12089
2022-04-06 08:25:00,21.7,21.71,21.6,21.71,1500
2022-04-06 08:30:00,21.7,21.7099,21.62,21.62,11400
2022-04-06 08:35:00,21.69,21.69,21.6303,21.6303,950
2022-04-06 08:40:00,21.6302,21.68,21.6302,21.68,1402
2022-04-06 08:45:00,21.67,21.68,21.67,21.68,1110
2022-04-06 08:50:00,21.68,21.68,21.68,21.68,300
2022-04-06 08:55:00,21.68,21.69,21.66,21.67,21649
2022-04-06 09:00:00,21.7,21.71,21.6401,21.68,6129
2022-04-06 09:05:00,21.65,21.68,21.65,21.68,884
2022-04-06 09:10:00,21.71,21.75,21.68,21.68,8616
2022-04-06 09:15:00,21.68,21.694,21.65,21.66,9000
2022-04-06 09:20:00,21.67,21.694,21.65,21.65,16992
2022-04-06 09:25:00,21.64,21.72,21.6,21.7,10230
2022-04-06 09:30:00,21.65,21.68,20.94,21.02,1285490
2022-04-06 09:35:00,21.035,21.11,20.77,20.9,793598
2022-04-06 09:40:00,20.895,20.9,20.71,20.73,574922
2022-04-06 09:45:00,20.725,20.87,20.7135,20.794,624584
2022-04-06 09:50:00,20.79,20.825,20.72,20.735,403586
2022-04-06 09:55:00,20.73,20.8,20.645,20.66,897970
2022-04-06 10:00:00,20.665,20.68,20.5,20.57,554814
2022-04-06 10:05:00,20.57,20.57,20.43,20.52,413898
2022-04-06 10:10:00,20.52,20.522,20.4032,20.485,410132
2022-04-06 10:15:00,20.4891,20.68,20.48,20.63,544200
2022-04-06 10:20:00,20.63,20.79,20.61,20.78,355252
2022-04-06 10:25:00,20.775,20.8099,20.6,20.695,480078
2022-04-06 10:30:00,20.69,20.95,20.69,20.905,651961
2022-04-06 10:35:00,20.91,21.1061,20.91,21.07,666038
2022-04-06 10:40:00,21.075,21.17,21.01,21.1681,382951
2022-04-06 10:45:00,21.16,21.16,21.08,21.105,285987
2022-04-06 10:50:00,21.11,21.17,20.935,20.935,356925
2022-04-06 10:55:00,20.935,21.015,20.855,20.855,212273
2022-04-06 11:00:00,20.86,20.9699,20.85,20.961,374887
2022-04-06 11:05:00,20.97,21.03,20.85,20.85,235154
2022-04-06 11:10:00,20.8501,20.87,20.8,20.845,212546
2022-04-06 11:15:00,20.845,20.86,20.7528,20.765,177258
2022-04-06 11:20:00,20.77,20.87,20.76,20.77,150109
2022-04-06 11:25:00,20.7699,20.7699,20.69,20.69,173637
2022-04-06 11:30:00,20.7,20.73,20.6426,20.7,174527
2022-04-06 11:35:00,20.7,20.77,20.6524,20.76,157153
2022-04-06 11:40:00,20.7512,20.79,20.65,20.655,126588
2022-04-06 11:45:00,20.655,20.69,20.61,20.6691,167425
2022-04-06 11:50:00,20.665,20.7699,20.665,20.76,235085
2022-04-06 11:55:00,20.765,20.81,20.74,20.75,296213
2022-04-06 12:00:00,20.75,20.878,20.75,20.78,186936
2022-04-06 12:05:00,20.785,20.87,20.785,20.825,298657
2022-04-06 12:10:00,20.825,20.83,20.76,20.76,207961
2022-04-06 12:15:00,20.77,20.77,20.675,20.68,162027
2022-04-06 12:20:00,20.68,20.68,20.6036,20.665,106304
2022-04-06 12:25:00,20.665,20.6708,20.615,20.6599,111150
2022-04-06 12:30:00,20.65,20.66,20.6,20.6401,121887
2022-04-06 12:35:00,20.635,20.645,20.59,20.615,148325
2022-04-06 12:40:00,20.61,20.615,20.535,20.56,176378
2022-04-06 12:45:00,20.555,20.59,20.53,20.575,129663
2022-04-06 12:50:00,20.58,20.5999,20.54,20.56,117006
2022-04-06 12:55:00,20.565,20.64,20.555,20.6,205932
2022-04-06 13:00:00,20.6,20.6114,20.555,20.575,122732
2022-04-06 13:05:00,20.575,20.605,20.455,20.485,206570
2022-04-06 13:10:00,20.49,20.57,20.4817,20.55,129976
2022-04-06 13:15:00,20.555,20.6,20.534,20.5995,137374
2022-04-06 13:20:00,20.6,20.69,20.6,20.6782,178512
2022-04-06 13:25:00,20.68,20.69,20.64,20.645,142275
2022-04-06 13:30:00,20.65,20.65,20.59,20.6288,116795
2022-04-06 13:35:00,20.62,20.6381,20.565,20.6381,139529
2022-04-06 13:40:00,20.635,20.745,20.63,20.7185,252967
2022-04-06 13:45:00,20.71,20.78,20.71,20.7701,246773
2022-04-06 13:50:00,20.78,20.795,20.735,20.74,236357
2022-04-06 13:55:00,20.745,20.78,20.66,20.66,267640
2022-04-06 14:00:00,20.67,20.87,20.61,20.774,441159
2022-04-06 14:05:00,20.7607,20.81,20.59,20.59,489087
2022-04-06 14:10:00,20.59,20.59,20.46,20.47,275926
2022-04-06 14:15:00,20.47,20.48,20.4241,20.465,227778
2022-04-06 14:20:00,20.47,20.52,20.44,20.505,216992
2022-04-06 14:25:00,20.51,20.565,20.45,20.5,175746
2022-04-06 14:30:00,20.5,20.65,20.47,20.615,229593
2022-04-06 14:35:00,20.62,20.705,20.55,20.56,243214
2022-04-06 14:40:00,20.56,20.6389,20.5229,20.58,253194
2022-04-06 14:45:00,20.57,20.64,20.54,20.56,226998
2022-04-06 14:50:00,20.57,20.68,20.565,20.67,149640
2022-04-06 14:55:00,20.675,20.79,20.665,20.78,246421
2022-04-06 15:00:00,20.79,20.855,20.775,20.83,357973
2022-04-06 15:05:00,20.8266,20.8266,20.71,20.73,274255
2022-04-06 15:10:00,20.735,20.78,20.685,20.76,166337
2022-04-06 15:15:00,20.76,20.8093,20.67,20.675,192826
2022-04-06 15:20:00,20.68,20.685,20.58,20.58,174734
2022-04-06 15:25:00,20.585,20.6,20.5,20.505,197201
2022-04-06 15:30:00,20.505,20.56,20.48,20.52,192557
2022-04-06 15:35:00,20.52,20.635,20.5,20.635,335220
2022-04-06 15:40:00,20.635,20.66,20.5934,20.625,455983
2022-04-06 15:45:00,20.62,20.72,20.6099,20.72,329949
2022-04-06 15:50:00,20.73,20.76,20.65,20.66,563657
2022-04-06 15:55:00,20.66,20.69,20.65,20.67,806779
2022-04-06 16:00:00,20.65,20.72,20.65,20.68,719200
2022-04-06 16:05:00,20.68,20.72,20.65,20.72,3060
2022-04-06 16:10:00,20.7,20.7184,20.65,20.65,7150
2022-04-06 16:15:00,20.68,20.7,20.66,20.69,21700
2022-04-06 16:20:00,20.68,20.68,20.68,20.68,700
2022-04-06 16:25:00,20.67,20.72,20.67,20.71,30433
2022-04-06 16:30:00,20.68,20.72,20.68,20.72,7706
2022-04-06 16:35:00,20.69,20.72,20.6,20.72,11018
2022-04-06 16:40:00,20.68,20.68,20.68,20.68,6000
2022-04-06 16:45:00,20.68,20.71,20.6501,20.66,11424
2022-04-06 16:50:00,20.66,20.66,20.53,20.64,7665
2022-04-06 16:55:00,20.6899,20.6899,20.63,20.63,8589
2022-04-06 17:05:00,20.63,20.64,20.63,20.64,1550
2022-04-06 17:10:00,20.64,20.64,20.62,20.63,8799
2022-04-06 17:15:00,20.62,20.65,20.62,20.65,32905
2022-04-06 17:20:00,20.63,20.66,20.63,20.65,3078
2022-04-06 17:25:00,20.66,20.67,20.66,20.67,1168
2022-04-06 17:30:00,20.64,20.64,20.64,20.64,100
2022-04-06 17:35:00,20.64,20.64,20.64,20.64,819
2022-04-06 17:40:00,20.6301,20.64,20.63,20.63,5100
2022-04-06 17:45:00,20.63,20.64,20.63,20.64,823
2022-04-06 17:50:00,20.6399,20.64,20.6399,20.64,8859
2022-04-06 17:55:00,20.64,20.67,20.63,20.67,5875
2022-04-06 18:00:00,20.66,20.66,20.64,20.64,1500
2022-04-06 18:05:00,20.65,20.65,20.65,20.65,2614
2022-04-06 18:10:00,20.66,20.75,20.66,20.73,12896
2022-04-06 18:15:00,20.72,20.75,20.72,20.72,15962
2022-04-06 18:20:00,20.72,20.76,20.7,20.72,6910
2022-04-06 18:25:00,20.73,20.73,20.67,20.71,1601
2022-04-06 18:30:00,20.72,20.75,20.72,20.75,9700
2022-04-06 18:35:00,20.75,20.76,20.71,20.71,32934
2022-04-06 18:40:00,20.73,20.75,20.71,20.73,22786
2022-04-06 18:45:00,20.71,20.73,20.63,20.63,21374
2022-04-06 18:50:00,20.65,20.71,20.62,20.62,8222
2022-04-06 18:55:00,20.63,20.63,20.63,20.63,125
2022-04-06 19:00:00,20.67,20.67,20.65,20.65,2246
2022-04-06 19:05:00,20.69,20.69,20.65,20.65,1550
2022-04-06 19:10:00,20.66,20.69,20.66,20.69,500
2022-04-06 19:15:00,20.69,20.69,20.66,20.66,2085
2022-04-06 19:20:00,20.65,20.68,20.63,20.68,6807
2022-04-06 19:25:00,20.69,20.7,20.69,20.69,2875
2022-04-06 19:30:00,20.69,20.7399,20.69,20.69,9657
2022-04-06 19:35:00,20.73,20.73,20.62,20.65,9521
2022-04-06 19:40:00,20.7,20.7,20.67,20.67,6978
2022-04-06 19:45:00,20.61,20.68,20.61,20.65,6146
2022-04-06 19:50:00,20.68,20.68,20.59,20.59,3121
2022-04-06 19:55:00,20.59,20.64,20.52,20.64,6310
2022-04-07 04:00:00,20.67,20.67,20.67,20.67,700
2022-04-07 04:05:00,20.67,20.68,20.67,20.68,584
2022-04-07 04:35:00,20.71,20.71,20.7,20.7,200
2022-04-07 04:55:00,20.75,20.75,20.75,20.75,400
2022-04-07 05:00:00,20.75,20.75,20.75,20.75,100
2022-04-07 05:30:00,20.81,20.82,20.8,20.82,328
2022-04-07 06:00:00,20.83,20.83,20.83,20.83,221
2022-04-07 07:00:00,20.97,20.99,20.84,20.84,7111
2022-04-07 07:05:00,20.84,20.93,20.83,20.93,4312
2022-04-07 07:15:00,20.85,20.88,20.84,20.88,700
2022-04-07 07:20:00,20.85,20.88,20.85,20.88,603
2022-04-07 07:40:00,20.88,20.88,20.88,20.88,200
2022-04-07 07:45:00,20.85,20.85,20.85,20.85,200
2022-04-07 07:50:00,20.85,20.85,20.83,20.83,1862
2022-04-07 08:00:00,20.8599,20.93,20.78,20.85,45297
2022-04-07 08:05:00,20.8797,20.88,20.8,20.8,5867
2022-04-07 08:10:00,20.79,20.87,20.78,20.83,6040
2022-04-07 08:15:00,20.7801,20.8199,20.77,20.78,7900
2022-04-07 08:20:00,20.79,20.79,20.74,20.74,2736
2022-04-07 08:25:00,20.73,20.73,20.68,20.7,11004
2022-04-07 08:30:00,20.7,20.7,20.68,20.7,5200
2022-04-07 08:40:00,20.71,20.7399,20.7,20.7,4200
2022-04-07 08:45:00,20.7,20.74,20.7,20.74,3829
2022-04-07 08:50:00,20.71,20.72,20.71,20.71,3620
2022-04-07 08:55:00,20.68,20.68,20.65,20.68,3487
2022-04-07 09:00:00,20.66,20.69,20.66,20.69,2327
2022-04-07 09:05:00,20.68,20.7,20.65,20.7,7133
2022-04-07 09:10:00,20.7,20.73,20.7,20.7295,9363
2022-04-07 09:15:00,20.7,20.7299,20.7,20.7299,1756
2022-04-07 09:20:00,20.72,20.73,20.7,20.72,3640
2022-04-07 09:25:00,20.65,20.65,20.58,20.59,1822
2022-04-07 09:30:00,20.58,20.675,20.34,20.505,679375
2022-04-07 09:35:00,20.51,20.63,20.355,20.47,469600
2022-04-07 09:40:00,20.4665,20.61,20.39,20.44,457493
2022-04-07 09:45:00,20.44,20.525,20.21,20.23,425319
2022-04-07 09:50:00,20.23,20.2775,20.13,20.14,380137
2022-04-07 09:55:00,20.145,20.205,20.02,20.19,426721
2022-04-07 10:00:00,20.19,20.21,20.01,20.08,414752
2022-04-07 10:05:00,20.08,20.12,19.975,20.04,300139
2022-04-07 10:10:00,20.045,20.1,19.9822,20.02,180666
2022-04-07 10:15:00,20.02,20.02,19.88,19.93,418534
2022-04-07 10:20:00,19.93,19.93,19.84,19.8936,402977
2022-04-07 10:25:00,19.89,19.95,19.865,19.93,321751
2022-04-07 10:30:00,19.92,20.06,19.9,20.055,209090
2022-04-07 10:35:00,20.06,20.11,20.0,20.0101,206652
2022-04-07 10:40:00,20.01,20.01,19.86,19.8963,266066
2022-04-07 10:45:00,19.89,19.9577,19.86,19.885,176938
2022-04-07 10:50:00,19.89,20.03,19.89,20.015,254040
2022-04-07 10:55:00,20.02,20.03,19.93,19.9801,170754
2022-04-07 11:00:00,19.98,20.11,19.975,20.11,280007
2022-04-07 11:05:00,20.1,20.11,19.99,20.01,136307
2022-04-07 11:10:00,20.01,20.01,19.87,19.9,206601
2022-04-07 11:15:00,19.9078,19.91,19.85,19.895,122777
2022-04-07 11:20:00,19.89,19.93,19.855,19.9014,169231
2022-04-07 11:25:00,19.9,19.92,19.82,19.87,184987
2022-04-07 11:30:00,19.87,19.88,19.82,19.835,110231
2022-04-07 11:35:00,19.84,19.925,19.83,19.885,175653
2022-04-07 11:40:00,19.88,19.915,19.81,19.82,177044
2022-04-07 11:45:00,19.81,19.935,19.8,19.86,291387
2022-04-07 11:50:00,19.85,19.855,19.7799,19.785,220119
2022-04-07 11:55:00,19.785,19.8165,19.76,19.77,251837
2022-04-07 12:00:00,19.76,19.765,19.64,19.6599,253462
2022-04-07 12:05:00,19.655,19.68,19.61,19.66,252847
2022-04-07 12:10:00,19.6794,19.74,19.67,19.73,111441
2022-04-07 12:15:00,19.73,19.7785,19.7258,19.75,183023
2022-04-07 12:20:00,19.74,19.79,19.69,19.7199,94321
2022-04-07 12:25:00,19.715,19.75,19.6779,19.715,114741
2022-04-07 12:30:00,19.71,19.735,19.675,19.68,117529
2022-04-07 12:35:00,19.68,19.69,19.62,19.6215,159140
2022-04-07 12:40:00,19.6209,19.65,19.5901,19.615,72424
2022-04-07 12:45:00,19.61,19.615,19.51,19.5247,131681
2022-04-07 12:50:00,19.52,19.59,19.516,19.57,188147
2022-04-07 12:55:00,19.57,19.64,19.5609,19.6396,116004
2022-04-07 13:00:00,19.63,19.69,19.6,19.665,114249
2022-04-07 13:05:00,19.67,19.68,19.615,19.6673,115973
2022-04-07 13:10:00,19.66,19.7464,19.66,19.7224,169996
2022-04-07 13:15:00,19.72,19.8,19.7,19.78,187666
2022-04-07 13:20:00,19.79,19.8488,19.75,19.75,224370
2022-04-07 13:25:00,19.75,19.86,19.74,19.83,109562
2022-04-07 13:30:00,19.8416,19.91,19.835,19.845,194890
2022-04-07 13:35:00,19.85,19.91,19.84,19.84,163373
2022-04-07 13:40:00,19.85,19.87,19.82,19.825,76101
2022-04-07 13:45:00,19.82,19.875,19.81,19.84,101294
2022-04-07 13:50:00,19.84,19.895,19.7901,19.84,138155
2022-04-07 13:55:00,19.845,20.01,19.83,19.995,315151
2022-04-07 14:00:00,19.995,20.06,19.99,20.035,240792
2022-04-07 14:05:00,20.035,20.065,19.9701,20.003,164123
2022-04-07 14:10:00,20.0,20.125,19.98,20.12,252925
2022-04-07 14:15:00,20.12,20.125,20.07,20.08,248894
2022-04-07 14:20:00,20.08,20.17,20.08,20.155,341877
2022-04-07 14:25:00,20.155,20.25,20.155,20.18,318876
2022-04-07 14:30:00,20.16,20.265,20.16,20.2625,206880
2022-04-07 14:35:00,20.265,20.275,20.2135,20.2201,130300
2022-04-07 14:40:00,20.22,20.265,20.19,20.25,153627
2022-04-07 14:45:00,20.25,20.3,20.23,20.2899,209806
2022-04-07 14:50:00,20.28,20.41,20.265,20.395,367891
2022-04-07 14:55:00,20.3951,20.42,20.34,20.38,215804
2022-04-07 15:00:00,20.37,20.48,20.345,20.465,256901
2022-04-07 15:05:00,20.465,20.5585,20.45,20.47,491475
2022-04-07 15:10:00,20.47,20.495,20.42,20.48,208471
2022-04-07 15:15:00,20.475,20.51,20.3925,20.3925,278442
2022-04-07 15:20:00,20.39,20.39,20.32,20.345,179168
2022-04-07 15:25:00,20.345,20.375,20.3,20.3,127955
2022-04-07 15:30:00,20.3,20.3556,20.285,20.35,207246
2022-04-07 15:35:00,20.345,20.43,20.33,20.43,196873
2022-04-07 15:40:00,20.4299,20.46,20.3825,20.395,245120
2022-04-07 15:45:00,20.39,20.46,20.375,20.4,358618
2022-04-07 15:50:00,20.4,20.4,20.3,20.365,356035
2022-04-07 15:55:00,20.365,20.38,20.31,20.33,599754
2022-04-07 16:00:00,20.35,20.35,20.28,20.33,496424
2022-04-07 16:05:00,20.33,20.33,20.33,20.33,460
2022-04-07 16:10:00,20.31,20.31,20.31,20.31,600
2022-04-07 16:15:00,20.3,20.3,20.28,20.28,1639
2022-04-07 16:20:00,20.28,20.33,20.28,20.33,20994
2022-04-07 16:30:00,20.3,20.33,20.3,20.33,1180
2022-04-07 16:35:00,20.33,20.33,20.33,20.33,350
2022-04-07 16:40:00,20.3,20.33,20.29,20.33,1238
2022-04-07 16:45:00,20.37,20.3799,20.36,20.3799,8198
2022-04-07 16:50:00,20.2508,20.3698,20.2508,20.3698,3602
2022-04-07 17:05:00,20.3,20.36,20.3,20.3599,1200
2022-04-07 17:15:00,20.35,20.35,20.3,20.3,1349
2022-04-07 17:20:00,20.3499,20.35,20.3499,20.35,700
2022-04-07 17:25:00,20.32,20.32,20.32,20.32,300
2022-04-07 17:30:00,20.35,20.35,20.35,20.35,356
2022-04-07 17:40:00,20.35,20.35,20.35,20.35,100
2022-04-07 17:45:00,20.3499,20.35,20.3499,20.35,1700
2022-04-07 17:55:00,20.35,20.35,20.35,20.35,3000
2022-04-07 18:00:00,20.34,20.35,20.34,20.34,1398
2022-04-07 18:05:00,20.34,20.34,20.34,20.34,1210
2022-04-07 18:10:00,20.34,20.34,20.34,20.34,222
2022-04-07 18:20:00,20.34,20.34,20.34,20.34,1000
2022-04-07 18:25:00,20.34,20.34,20.34,20.34,904
2022-04-07 18:30:00,20.33,20.34,20.33,20.34,2252
2022-04-07 18:40:00,20.34,20.34,20.34,20.34,100
2022-04-07 18:45:00,20.34,20.35,20.34,20.35,1960
2022-04-07 19:00:00,20.34,20.34,20.34,20.34,100
2022-04-07 19:05:00,20.35,20.35,20.35,20.35,1611
2022-04-07 19:15:00,20.35,20.35,20.34,20.34,4924
2022-04-07 19:20:00,20.38,20.4,20.38,20.4,3000
2022-04-07 19:25:00,20.4,20.45,20.4,20.4,19000
2022-04-07 19:40:00,20.45,20.45,20.44,20.44,2998
2022-04-07 19:45:00,20.4,20.45,20.4,20.45,2744
2022-04-07 19:55:00,20.44,20.44,20.44,20.44,100
2022-04-08 04:10:00,20.56,20.56,20.56,20.56,500
2022-04-08 04:20:00,20.78,20.78,20.77,20.77,2000
2022-04-08 04:25:00,20.77,20.77,20.77,20.77,4460
2022-04-08 04:45:00,20.56,20.56,20.55,20.55,2170
2022-04-08 04:55:00,20.52,20.52,20.52,20.52,1000
2022-04-08 05:55:00,20.66,20.69,20.66,20.69,1887
2022-04-08 06:55:00,20.65,20.65,20.65,20.65,200
2022-04-08 07:00:00,20.52,20.55,20.52,20.55,2030
2022-04-08 07:05:00,20.53,20.53,20.53,20.53,346
2022-04-08 07:30:00,20.5,20.5,20.46,20.46,1789
2022-04-08 07:50:00,20.54,20.54,20.51,20.51,200
2022-04-08 08:00:00,20.55,20.66,20.46,20.51,16542
2022-04-08 08:05:00,20.41,20.41,20.41,20.41,250
2022-04-08 08:10:00,20.5099,20.5099,20.45,20.45,2100
2022-04-08 08:15:00,20.45,20.45,20.45,20.45,182
2022-04-08 08:20:00,20.45,20.47,20.45,20.47,1040
2022-04-08 08:35:00,20.45,20.45,20.41,20.43,2399
2022-04-08 08:40:00,20.4,20.4,20.3601,20.3601,1600
2022-04-08 08:45:00,20.42,20.42,20.37,20.37,800
2022-04-08 08:50:00,20.36,20.36,20.35,20.35,2500
2022-04-08 08:55:00,20.37,20.42,20.37,20.38,1050
2022-04-08 09:00:00,20.35,20.35,20.2501,20.35,2400
2022-04-08 09:05:00,20.25,20.28,20.25,20.25,7950
2022-04-08 09:10:00,20.26,20.3,20.2,20.3,2873
2022-04-08 09:15:00,20.1918,20.31,20.19,20.31,6679
2022-04-08 09:20:00,20.2,20.2,20.19,20.2,758
2022-04-08 09:25:00,20.3,20.3,20.2,20.2,6004
2022-04-08 09:30:00,20.2,20.22,19.88,19.91,474355
2022-04-08 09:35:00,19.92,19.97,19.72,19.76,402200
2022-04-08 09:40:00,19.77,19.885,19.7212,19.81,329419
2022-04-08 09:45:00,19.81,19.84,19.7,19.78,267049
2022-04-08 09:50:00,19.78,19.79,19.66,19.675,287859
2022-04-08 09:55:00,19.66,19.74,19.64,19.73,229077
2022-04-08 10:00:00,19.72,19.82,19.635,19.77,255495
2022-04-08 10:05:00,19.77,19.8517,19.665,19.815,222873
2022-04-08 10:10:00,19.81,19.83,19.735,19.82,202296
2022-04-08 10:15:00,19.815,19.951,19.785,19.94,177074
2022-04-08 10:20:00,19.94,20.01,19.895,19.98,253433
2022-04-08 10:25:00,19.98,20.1,19.98,20.09,291759
2022-04-08 10:30:00,20.09,20.125,20.04,20.05,262024
2022-04-08 10:35:00,20.05,20.2,20.0348,20.185,195097
2022-04-08 10:40:00,20.1888,20.205,20.11,20.1201,190065
2022-04-08 10:45:00,20.125,20.1799,20.075,20.105,193171
2022-04-08 10:50:00,20.1,20.3109,20.1,20.26,298999
2022-04-08 10:55:00,20.255,20.3065,20.21,20.27,158289
2022-04-08 11:00:00,20.26,20.3,20.2006,20.265,158976
2022-04-08 11:05:00,20.26,20.3265,20.23,20.26,178405
2022-04-08 11:10:00,20.26,20.32,20.22,20.29,245168
2022-04-08 11:15:00,20.3,20.3,20.19,20.19,304379
2022-04-08 11:20:00,20.1955,20.2,20.105,20.13,138707
2022-04-08 11:25:00,20.13,20.16,20.1,20.12,83027
2022-04-08 11:30:00,20.12,20.18,20.105,20.155,129258
2022-04-08 11:35:00,20.155,20.155,20.06,20.11,97223
2022-04-08 11:40:00,20.1,20.155,20.07,20.145,141256
2022-04-08 11:45:00,20.15,20.25,20.145,20.23,114759
2022-04-08 11:50:00,20.23,20.269,20.21,20.225,117914
2022-04-08 11:55:00,20.225,20.225,20.18,20.19,118502
2022-04-08 12:00:00,20.18,20.25,20.155,20.225,156656
2022-04-08 12:05:00,20.22,20.24,20.175,20.24,99024
2022-04-08 12:10:00,20.235,20.26,20.15,20.1947,237019
2022-04-08 12:15:00,20.195,20.21,20.15,20.19,172575
2022-04-08 12:20:00,20.185,20.295,20.185,20.295,134046
2022-04-08 12:25:00,20.3,20.335,20.29,20.31,123154
2022-04-08 12:30:00,20.31,20.33,20.26,20.275,148462
2022-04-08 12:35:00,20.28,20.335,20.28,20.325,94481
2022-04-08 12:40:00,20.33,20.42,20.32,20.405,252148
2022-04-08 12:45:00,20.409,20.41,20.31,20.3101,158216
2022-04-08 12:50:00,20.315,20.36,20.31,20.3579,99108
2022-04-08 12:55:00,20.355,20.36,20.315,20.345,105623
2022-04-08 13:00:00,20.355,20.385,20.29,20.3273,152743
2022-04-08 13:05:00,20.32,20.335,20.28,20.305,131726
2022-04-08 13:10:00,20.308,20.308,20.235,20.24,147427
2022-04-08 13:15:00,20.235,20.2354,20.185,20.21,106544
2022-04-08 13:20:00,20.21,20.265,20.205,20.25,90192
2022-04-08 13:25:00,20.25,20.25,20.2,20.2,63260
2022-04-08 13:30:00,20.2001,20.2145,20.17,20.18,83588
2022-04-08 13:35:00,20.18,20.18,20.125,20.14,91130
2022-04-08 13:40:00,20.1424,20.1976,20.135,20.18,99787
2022-04-08 13:45:00,20.18,20.19,20.145,20.17,91812
2022-04-08 13:50:00,20.16,20.165,20.12,20.13,77376
2022-04-08 13:55:00,20.13,20.14,20.09,20.13,71396
2022-04-08 14:00:00,20.13,20.17,20.09,20.11,89663
2022-04-08 14:05:00,20.105,20.14,20.08,20.13,99737
2022-04-08 14:10:00,20.14,20.17,20.11,20.165,77175
2022-04-08 14:15:00,20.1612,20.165,20.105,20.1208,71675
2022-04-08 14:20:00,20.13,20.16,20.09,20.09,95223
2022-04-08 14:25:00,20.09,20.09,20.04,20.055,124126
2022-04-08 14:30:00,20.06,20.065,20.025,20.025,74279
2022-04-08 14:35:00,20.03,20.06,20.02,20.03,105882
2022-04-08 14:40:00,20.02,20.05,20.01,20.04,102222
2022-04-08 14:45:00,20.045,20.08,20.035,20.0793,64411
2022-04-08 14:50:00,20.075,20.12,20.055,20.11,193139
2022-04-08 14:55:00,20.11,20.11,20.06,20.09,121437
2022-04-08 15:00:00,20.085,20.1,20.0539,20.085,96265
2022-04-08 15:05:00,20.09,20.1,20.0625,20.07,60314
2022-04-08 15:10:00,20.075,20.12,20.05,20.1,78478
2022-04-08 15:15:00,20.09,20.15,20.08,20.085,106954
2022-04-08 15:20:00,20.08,20.11,20.06,20.07,107690
2022-04-08 15:25:00,20.065,20.08,20.0517,20.065,81335
2022-04-08 15:30:00,20.065,20.08,20.0219,20.025,135099
2022-04-08 15:35:00,20.03,20.03,19.98,19.985,170748
2022-04-08 15:40:00,19.985,20.01,19.975,20.005,170217
2022-04-08 15:45:00,20.0,20.04,19.97,19.975,259654
2022-04-08 15:50:00,19.97,20.0,19.92,19.925,375081
2022-04-08 15:55:00,19.925,19.96,19.91,19.96,662553
2022-04-08 16:00:00,19.955,20.01,19.94,20.01,579797
2022-04-08 16:10:00,20.0,20.0,20.0,20.0,300
2022-04-08 16:15:00,19.94,19.96,19.94,19.95,17244
2022-04-08 16:25:00,19.98,19.99,19.91,19.91,2696
2022-04-08 16:30:00,19.99,19.99,19.99,19.99,300
2022-04-08 16:40:00,19.92,19.92,19.92,19.92,270
2022-04-08 17:00:00,19.94,19.94,19.94,19.94,444
2022-04-08 17:10:00,19.91,19.98,19.91,19.98,768
2022-04-08 17:20:00,19.9,19.9,19.9,19.9,499
2022-04-08 17:45:00,19.9001,19.9001,19.9,19.9,995
2022-04-08 17:50:00,19.9001,19.9001,19.9,19.9001,1500
2022-04-08 17:55:00,19.94,19.94,19.94,19.94,100
2022-04-08 18:05:00,19.9,19.93,19.9,19.93,1300
2022-04-08 18:10:00,19.89,19.89,19.81,19.81,2580
2022-04-08 18:15:00,19.85,19.85,19.85,19.85,300
2022-04-08 18:20:00,19.95,19.95,19.95,19.95,250
2022-04-08 18:35:00,19.93,19.95,19.93,19.94,15135
2022-04-08 18:40:00,19.86,19.86,19.86,19.86,700
2022-04-08 18:45:00,19.87,19.87,19.87,19.87,750
2022-04-08 19:10:00,19.92,19.92,19.9,19.9,500
2022-04-08 19:40:00,19.99,19.99,19.99,19.99,100
2022-04-08 19:45:00,19.9899,19.9899,19.9899,19.9899,300
2022-04-08 19:50:00,19.9,19.9,19.9,19.9,1280
2022-04-08 19:55:00,19.88,19.88,19.87,19.87,1230
2022-04-11 04:00:00,19.98,19.98,19.98,19.98,200
2022-04-11 04:30:00,19.71,19.71,19.71,19.71,10800
2022-04-11 04:55:00,19.75,19.75,19.75,19.75,134
2022-04-11 05:30:00,19.85,19.86,19.85,19.86,334
2022-04-11 06:15:00,19.87,19.88,19.87,19.88,498
2022-04-11 07:00:00,19.79,19.94,19.75,19.9,811
2022-04-11 07:15:00,19.81,19.81,19.8,19.8,550
2022-04-11 07:25:00,19.75,19.75,19.75,19.75,999
2022-04-11 07:30:00,19.78,19.78,19.71,19.71,1490
2022-04-11 07:35:00,19.72,19.75,19.72,19.75,450
2022-04-11 07:40:00,19.72,19.72,19.71,19.71,1000
2022-04-11 07:45:00,19.71,19.71,19.61,19.61,1190
2022-04-11 07:50:00,19.66,19.66,19.66,19.66,200
2022-04-11 08:00:00,19.75,19.9,19.6,19.6601,12457
2022-04-11 08:05:00,19.7099,19.7099,19.66,19.66,1050
2022-04-11 08:10:00,19.66,19.67,19.66,19.66,1308
2022-04-11 08:15:00,19.66,19.6901,19.61,19.69,8409
2022-04-11 08:20:00,19.69,19.7,19.65,19.66,800
2022-04-11 08:25:00,19.65,19.65,19.65,19.65,100
2022-04-11 08:30:00,19.6,19.65,19.6,19.65,1000
2022-04-11 08:35:00,19.67,19.7,19.65,19.65,1400
2022-04-11 08:40:00,19.6,19.64,19.6,19.64,1364
2022-04-11 08:45:00,19.62,19.62,19.61,19.61,2600
2022-04-11 08:50:00,19.6,19.69,19.6,19.69,875
2022-04-11 08:55:00,19.64,19.68,19.63,19.63,804
2022-04-11 09:00:00,19.61,19.67,19.6,19.67,2624
2022-04-11 09:05:00,19.61,19.66,19.6,19.66,5150
2022-04-11 09:10:00,19.65,19.65,19.65,19.65,402
2022-04-11 09:15:00,19.63,19.68,19.56,19.68,5967
2022-04-11 09:20:00,19.64,19.65,19.62,19.62,2390
2022-04-11 09:30:00,19.65,19.68,19.465,19.49,519079
2022-04-11 09:35:00,19.4939,19.89,19.46,19.87,521162
2022-04-11 09:40:00,19.88,20.24,19.88,20.2155,447010
2022-04-11 09:45:00,20.21,20.35,20.155,20.3164,497217
2022-04-11 09:50:00,20.31,20.4,20.15,20.34,313331
2022-04-11 09:55:00,20.33,20.435,20.275,20.4086,313912
2022-04-11 10:00:00,20.385,20.53,20.34,20.42,267940
2022-04-11 10:05:00,20.41,20.525,20.37,20.485,210217
2022-04-11 10:10:00,20.4787,20.585,20.455,20.53,212287
2022-04-11 10:15:00,20.535,20.56,20.305,20.355,339665
2022-04-11 10:20:00,20.35,20.49,20.3466,20.45,235416
2022-04-11 10:25:00,20.45,20.46,20.275,20.29,248604
2022-04-11 10:30:00,20.29,20.45,20.26,20.42,183648
2022-04-11 10:35:00,20.415,20.415,20.2132,20.23,184630
2022-04-11 10:40:00,20.225,20.29,20.21,20.251,219963
2022-04-11 10:45:00,20.255,20.355,20.255,20.31,166559
2022-04-11 10:50:00,20.31,20.365,20.29,20.341,155440
2022-04-11 10:55:00,20.34,20.4,20.305,20.35,125414
2022-04-11 11:00:00,20.35,20.37,20.275,20.325,146414
2022-04-11 11:05:00,20.33,20.33,20.195,20.2,140826
2022-04-11 11:10:00,20.21,20.325,20.2,20.23,118377
2022-04-11 11:15:00,20.22,20.26,20.195,20.21,64159
2022-04-11 11:20:00,20.215,20.22,20.12,20.15,122893
2022-04-11 11:25:00,20.14,20.17,20.065,20.16,161386
2022-04-11 11:30:00,20.15,20.22,20.14,20.17,146542
2022-04-11 11:35:00,20.17,20.275,20.165,20.2401,122822
2022-04-11 11:40:00,20.24,20.265,20.215,20.245,60870
2022-04-11 11:45:00,20.2444,20.27,20.15,20.155,48043
2022-04-11 11:50:00,20.15,20.2,20.11,20.189,103377
2022-04-11 11:55:00,20.18,20.265,20.18,20.26,86185
2022-04-11 12:00:00,20.2687,20.28,20.1801,20.2,49506
2022-04-11 12:05:00,20.19,20.2,20.13,20.15,62157
2022-04-11 12:10:00,20.16,20.17,20.12,20.16,52352
2022-04-11 12:15:00,20.16,20.195,20.15,20.18,64701
2022-04-11 12:20:00,20.18,20.19,20.1442,20.1442,32896
2022-04-11 12:25:00,20.14,20.15,20.09,20.0999,92164
2022-04-11 12:30:00,20.09,20.125,20.085,20.11,37940
2022-04-11 12:35:00,20.12,20.16,20.1,20.145,42932
2022-04-11 12:40:00,20.14,20.14,20.08,20.093,63831
2022-04-11 12:45:00,20.09,20.13,20.065,20.09,95995
2022-04-11 12:50:00,20.09,20.13,20.033,20.05,113454
2022-04-11 12:55:00,20.05,20.13,20.0226,20.12,84073
2022-04-11 13:00:00,20.12,20.21,20.12,20.195,101790
2022-04-11 13:05:00,20.19,20.205,20.15,20.16,117062
2022-04-11 13:10:00,20.16,20.17,20.111,20.14,103742
2022-04-11 13:15:00,20.13,20.14,20.045,20.07,93883
2022-04-11 13:20:00,20.07,20.155,20.06,20.13,87148
2022-04-11 13:25:00,20.135,20.205,20.125,20.2,106400
2022-04-11 13:30:00,20.2,20.275,20.2,20.27,88590
2022-04-11 13:35:00,20.28,20.2901,20.17,20.1825,74908
2022-04-11 13:40:00,20.185,20.22,20.165,20.19,69776
2022-04-11 13:45:00,20.19,20.21,20.1348,20.14,58303
2022-04-11 13:50:00,20.13,20.19,20.11,20.18,81526
2022-04-11 13:55:00,20.175,20.245,20.1522,20.24,72764
2022-04-11 14:00:00,20.24,20.26,20.205,20.23,103989
2022-04-11 14:05:00,20.23,20.31,20.23,20.275,122110
2022-04-11 14:10:00,20.27,20.29,20.19,20.19,89597
2022-04-11 14:15:00,20.195,20.195,20.153,20.158,71964
2022-04-11 14:20:00,20.15,20.19,20.13,20.1699,338415
2022-04-11 14:25:00,20.165,20.235,20.16,20.215,75289
2022-04-11 14:30:00,20.21,20.245,20.1745,20.24,81869
2022-04-11 14:35:00,20.235,20.27,20.21,20.27,201122
2022-04-11 14:40:00,20.27,20.285,20.22,20.23,47691
2022-04-11 14:45:00,20.225,20.33,20.22,20.33,144541
2022-04-11 14:50:00,20.33,20.37,20.31,20.3382,138933
2022-04-11 14:55:00,20.34,20.37,20.325,20.3498,70796
2022-04-11 15:00:00,20.35,20.37,20.3,20.307,87042
2022-04-11 15:05:00,20.305,20.38,20.29,20.37,102238
2022-04-11 15:10:00,20.38,20.425,20.375,20.395,170570
2022-04-11 15:15:00,20.395,20.44,20.37,20.41,142132
2022-04-11 15:20:00,20.42,20.455,20.41,20.44,103328
2022-04-11 15:25:00,20.44,20.445,20.3829,20.41,126647
2022-04-11 15:30:00,20.4,20.42,20.3533,20.36,91299
2022-04-11 15:35:00,20.355,20.37,20.33,20.34,93968
2022-04-11 15:40:00,20.3333,20.37,20.315,20.32,211087
2022-04-11 15:45:00,20.32,20.32,20.25,20.26,228073
2022-04-11 15:50:00,20.265,20.29,20.22,20.225,282582
2022-04-11 15:55:00,20.23,20.28,20.21,20.275,453813
2022-04-11 16:00:00,20.26,20.32,20.25,20.25,485284
2022-04-11 16:05:00,20.25,20.25,20.25,20.25,100
2022-04-11 16:10:00,20.25,20.26,20.2,20.26,29328
2022-04-11 16:15:00,20.2,20.26,20.2,20.26,1312
2022-04-11 16:20:00,20.21,20.2181,20.21,20.2181,324
2022-04-11 16:25:00,20.201,20.201,20.18,20.18,2300
2022-04-11 16:35:00,20.25,20.25,20.22,20.22,495
2022-04-11 16:40:00,20.21,20.21,20.18,20.18,750
2022-04-11 16:45:00,20.21,20.21,20.19,20.19,280
2022-04-11 16:55:00,20.2001,20.2001,20.2,20.2,200
2022-04-11 17:00:00,20.21,20.26,20.21,20.26,2217
2022-04-11 17:10:00,20.21,20.21,20.21,20.21,1000
2022-04-11 17:15:00,20.21,20.22,20.21,20.22,596
2022-04-11 17:20:00,20.26,20.26,20.26,20.26,300
2022-04-11 17:25:00,20.21,20.21,20.21,20.21,1612
2022-04-11 17:30:00,20.23,20.23,20.23,20.23,100
2022-04-11 17:45:00,20.25,20.25,20.25,20.25,380
2022-04-11 17:50:00,20.2,20.2,20.2,20.2,247
2022-04-11 17:55:00,20.25,20.25,20.25,20.25,3500
2022-04-11 18:00:00,20.25,20.25,20.2,20.2,2500
2022-04-11 18:05:00,20.25,20.26,20.24,20.26,2814
2022-04-11 18:10:00,20.26,20.26,20.26,20.26,1482
2022-04-11 18:15:00,20.28,20.37,20.28,20.37,448
2022-04-11 18:20:00,20.29,20.29,20.29,20.29,400
2022-04-11 18:25:00,20.29,20.29,20.29,20.29,1000
2022-04-11 18:30:00,20.3,20.3,20.29,20.3,4200
2022-04-11 18:50:00,20.25,20.25,20.25,20.25,281
2022-04-11 18:55:00,20.3,20.3,20.3,20.3,750
2022-04-11 19:00:00,20.25,20.25,20.25,20.25,200
2022-04-11 19:05:00,20.25,20.25,20.25,20.25,400
2022-04-11 19:15:00,20.2,20.2,20.2,20.2,1000
2022-04-11 19:20:00,20.21,20.21,20.21,20.21,100
2022-04-11 19:25:00,20.21,20.21,20.21,20.21,918
2022-04-11 19:30:00,20.2,20.2,20.2,20.2,100
2022-04-11 19:40:00,20.28,20.28,20.27,20.27,2100
2022-04-11 19:50:00,20.2,20.2,20.2,20.2,100
2022-04-11 19:55:00,20.2,20.2,20.2,20.2,4407
2022-04-12 05:05:00,20.19,20.19,20.19,20.19,500
2022-04-12 05:10:00,20.19,20.19,20.19,20.19,100
2022-04-12 06:40:00,20.19,20.19,20.19,20.19,100
2022-04-12 07:00:00,20.25,20.25,20.18,20.18,1638
2022-04-12 07:10:00,20.17,20.17,20.17,20.17,114
2022-04-12 07:15:00,20.14,20.14,20.14,20.14,100
2022-04-12 07:20:00,20.17,20.18,20.17,20.18,504
2022-04-12 07:25:00,20.18,20.18,20.17,20.17,2090
2022-04-12 07:30:00,20.18,20.18,20.18,20.18,3000
2022-04-12 07:40:00,20.23,20.23,20.23,20.23,997
2022-04-12 07:45:00,20.22,20.23,20.22,20.23,403
2022-04-12 07:55:00,20.25,20.28,20.25,20.28,1540
2022-04-12 08:00:00,20.1301,20.28,20.13,20.28,20978
2022-04-12 08:05:00,20.28,20.3,20.28,20.3,2000
2022-04-12 08:10:00,20.29,20.29,20.28,20.29,600
2022-04-12 08:15:00,20.28,20.35,20.28,20.3,2676
2022-04-12 08:20:00,20.28,20.28,20.28,20.28,1000
2022-04-12 08:25:00,20.28,20.32,20.22,20.31,3854
2022-04-12 08:30:00,20.28,20.35,20.28,20.35,4779
2022-04-12 08:35:00,20.45,20.47,20.42,20.43,6697
2022-04-12 08:40:00,20.44,20.45,20.43,20.45,8197
2022-04-12 08:45:00,20.48,20.68,20.48,20.68,12709
2022-04-12 08:50:00,20.6897,20.6897,20.59,20.64,2979
2022-04-12 08:55:00,20.65,20.65,20.6,20.65,1652
2022-04-12 09:00:00,20.66,20.68,20.61,20.68,9949
2022-04-12 09:05:00,20.67,20.67,20.51,20.59,7372
2022-04-12 09:10:00,20.62,20.65,20.55,20.57,8819
2022-04-12 09:15:00,20.55,20.57,20.54,20.54,2376
2022-04-12 09:20:00,20.54,20.63,20.54,20.61,3855
2022-04-12 09:25:00,20.6,20.63,20.25,20.28,14785
2022-04-12 09:30:00,20.36,20.55,20.23,20.3796,569160
2022-04-12 09:35:00,20.4,20.6487,20.225,20.58,469755
2022-04-12 09:40:00,20.58,20.69,20.47,20.49,363986
2022-04-12 09:45:00,20.5,20.53,20.36,20.4186,366636
2022-04-12 09:50:00,20.41,20.555,20.41,20.555,238377
2022-04-12 09:55:00,20.56,20.66,20.51,20.65,249763
2022-04-12 10:00:00,20.65,20.74,20.53,20.7201,313150
2022-04-12 10:05:00,20.7243,20.78,20.655,20.75,235143
2022-04-12 10:10:00,20.75,20.7775,20.61,20.625,339448
2022-04-12 10:15:00,20.63,20.63,20.4629,20.48,274471
2022-04-12 10:20:00,20.49,20.66,20.49,20.58,186900
2022-04-12 10:25:00,20.6,20.61,20.54,20.55,97927
2022-04-12 10:30:00,20.56,20.63,20.51,20.59,145020
2022-04-12 10:35:00,20.6,20.63,20.485,20.49,178833
2022-04-12 10:40:00,20.49,20.52,20.451,20.51,237870
2022-04-12 10:45:00,20.5147,20.6,20.495,20.555,398644
2022-04-12 10:50:00,20.55,20.575,20.46,20.52,147509
2022-04-12 10:55:00,20.51,20.5851,20.5,20.53,265854
2022-04-12 11:00:00,20.53,20.6,20.51,20.5901,110730
2022-04-12 11:05:00,20.59,20.6364,20.54,20.575,120357
2022-04-12 11:10:00,20.575,20.6,20.545,20.58,107773
2022-04-12 11:15:00,20.58,20.5989,20.52,20.53,107574
2022-04-12 11:20:00,20.5316,20.6082,20.525,20.6082,91815
2022-04-12 11:25:00,20.61,20.735,20.61,20.703,166687
2022-04-12 11:30:00,20.705,20.74,20.67,20.705,157900
2022-04-12 11:35:00,20.7,20.725,20.66,20.72,72477
2022-04-12 11:40:00,20.72,20.73,20.68,20.71,87163
2022-04-12 11:45:00,20.72,20.745,20.67,20.685,116519
2022-04-12 11:50:00,20.69,20.705,20.6358,20.64,72262
2022-04-12 11:55:00,20.64,20.6482,20.59,20.6101,119936
2022-04-12 12:00:00,20.62,20.625,20.575,20.59,201901
2022-04-12 12:05:00,20.59,20.63,20.5418,20.57,150443
2022-04-12 12:10:00,20.575,20.575,20.51,20.53,80212
2022-04-12 12:15:00,20.53,20.6067,20.51,20.54,91635
2022-04-12 12:20:00,20.53,20.53,20.465,20.4833,103542
2022-04-12 12:25:00,20.48,20.51,20.4407,20.47,174702
2022-04-12 12:30:00,20.47,20.475,20.43,20.43,121510
2022-04-12 12:35:00,20.43,20.5,20.4143,20.48,118893
2022-04-12 12:40:00,20.48,20.5,20.445,20.465,114902
2022-04-12 12:45:00,20.47,20.48,20.43,20.46,55676
2022-04-12 12:50:00,20.46,20.505,20.445,20.45,81980
2022-04-12 12:55:00,20.4416,20.485,20.435,20.48,92127
2022-04-12 13:00:00,20.47,20.47,20.4025,20.42,98803
2022-04-12 13:05:00,20.43,20.48,20.43,20.47,106296
2022-04-12 13:10:00,20.47,20.59,20.46,20.57,93754
2022-04-12 13:15:00,20.57,20.57,20.48,20.52,120408
2022-04-12 13:20:00,20.52,20.55,20.49,20.4945,71433
2022-04-12 13:25:00,20.5,20.505,20.43,20.437,72767
2022-04-12 13:30:00,20.44,20.475,20.4191,20.465,84891
2022-04-12 13:35:00,20.465,20.49,20.44,20.44,53208
2022-04-12 13:40:00,20.435,20.45,20.395,20.4008,150022
2022-04-12 13:45:00,20.405,20.42,20.375,20.395,68467
2022-04-12 13:50:00,20.3917,20.4,20.31,20.315,96383
2022-04-12 13:55:00,20.315,20.315,20.27,20.285,82474
2022-04-12 14:00:00,20.2809,20.33,20.2408,20.32,133827
2022-04-12 14:05:00,20.31,20.3538,20.2898,20.305,130078
2022-04-12 14:10:00,20.3083,20.31,20.25,20.25,62934
2022-04-12 14:15:00,20.25,20.265,20.2101,20.24,131587
2022-04-12 14:20:00,20.24,20.2775,20.23,20.2325,71570
2022-04-12 14:25:00,20.23,20.24,20.2,20.2099,83316
2022-04-12 14:30:00,20.205,20.235,20.165,20.2289,122151
2022-04-12 14:35:00,20.22,20.2695,20.1908,20.21,143510
2022-04-12 14:40:00,20.205,20.22,20.17,20.19,107805
2022-04-12 14:45:00,20.19,20.295,20.185,20.265,111689
2022-04-12 14:50:00,20.26,20.285,20.22,20.27,84272
2022-04-12 14:55:00,20.2681,20.295,20.21,20.21,73739
2022-04-12 15:00:00,20.215,20.2354,20.14,20.1599,85069
2022-04-12 15:05:00,20.155,20.17,20.113,20.12,79184
2022-04-12 15:10:00,20.13,20.175,20.12,20.145,87194
2022-04-12 15:15:00,20.14,20.2,20.135,20.1976,126357
2022-04-12 15:20:00,20.19,20.245,20.19,20.217,111977
2022-04-12 15:25:00,20.21,20.21,20.105,20.13,184215
2022-04-12 15:30:00,20.13,20.135,20.09,20.11,170141
2022-04-12 15:35:00,20.1,20.225,20.09,20.215,141426
2022-04-12 15:40:00,20.21,20.24,20.18,20.2,209868
2022-04-12 15:45:00,20.2,20.275,20.175,20.255,258346
2022-04-12 15:50:00,20.25,20.26,20.21,20.25,328064
2022-04-12 15:55:00,20.25,20.26,20.19,20.2,443463
2022-04-12 16:00:00,20.18,20.2099,20.18,20.18,991621
2022-04-12 16:05:00,20.2,20.2,20.2,20.2,150
2022-04-12 16:10:00,20.23,20.23,20.23,20.23,1000
2022-04-12 16:15:00,20.2,20.2,20.18,20.18,1550
2022-04-12 16:20:00,20.2,20.2,20.1601,20.1601,610
2022-04-12 16:30:00,20.17,20.17,20.17,20.17,1000
2022-04-12 16:35:00,20.18,20.18,20.18,20.18,400
2022-04-12 16:40:00,20.17,20.171,20.17,20.171,1998
2022-04-12 17:10:00,20.22,20.22,20.22,20.22,1208
2022-04-12 17:25:00,20.2,20.2,20.2,20.2,109
2022-04-12 17:40:00,20.22,20.22,20.22,20.22,1000
2022-04-12 17:45:00,20.22,20.22,20.22,20.22,500
2022-04-12 17:55:00,20.2001,20.2001,20.2,20.2,608
2022-04-12 18:25:00,20.23,20.23,20.23,20.23,100
2022-04-12 18:30:00,20.23,20.23,20.23,20.23,130
2022-04-12 18:40:00,20.2,20.2,20.2,20.2,1000
2022-04-12 18:55:00,20.21,20.22,20.21,20.22,2339
2022-04-12 19:00:00,20.23,20.23,20.22,20.22,5659
2022-04-12 19:05:00,20.22,20.22,20.22,20.22,100
2022-04-12 19:20:00,20.24,20.27,20.24,20.27,1000
2022-04-12 19:25:00,20.24,20.24,20.24,20.24,1200
2022-04-12 19:30:00,20.26,20.26,20.2599,20.2599,600
2022-04-12 19:35:00,20.25,20.26,20.24,20.26,1100
2022-04-12 19:40:00,20.26,20.26,20.2599,20.2599,2300
2022-04-12 19:45:00,20.26,20.26,20.26,20.26,4598
2022-04-12 19:50:00,20.28,20.2899,20.28,20.2899,512
2022-04-13 04:50:00,20.62,20.62,20.62,20.62,300
2022-04-13 05:10:00,20.5,20.5,20.5,20.5,400
2022-04-13 06:45:00,20.58,20.59,20.58,20.59,500
2022-04-13 06:50:00,20.55,20.6,20.55,20.6,3627
2022-04-13 06:55:00,20.62,20.64,20.62,20.64,428
2022-04-13 07:00:00,20.66,20.66,20.39,20.5,4730
2022-04-13 07:05:00,20.5,20.5,20.5,20.5,1181
2022-04-13 07:10:00,20.55,20.55,20.55,20.55,100
2022-04-13 07:15:00,20.5,20.6,20.5,20.6,5896
2022-04-13 07:20:00,20.62,20.65,20.62,20.64,8798
2022-04-13 07:25:00,20.62,20.62,20.56,20.56,72307
2022-04-13 07:30:00,20.58,20.58,20.58,20.58,100
2022-04-13 07:35:00,20.58,20.6,20.58,20.6,6692
2022-04-13 07:40:00,20.6,20.6,20.59,20.6,4250
2022-04-13 07:50:00,20.58,20.58,20.58,20.58,2614
2022-04-13 07:55:00,20.57,20.57,20.57,20.57,200
2022-04-13 08:00:00,20.64,20.66,20.46,20.6,72321
2022-04-13 08:05:00,20.59,20.619,20.53,20.6169,7080
2022-04-13 08:10:00,20.53,20.5301,20.53,20.5301,15600
2022-04-13 08:15:00,20.6,20.6,20.6,20.6,500
2022-04-13 08:25:00,20.53,20.53,20.5,20.5,3796
2022-04-13 08:30:00,20.5001,20.5001,20.49,20.5,3991
2022-04-13 08:35:00,20.55,20.56,20.55,20.56,699
2022-04-13 08:40:00,20.55,20.55,20.5001,20.5001,17000
2022-04-13 08:45:00,20.55,20.57,20.5,20.57,2727
2022-04-13 08:50:00,20.55,20.55,20.55,20.55,750
2022-04-13 08:55:00,20.5,20.5,20.5,20.5,1000
2022-04-13 09:00:00,20.49,20.5,20.47,20.47,7977
2022-04-13 09:05:00,20.48,20.5,20.45,20.45,4882
2022-04-13 09:10:00,20.4547,20.5,20.45,20.45,15016
2022-04-13 09:15:00,20.45,20.48,20.4399,20.4399,3183
2022-04-13 09:20:00,20.42,20.48,20.42,20.45,5767
2022-04-13 09:25:00,20.4,20.58,20.4,20.58,5309
2022-04-13 09:30:00,20.61,20.99,20.61,20.99,716099
2022-04-13 09:35:00,21.0,21.0999,20.84,21.03,791941
2022-04-13 09:40:00,21.03,21.06,20.8373,20.88,486334
2022-04-13 09:45:00,20.88,21.07,20.81,21.04,429501
2022-04-13 09:50:00,21.05,21.07,20.89,21.0,348034
2022-04-13 09:55:00,20.995,21.11,20.92,21.03,426791
2022-04-13 10:00:00,21.04,21.05,20.9101,21.01,429739
2022-04-13 10:05:00,21.01,21.075,20.98,21.03,240889
2022-04-13 10:10:00,21.035,21.19,20.98,21.15,337008
2022-04-13 10:15:00,21.16,21.295,21.15,21.18,352581
2022-04-13 10:20:00,21.18,21.19,21.08,21.185,212583
2022-04-13 10:25:00,21.19,21.215,21.05,21.12,250778
2022-04-13 10:30:00,21.1,21.215,21.09,21.105,237943
2022-04-13 10:35:00,21.1,21.12,21.01,21.06,260911
2022-04-13 10:40:00,21.06,21.17,21.0,21.15,191367
2022-04-13 10:45:00,21.16,21.22,21.13,21.145,145119
2022-04-13 10:50:00,21.15,21.2141,21.15,21.19,106109
2022-04-13 10:55:00,21.18,21.28,21.16,21.275,237152
2022-04-13 11:00:00,21.28,21.36,21.27,21.31,349722
2022-04-13 11:05:00,21.305,21.3291,21.2113,21.23,179986
2022-04-13 11:10:00,21.2241,21.375,21.22,21.365,185409
2022-04-13 11:15:00,21.36,21.38,21.33,21.355,199891
2022-04-13 11:20:00,21.3501,21.38,21.34,21.375,78243
2022-04-13 11:25:00,21.38,21.429,21.37,21.42,143101
2022-04-13 11:30:00,21.42,21.4898,21.42,21.44,232072
2022-04-13 11:35:00,21.45,21.46,21.3301,21.39,235275
2022-04-13 11:40:00,21.39,21.44,21.375,21.43,163753
2022-04-13 11:45:00,21.425,21.46,21.42,21.43,127048
2022-04-13 11:50:00,21.43,21.43,21.315,21.32,125336
2022-04-13 11:55:00,21.31,21.34,21.28,21.315,261856
2022-04-13 12:00:00,21.315,21.37,21.235,21.365,183974
2022-04-13 12:05:00,21.36,21.4,21.34,21.3599,86150
2022-04-13 12:10:00,21.35,21.375,21.3101,21.36,85366
2022-04-13 12:15:00,21.36,21.365,21.32,21.3225,66335
2022-04-13 12:20:00,21.32,21.361,21.305,21.361,87614
2022-04-13 12:25:00,21.365,21.385,21.33,21.37,137492
2022-04-13 12:30:00,21.38,21.445,21.3618,21.4232,185167
2022-04-13 12:35:00,21.4201,21.44,21.38,21.3925,92874
2022-04-13 12:40:00,21.39,21.43,21.37,21.4248,135264
2022-04-13 12:45:00,21.4207,21.45,21.4,21.43,98999
2022-04-13 12:50:00,21.44,21.44,21.395,21.435,116964
2022-04-13 12:55:00,21.434,21.46,21.4,21.45,126534
2022-04-13 13:00:00,21.45,21.455,21.415,21.43,76831
2022-04-13 13:05:00,21.43,21.45,21.42,21.45,37148
2022-04-13 13:10:00,21.44,21.49,21.435,21.47,110391
2022-04-13 13:15:00,21.465,21.525,21.465,21.52,236486
2022-04-13 13:20:00,21.52,21.56,21.5,21.55,157560
2022-04-13 13:25:00,21.55,21.555,21.472,21.48,102277
2022-04-13 13:30:00,21.49,21.5,21.44,21.4506,89408
2022-04-13 13:35:00,21.455,21.49,21.42,21.425,66658
2022-04-13 13:40:00,21.42,21.46,21.415,21.45,85066
2022-04-13 13:45:00,21.45,21.475,21.44,21.46,77199
2022-04-13 13:50:00,21.47,21.47,21.44,21.44,50070
2022-04-13 13:55:00,21.44,21.4776,21.4172,21.475,74782
2022-04-13 14:00:00,21.475,21.475,21.4005,21.44,149171
2022-04-13 14:05:00,21.44,21.5,21.43,21.47,79741
2022-04-13 14:10:00,21.475,21.485,21.41,21.44,87864
2022-04-13 14:15:00,21.445,21.485,21.44,21.485,48285
2022-04-13 14:20:00,21.48,21.505,21.43,21.44,112803
2022-04-13 14:25:00,21.44,21.465,21.4201,21.455,81367
2022-04-13 14:30:00,21.45,21.49,21.445,21.49,85107
2022-04-13 14:35:00,21.48,21.495,21.44,21.45,92400
2022-04-13 14:40:00,21.44,21.47,21.43,21.465,57446
2022-04-13 14:45:00,21.47,21.48,21.43,21.44,64904
2022-04-13 14:50:00,21.445,21.45,21.42,21.4267,46628
2022-04-13 14:55:00,21.42,21.42,21.38,21.39,66841
2022-04-13 15:00:00,21.385,21.395,21.3422,21.36,102524
2022-04-13 15:05:00,21.355,21.41,21.355,21.395,93565
2022-04-13 15:10:00,21.39,21.4099,21.365,21.3999,82182
2022-04-13 15:15:00,21.4,21.4233,21.3907,21.405,88780
2022-04-13 15:20:00,21.4,21.43,21.385,21.4,68524
2022-04-13 15:25:00,21.4,21.42,21.37,21.42,86160
2022-04-13 15:30:00,21.415,21.4862,21.41,21.47,164659
2022-04-13 15:35:00,21.4725,21.4898,21.44,21.465,126038
2022-04-13 15:40:00,21.46,21.47,21.415,21.455,199694
2022-04-13 15:45:00,21.46,21.5,21.451,21.485,212427
2022-04-13 15:50:00,21.49,21.525,21.46,21.47,385336
2022-04-13 15:55:00,21.47,21.48,21.43,21.46,653085
2022-04-13 16:00:00,21.43,21.51,21.402,21.51,461534
2022-04-13 16:05:00,21.4301,21.45,21.43,21.45,3903
2022-04-13 16:10:00,21.48,21.5,21.46,21.46,710
2022-04-13 16:15:00,21.45,21.5,21.45,21.46,10540
2022-04-13 16:20:00,21.46,21.48,21.46,21.48,1700
2022-04-13 16:25:00,21.45,21.45,21.45,21.45,200
2022-04-13 16:30:00,21.5,21.5,21.45,21.45,13288
2022-04-13 16:35:00,21.5,21.5,21.5,21.5,620
2022-04-13 16:40:00,21.49,21.49,21.49,21.49,5458
2022-04-13 16:45:00,21.49,21.5,21.49,21.5,220
2022-04-13 16:50:00,21.49,21.49,21.46,21.46,4270
2022-04-13 16:55:00,21.46,21.5,21.46,21.5,2595
2022-04-13 17:00:00,21.47,21.47,21.46,21.46,15000
2022-04-13 17:05:00,21.5,21.5,21.46,21.46,430
2022-04-13 17:15:00,21.47,21.47,21.47,21.47,100
2022-04-13 17:25:00,21.4999,21.4999,21.4999,21.4999,1000
2022-04-13 17:30:00,21.48,21.48,21.48,21.48,2600
2022-04-13 17:35:00,21.5,21.5,21.5,21.5,499
2022-04-13 17:40:00,21.5099,21.51,21.5099,21.51,780
2022-04-13 17:55:00,21.5199,21.52,21.5199,21.52,245
2022-04-13 18:00:00,21.49,21.49,21.49,21.49,1200
2022-04-13 18:05:00,21.49,21.49,21.48,21.48,3380
2022-04-13 18:15:00,21.5,21.5,21.5,21.5,170
2022-04-13 18:20:00,21.48,21.48,21.48,21.48,5009
2022-04-13 18:25:00,21.48,21.48,21.48,21.48,1398
2022-04-13 18:30:00,21.48,21.48,21.48,21.48,280
2022-04-13 18:45:00,21.49,21.49,21.49,21.49,161
2022-04-13 18:55:00,21.48,21.48,21.48,21.48,100
2022-04-13 19:00:00,21.48,21.48,21.48,21.48,461
2022-04-13 19:15:00,21.51,21.51,21.51,21.51,1000
2022-04-13 19:20:00,21.51,21.51,21.51,21.51,200
2022-04-13 19:25:00,21.48,21.5,21.48,21.5,1259
2022-04-13 19:30:00,21.48,21.48,21.48,21.48,500
2022-04-13 19:35:00,21.48,21.48,21.48,21.48,1000
2022-04-13 19:40:00,21.5,21.5,21.5,21.5,3000
2022-04-13 19:50:00,21.5,21.5,21.5,21.5,1200
2022-04-13 19:55:00,21.5,21.5,21.49,21.5,2758
2022-04-14 04:50:00,21.57,21.57,21.57,21.57,200
2022-04-14 05:20:00,21.49,21.49,21.49,21.49,200
2022-04-14 05:45:00,21.49,21.5,21.49,21.5,1350
2022-04-14 05:50:00,21.49,21.5,21.49,21.5,1178
2022-04-14 05:55:00,21.54,21.54,21.54,21.54,450
2022-04-14 06:10:00,21.51,21.51,21.5,21.5,447
2022-04-14 06:20:00,21.55,21.58,21.54,21.58,800
2022-04-14 06:30:00,21.6,21.6,21.6,21.6,850
2022-04-14 06:40:00,21.7,21.7,21.7,21.7,283
2022-04-14 07:00:00,21.68,21.69,21.55,21.55,15829
2022-04-14 07:05:00,21.57,21.57,21.57,21.57,100
2022-04-14 07:15:00,21.63,21.63,21.63,21.63,100
2022-04-14 07:50:00,21.6,21.6,21.59,21.59,2130
2022-04-14 08:00:00,21.62,21.69,21.56,21.6,10683
2022-04-14 08:05:00,21.6,21.64,21.6,21.64,3504
2022-04-14 08:10:00,21.61,21.61,21.61,21.61,1999
2022-04-14 08:15:00,21.6399,21.6399,21.6399,21.6399,2500
2022-04-14 08:20:00,21.61,21.6399,21.6,21.6,3788
2022-04-14 08:25:00,21.64,21.64,21.6,21.6,1100
2022-04-14 08:30:00,21.6,21.62,21.59,21.59,2400
2022-04-14 08:35:00,21.57,21.57,21.5102,21.5102,4050
2022-04-14 08:50:00,21.55,21.55,21.51,21.54,2815
2022-04-14 08:55:00,21.53,21.55,21.53,21.55,365
2022-04-14 09:00:00,21.55,21.55,21.51,21.5201,1159
2022-04-14 09:05:00,21.53,21.55,21.51,21.51,2008
2022-04-14 09:10:00,21.56,21.59,21.54,21.5895,2520
2022-04-14 09:15:00,21.56,21.6,21.51,21.6,9020
2022-04-14 09:20:00,21.5999,21.5999,21.53,21.53,200
2022-04-14 09:25:00,21.5999,21.6,21.55,21.6,1008
2022-04-14 09:30:00,21.64,21.86,21.57,21.82,923686
2022-04-14 09:35:00,21.817,21.9,21.71,21.8299,411681
2022-04-14 09:40:00,21.8301,21.885,21.64,21.67,389905
2022-04-14 09:45:00,21.68,21.83,21.67,21.825,256852
2022-04-14 09:50:00,21.83,22.0496,21.8,21.98,518155
2022-04-14 09:55:00,21.9692,22.02,21.905,21.955,276643
2022-04-14 10:00:00,21.954,22.14,21.9401,22.09,501390
2022-04-14 10:05:00,22.095,22.12,21.8699,21.92,439225
2022-04-14 10:10:00,21.925,22.06,21.89,21.93,286448
2022-04-14 10:15:00,21.92,21.94,21.81,21.88,192393
2022-04-14 10:20:00,21.88,21.9401,21.84,21.93,124700
2022-04-14 10:25:00,21.93,21.96,21.875,21.88,102185
2022-04-14 10:30:00,21.87,21.92,21.835,21.85,137615
2022-04-14 10:35:00,21.849,21.89,21.78,21.805,147579
2022-04-14 10:40:00,21.805,21.82,21.715,21.76,224255
2022-04-14 10:45:00,21.77,21.77,21.645,21.67,128137
2022-04-14 10:50:00,21.67,21.72,21.65,21.68,89554
2022-04-14 10:55:00,21.685,21.725,21.67,21.7,109127
2022-04-14 11:00:00,21.7,21.805,21.675,21.795,154240
2022-04-14 11:05:00,21.795,21.82,21.7498,21.8121,137850
2022-04-14 11:10:00,21.81,21.8101,21.725,21.735,121665
2022-04-14 11:15:00,21.735,21.755,21.675,21.715,119595
2022-04-14 11:20:00,21.72,21.77,21.695,21.765,63275
2022-04-14 11:25:00,21.765,21.79,21.74,21.7783,64764
2022-04-14 11:30:00,21.775,21.8,21.7435,21.77,92949
2022-04-14 11:35:00,21.76,21.775,21.69,21.7,79835
2022-04-14 11:40:00,21.695,21.72,21.6591,21.66,103453
2022-04-14 11:45:00,21.6697,21.6853,21.64,21.64,113424
2022-04-14 11:50:00,21.645,21.665,21.6,21.635,97444
2022-04-14 11:55:00,21.63,21.67,21.62,21.655,76548
2022-04-14 12:00:00,21.65,21.73,21.64,21.67,105869
2022-04-14 12:05:00,21.66,21.73,21.66,21.7,71127
2022-04-14 12:10:00,21.7,21.755,21.7,21.73,53964
2022-04-14 12:15:00,21.73,21.735,21.645,21.675,56609
2022-04-14 12:20:00,21.68,21.68,21.65,21.67,57589
2022-04-14 12:25:00,21.67,21.67,21.625,21.63,53175
2022-04-14 12:30:00,21.625,21.66,21.61,21.6212,45862
2022-04-14 12:35:00,21.62,21.64,21.58,21.6,72812
2022-04-14 12:40:00,21.6,21.61,21.58,21.6,87021
2022-04-14 12:45:00,21.59,21.619,21.58,21.605,36293
2022-04-14 12:50:00,21.61,21.615,21.5729,21.61,42577
2022-04-14 12:55:00,21.61,21.6788,21.595,21.67,46538
2022-04-14 13:00:00,21.675,21.6965,21.6627,21.695,36593
2022-04-14 13:05:00,21.69,21.7,21.6373,21.6599,76187
2022-04-14 13:10:00,21.65,21.68,21.63,21.6372,39585
2022-04-14 13:15:00,21.64,21.655,21.62,21.63,30030
2022-04-14 13:20:00,21.6299,21.66,21.625,21.6399,35976
2022-04-14 13:25:00,21.64,21.66,21.6092,21.62,39565
2022-04-14 13:30:00,21.61,21.64,21.6,21.61,34166
2022-04-14 13:35:00,21.62,21.655,21.615,21.64,44637
2022-04-14 13:40:00,21.65,21.71,21.645,21.69,58219
2022-04-14 13:45:00,21.69,21.73,21.69,21.715,56598
2022-04-14 13:50:00,21.72,21.73,21.675,21.675,84865
2022-04-14 13:55:00,21.67,21.695,21.66,21.695,42285
2022-04-14 14:00:00,21.69,21.735,21.67,21.72,134100
2022-04-14 14:05:00,21.71,21.75,21.695,21.73,94404
2022-04-14 14:10:00,21.73,21.79,21.73,21.79,118135
2022-04-14 14:15:00,21.79,21.805,21.755,21.765,65242
2022-04-14 14:20:00,21.76,21.7666,21.71,21.735,139511
2022-04-14 14:25:00,21.735,21.75,21.71,21.739,38167
2022-04-14 14:30:00,21.73,21.74,21.67,21.685,115638
2022-04-14 14:35:00,21.6817,21.69,21.64,21.65,68280
2022-04-14 14:40:00,21.66,21.68,21.65,21.675,61438
2022-04-14 14:45:00,21.675,21.71,21.67,21.6851,86372
2022-04-14 14:50:00,21.69,21.705,21.625,21.63,68718
2022-04-14 14:55:00,21.63,21.635,21.5804,21.6,123173
2022-04-14 15:00:00,21.595,21.6,21.555,21.555,168340
2022-04-14 15:05:00,21.56,21.5999,21.55,21.56,132826
2022-04-14 15:10:00,21.56,21.595,21.52,21.593,147531
2022-04-14 15:15:00,21.59,21.6599,21.59,21.65,131558
2022-04-14 15:20:00,21.65,21.665,21.63,21.645,120998
2022-04-14 15:25:00,21.645,21.645,21.6,21.635,187048
2022-04-14 15:30:00,21.64,21.65,21.61,21.62,154177
2022-04-14 15:35:00,21.615,21.68,21.615,21.645,192855
2022-04-14 15:40:00,21.65,21.735,21.64,21.7348,165389
2022-04-14 15:45:00,21.74,21.74,21.68,21.705,217334
2022-04-14 15:50:00,21.7,21.7,21.64,21.675,324772
2022-04-14 15:55:00,21.67,21.69,21.63,21.65,439770
2022-04-14 16:00:00,21.64,21.75,21.64,21.64,452557
2022-04-14 16:05:00,21.65,21.67,21.65,21.67,200
2022-04-14 16:10:00,21.66,21.68,21.66,21.68,2500
2022-04-14 16:15:00,21.65,21.68,21.65,21.68,1911
2022-04-14 16:20:00,21.66,21.68,21.66,21.68,599
2022-04-14 16:30:00,21.65,21.65,21.65,21.65,900
2022-04-14 16:35:00,21.65,21.67,21.65,21.67,462
2022-04-14 16:40:00,21.65,21.65,21.65,21.65,100
2022-04-14 16:45:00,21.64,21.6501,21.64,21.6501,8035
2022-04-14 16:50:00,21.67,21.68,21.67,21.68,3000
2022-04-14 17:00:00,21.7,21.7,21.7,21.7,1000
2022-04-14 17:05:00,21.65,21.65,21.65,21.65,100
2022-04-14 17:15:00,21.65,21.65,21.64,21.64,925
2022-04-14 17:20:00,21.6499,21.65,21.6499,21.65,9436
2022-04-14 17:25:00,21.65,21.65,21.65,21.65,502
2022-04-14 17:30:00,21.6401,21.6401,21.6401,21.6401,1498
2022-04-14 17:35:00,21.69,21.69,21.69,21.69,700
2022-04-14 17:45:00,21.66,21.66,21.66,21.66,2081
2022-04-14 17:55:00,21.6899,21.6899,21.65,21.65,1750
2022-04-14 18:10:00,21.63,21.63,21.63,21.63,1378
2022-04-14 18:20:00,21.63,21.63,21.63,21.63,1000
2022-04-14 18:30:00,21.58,21.58,21.58,21.58,924
2022-04-14 18:35:00,21.62,21.64,21.62,21.64,1205
2022-04-14 18:45:00,21.6401,21.6401,21.6401,21.6401,3000
2022-04-14 18:55:00,21.64,21.64,21.64,21.64,140
2022-04-14 19:00:00,21.64,21.64,21.64,21.64,525
