2022-04-01 07:25:00,377.25,377.25,377.25,377.25,200
2022-04-01 07:50:00,377.24,377.24,377.24,377.24,660
2022-04-01 08:00:00,377.4414,377.8531,376.87,377.0999,1900
2022-04-01 08:10:00,378.9544,378.9544,378.9544,378.9544,100
2022-04-01 08:15:00,378.5995,378.6,378.5995,378.6,1200
2022-04-01 08:25:00,378.05,378.5,378.05,378.5,750
2022-04-01 08:30:00,376.5,376.5,376.5,376.5,100
2022-04-01 08:40:00,377.5,377.5,377.5,377.5,250
2022-04-01 08:50:00,377.0,377.0,375.03,375.1,1100
2022-04-01 09:00:00,375.1,375.1,375.1,375.1,100
2022-04-01 09:05:00,375.8999,375.8999,375.3,375.3,410
2022-04-01 09:15:00,375.75,375.75,375.75,375.75,200
2022-04-01 09:20:00,375.5,375.5,375.5,375.5,165
2022-04-01 09:25:00,376.0,376.0,376.0,376.0,1733
2022-04-01 09:30:00,376.8,376.94,373.52,375.53,109088
2022-04-01 09:35:00,375.37,377.87,374.7188,377.025,36574
2022-04-01 09:40:00,377.035,378.5499,376.58,377.238,25863
2022-04-01 09:45:00,377.15,379.05,376.49,377.0,35079
2022-04-01 09:50:00,377.1726,377.2,375.14,375.4557,21723
2022-04-01 09:55:00,375.42,380.6,375.3001,380.6,40155
2022-04-01 10:00:00,380.57,380.87,377.89,378.735,36285
2022-04-01 10:05:00,378.61,378.81,377.56,378.76,22131
2022-04-01 10:10:00,378.95,380.32,378.55,379.842,19874
2022-04-01 10:15:00,379.815,380.04,378.175,378.255,19476
2022-04-01 10:20:00,378.265,378.615,377.1,377.2057,25108
2022-04-01 10:25:00,377.22,377.609,376.67,377.135,15300
2022-04-01 10:30:00,377.185,378.28,377.185,378.25,9850
2022-04-01 10:35:00,378.46,379.5,376.2,376.52,37234
2022-04-01 10:40:00,376.4398,377.41,375.72,376.955,21502
2022-04-01 10:45:00,376.78,378.5307,376.55,377.46,17524
2022-04-01 10:50:00,377.98,378.65,377.225,378.09,12038
2022-04-01 10:55:00,378.1,378.16,377.155,377.345,17924
2022-04-01 11:00:00,377.31,378.0,377.0,377.04,24691
2022-04-01 11:05:00,376.9,376.9,375.96,376.44,23891
2022-04-01 11:10:00,376.27,376.73,375.04,375.382,25201
2022-04-01 11:15:00,375.3,375.8,374.91,375.24,21779
2022-04-01 11:20:00,375.2,376.145,374.63,375.37,33100
2022-04-01 11:25:00,375.26,375.26,374.15,374.51,20684
2022-04-01 11:30:00,374.33,374.6,373.5,373.79,42907
2022-04-01 11:35:00,373.6,373.6,372.88,373.1284,19390
2022-04-01 11:40:00,373.09,373.5,372.5,372.91,20124
2022-04-01 11:45:00,373.06,373.52,372.89,373.07,17583
2022-04-01 11:50:00,373.18,374.75,373.045,374.532,23900
2022-04-01 11:55:00,374.52,374.52,373.07,373.51,18467
2022-04-01 12:00:00,373.42,373.5535,372.4,372.63,24269
2022-04-01 12:05:00,372.61,373.34,372.49,373.34,14993
2022-04-01 12:10:00,373.4484,373.615,373.08,373.395,14744
2022-04-01 12:15:00,373.43,373.63,372.77,373.04,8509
2022-04-01 12:20:00,373.04,374.66,373.005,374.53,13483
2022-04-01 12:25:00,374.65,374.97,374.51,374.97,7033
2022-04-01 12:30:00,374.91,374.9825,373.66,373.7876,18216
2022-04-01 12:35:00,373.6224,374.3599,373.59,374.273,9767
2022-04-01 12:40:00,374.2799,375.32,374.125,375.32,12550
2022-04-01 12:45:00,375.37,375.76,375.01,375.5,15538
2022-04-01 12:50:00,375.6,375.6,375.015,375.2974,9510
2022-04-01 12:55:00,375.35,375.64,374.868,374.99,12291
2022-04-01 13:00:00,374.93,375.2,374.52,374.99,12624
2022-04-01 13:05:00,375.186,375.56,374.69,374.88,17870
2022-04-01 13:10:00,374.85,375.075,373.89,374.07,21607
2022-04-01 13:15:00,373.915,373.93,373.42,373.71,9578
2022-04-01 13:20:00,373.61,374.0,373.4,374.0,10111
2022-04-01 13:25:00,373.9259,374.33,373.65,374.01,9727
2022-04-01 13:30:00,373.915,374.148,373.55,373.735,10440
2022-04-01 13:35:00,373.7928,375.36,373.5,374.92,12507
2022-04-01 13:40:00,374.85,375.87,374.85,375.52,11492
2022-04-01 13:45:00,375.49,375.49,374.85,375.08,8368
2022-04-01 13:50:00,375.0,375.109,374.51,374.6201,5115
2022-04-01 13:55:00,374.745,374.88,374.433,374.5,12675
2022-04-01 14:00:00,374.41,374.76,373.75,374.56,6438
2022-04-01 14:05:00,374.86,375.15,374.17,374.17,7034
2022-04-01 14:10:00,374.17,374.68,374.03,374.55,9337
2022-04-01 14:15:00,374.55,375.85,374.51,375.445,13188
2022-04-01 14:20:00,375.53,375.75,375.2307,375.34,12650
2022-04-01 14:25:00,375.31,375.6687,375.19,375.47,7267
2022-04-01 14:30:00,375.46,376.2,375.42,376.18,10165
2022-04-01 14:35:00,376.28,376.35,375.61,375.78,6209
2022-04-01 14:40:00,375.91,376.336,375.87,376.336,5243
2022-04-01 14:45:00,376.13,376.49,376.03,376.12,6733
2022-04-01 14:50:00,376.1295,376.77,376.09,376.375,16262
2022-04-01 14:55:00,376.45,376.81,375.9414,375.975,12660
2022-04-01 15:00:00,375.933,376.78,375.84,375.9,21127
2022-04-01 15:05:00,375.97,377.04,374.37,374.38,44885
2022-04-01 15:10:00,374.43,374.54,369.3959,371.48,238330
2022-04-01 15:15:00,371.4775,372.585,370.71,370.96,64582
2022-04-01 15:20:00,370.92,371.18,369.86,370.66,84010
2022-04-01 15:25:00,370.66,371.37,370.21,371.1519,53148
2022-04-01 15:30:00,371.18,371.91,370.41,370.6104,50314
2022-04-01 15:35:00,370.6,370.83,368.6501,369.66,93775
2022-04-01 15:40:00,369.59,369.86,368.52,368.6,111767
2022-04-01 15:45:00,368.61,370.3528,368.5,370.25,71084
2022-04-01 15:50:00,370.34,373.26,370.34,373.01,107535
2022-04-01 15:55:00,372.975,373.98,372.66,373.45,198542
2022-04-01 16:00:00,373.47,374.25,372.42,373.47,382721
2022-04-01 16:05:00,373.1999,373.1999,372.5,372.5,1272
2022-04-01 16:10:00,373.47,373.47,372.5,372.5,3415
2022-04-01 16:15:00,372.98,372.98,372.98,372.98,490
2022-04-01 16:25:00,372.9,373.1984,372.9,373.1984,3405
2022-04-01 16:35:00,373.47,373.47,373.47,373.47,1528
2022-04-01 16:40:00,372.9,372.9,372.9,372.9,200
2022-04-01 16:45:00,372.9119,372.9119,372.9119,372.9119,135
2022-04-01 17:10:00,373.12,373.12,373.12,373.12,348
2022-04-01 17:45:00,373.28,373.28,373.28,373.28,100
2022-04-01 18:00:00,373.3,373.3,373.3,373.3,243
2022-04-01 18:20:00,373.44,373.48,373.44,373.48,1162
2022-04-01 18:55:00,374.19,374.22,374.19,374.22,209
2022-04-01 19:00:00,373.48,373.48,373.48,373.48,200
2022-04-01 19:45:00,373.77,373.87,373.77,373.87,412
2022-04-01 19:55:00,373.99,373.99,373.99,373.99,113
2022-04-04 04:30:00,373.98,374.8,373.98,374.8,270
2022-04-04 06:15:00,377.39,377.5,377.39,377.5,222
2022-04-04 06:50:00,376.5,376.5,376.5,376.5,100
2022-04-04 07:15:00,376.0,376.0,375.99,375.99,300
2022-04-04 07:40:00,376.42,376.42,376.0,376.0,592
2022-04-04 08:00:00,376.3,376.3,375.0,375.16,1550
2022-04-04 08:05:00,374.91,374.91,374.5,374.5,420
2022-04-04 08:15:00,375.5,375.5,375.44,375.44,400
2022-04-04 08:30:00,375.0,375.0,375.0,375.0,400
2022-04-04 08:40:00,374.9799,374.9799,374.9799,374.9799,100
2022-04-04 08:50:00,374.1482,374.1482,374.1482,374.1482,100
2022-04-04 08:55:00,374.23,374.5,374.23,374.5,250
2022-04-04 09:00:00,374.5,375.0,374.5,375.0,210
2022-04-04 09:15:00,375.0,375.0,375.0,375.0,200
2022-04-04 09:20:00,375.25,375.25,375.25,375.25,400
2022-04-04 09:25:00,374.16,375.45,372.32,372.32,7615
2022-04-04 09:30:00,374.42,377.095,373.13,374.16,151383
2022-04-04 09:35:00,374.01,376.6999,374.01,374.78,42806
2022-04-04 09:40:00,374.74,378.9128,374.74,378.4,53839
2022-04-04 09:45:00,378.756,382.25,377.74,382.0696,110930
2022-04-04 09:50:00,382.3,382.5,381.0468,381.75,53520
2022-04-04 09:55:00,381.8,383.0,380.65,381.0,45327
2022-04-04 10:00:00,380.99,381.98,379.92,380.41,46776
2022-04-04 10:05:00,380.2,380.63,378.86,379.09,30496
2022-04-04 10:10:00,379.15,381.17,378.87,381.17,17738
2022-04-04 10:15:00,380.86,381.95,380.86,381.65,22610
2022-04-04 10:20:00,381.87,383.58,381.82,383.09,48793
2022-04-04 10:25:00,383.1251,384.08,383.09,383.99,22591
2022-04-04 10:30:00,384.0,384.64,383.4127,384.58,33079
2022-04-04 10:35:00,384.61,386.525,384.43,385.84,81976
2022-04-04 10:40:00,385.99,385.99,384.68,384.95,26404
2022-04-04 10:45:00,385.17,385.75,384.595,385.3,26167
2022-04-04 10:50:00,385.475,387.0,385.2001,386.4744,43482
2022-04-04 10:55:00,386.365,387.245,386.1,386.1701,42089
2022-04-04 11:00:00,386.34,388.36,386.335,388.0194,28851
2022-04-04 11:05:00,388.0379,388.95,387.885,388.48,48280
2022-04-04 11:10:00,388.44,388.825,387.83,388.82,23763
2022-04-04 11:15:00,388.67,388.72,387.49,387.86,35398
2022-04-04 11:20:00,387.85,389.06,387.27,388.94,24729
2022-04-04 11:25:00,389.075,389.74,389.0,389.695,37079
2022-04-04 11:30:00,389.74,390.5702,389.135,389.135,50126
2022-04-04 11:35:00,389.05,389.85,389.0,389.39,18738
2022-04-04 11:40:00,389.495,391.2188,389.41,390.87,24967
2022-04-04 11:45:00,390.92,391.15,390.58,391.0,35237
2022-04-04 11:50:00,391.07,391.51,390.935,391.4336,31483
2022-04-04 11:55:00,391.44,392.1,391.3501,392.06,44443
2022-04-04 12:00:00,392.09,392.17,391.66,391.99,30674
2022-04-04 12:05:00,392.025,392.75,391.93,392.75,39973
2022-04-04 12:10:00,392.62,392.625,390.85,391.61,38085
2022-04-04 12:15:00,391.61,391.8,391.1,391.71,26689
2022-04-04 12:20:00,391.72,392.405,391.63,392.355,26044
2022-04-04 12:25:00,392.36,394.0,392.35,393.07,71026
2022-04-04 12:30:00,393.12,394.89,393.1,394.27,75328
2022-04-04 12:35:00,394.08,395.395,394.02,394.215,101724
2022-04-04 12:40:00,394.21,394.89,393.852,394.89,39067
2022-04-04 12:45:00,394.815,394.815,393.6325,394.5731,31303
2022-04-04 12:50:00,394.6886,395.221,393.99,394.8,36093
2022-04-04 12:55:00,394.7853,394.95,393.65,394.23,35453
2022-04-04 13:00:00,394.13,394.19,393.47,393.91,38372
2022-04-04 13:05:00,394.0,394.6999,393.825,394.62,26538
2022-04-04 13:10:00,394.63,394.845,394.125,394.5092,25864
2022-04-04 13:15:00,394.51,395.6112,394.12,395.43,32082
2022-04-04 13:20:00,395.43,395.82,395.16,395.7,37897
2022-04-04 13:25:00,395.655,396.02,395.18,395.4,54259
2022-04-04 13:30:00,395.4381,395.85,395.0,395.33,52386
2022-04-04 13:35:00,395.385,395.385,394.41,394.4957,25144
2022-04-04 13:40:00,394.53,394.53,393.2,393.79,61171
2022-04-04 13:45:00,393.96,394.18,393.31,393.35,19724
2022-04-04 13:50:00,393.36,393.5708,392.77,392.85,22102
2022-04-04 13:55:00,392.94,393.69,392.2901,392.5396,34249
2022-04-04 14:00:00,392.46,392.51,391.3,391.44,43232
2022-04-04 14:05:00,391.33,391.45,389.92,390.32,69431
2022-04-04 14:10:00,390.33,391.1645,390.15,391.04,27361
2022-04-04 14:15:00,391.13,392.59,390.92,392.4828,30829
2022-04-04 14:20:00,392.47,392.67,391.96,392.055,20541
2022-04-04 14:25:00,392.2605,393.1,391.98,392.85,19393
2022-04-04 14:30:00,392.85,393.25,392.75,392.95,29039
2022-04-04 14:35:00,392.985,393.57,392.82,393.33,17984
2022-04-04 14:40:00,393.28,393.83,393.095,393.58,29919
2022-04-04 14:45:00,393.67,394.275,393.41,394.2,25272
2022-04-04 14:50:00,394.4,394.4,393.71,394.02,18055
2022-04-04 14:55:00,394.09,394.3,393.55,393.73,23924
2022-04-04 15:00:00,393.8021,394.07,392.81,393.0,28918
2022-04-04 15:05:00,393.14,393.215,392.84,393.135,22132
2022-04-04 15:10:00,393.19,393.48,392.74,393.28,29407
2022-04-04 15:15:00,393.23,394.4,393.22,394.12,53269
2022-04-04 15:20:00,394.15,395.05,394.125,395.01,54567
2022-04-04 15:25:00,395.01,395.3161,394.74,394.9,35886
2022-04-04 15:30:00,394.9,394.9,393.65,394.16,43530
2022-04-04 15:35:00,394.06,394.105,393.595,393.75,27313
2022-04-04 15:40:00,393.78,393.78,392.125,392.145,50221
2022-04-04 15:45:00,392.07,392.14,390.97,391.035,67551
2022-04-04 15:50:00,391.05,392.265,391.03,391.24,100507
2022-04-04 15:55:00,391.13,391.68,390.7,391.51,145643
2022-04-04 16:00:00,391.5,391.7,391.42,391.69,1053079
2022-04-04 16:05:00,391.69,391.98,391.69,391.69,1741
2022-04-04 16:10:00,391.99,391.99,391.5,391.69,3232
2022-04-04 16:20:00,391.5,391.5,391.5,391.5,200
2022-04-04 16:30:00,391.5,391.5,391.5,391.5,7810
2022-04-04 16:35:00,391.99,392.0,391.99,392.0,203
2022-04-04 16:40:00,392.5,392.5,392.5,392.5,2000
2022-04-04 16:45:00,392.4999,392.5,392.07,392.07,2309
2022-04-04 16:50:00,392.0,392.0,391.86,391.86,300
2022-04-04 17:00:00,392.125,392.28,392.125,392.28,1051
2022-04-04 17:05:00,392.27,392.4899,392.27,392.4899,1250
2022-04-04 17:35:00,392.03,392.03,392.03,392.03,195
2022-04-04 18:05:00,392.0,392.0,392.0,392.0,100
2022-04-04 18:15:00,392.1,392.1,392.0,392.0,200
2022-04-04 18:20:00,391.7,392.0,391.7,392.0,310
2022-04-04 18:25:00,392.27,392.27,392.27,392.27,110
2022-04-04 18:35:00,391.7,391.7,391.5,391.5,1426
2022-04-04 18:45:00,391.98,391.98,391.98,391.98,111
2022-04-04 19:40:00,391.5,391.5,391.49,391.49,2112
2022-04-04 19:45:00,391.35,391.35,391.31,391.31,240
2022-04-05 04:45:00,393.5,393.5,393.5,393.5,100
2022-04-05 04:50:00,393.0,393.0,393.0,393.0,100
2022-04-05 06:10:00,391.0,391.0,391.0,391.0,100
2022-04-05 06:20:00,391.0,391.0,391.0,391.0,252
2022-04-05 06:55:00,390.16,390.16,389.55,389.55,220
2022-04-05 07:10:00,389.92,389.92,389.91,389.91,1050
2022-04-05 08:00:00,390.0,394.14,389.91,389.91,1597
2022-04-05 08:05:00,390.0,390.0,390.0,390.0,100
2022-04-05 08:20:00,390.0,390.0,390.0,390.0,300
2022-04-05 08:35:00,390.5,390.5,390.5,390.5,150
2022-04-05 08:40:00,390.5,390.5,390.5,390.5,100
2022-04-05 08:45:00,390.5,390.5,390.5,390.5,324
2022-04-05 09:05:00,390.0,390.0,390.0,390.0,100
2022-04-05 09:10:00,390.03,390.03,390.03,390.03,300
2022-04-05 09:15:00,390.5,390.5,390.5,390.5,120
2022-04-05 09:25:00,390.3,390.3,389.5,389.5,200
2022-04-05 09:30:00,389.3,390.0,385.52,387.2,139970
2022-04-05 09:35:00,387.33,389.0383,386.0,386.71,62176
2022-04-05 09:40:00,386.89,387.23,384.15,386.97,69151
2022-04-05 09:45:00,386.93,389.21,386.88,388.59,38139
2022-04-05 09:50:00,388.48,388.93,384.88,384.95,26103
2022-04-05 09:55:00,385.1277,387.505,385.1277,387.46,21591
2022-04-05 10:00:00,387.48,388.92,386.215,387.965,28303
2022-04-05 10:05:00,387.85,387.85,383.25,383.395,67069
2022-04-05 10:10:00,383.32,384.375,383.32,383.88,36581
2022-04-05 10:15:00,383.78,384.0,382.1938,383.3,41259
2022-04-05 10:20:00,383.15,383.49,382.655,383.17,25716
2022-04-05 10:25:00,383.04,384.23,382.59,384.14,28436
2022-04-05 10:30:00,383.99,384.56,383.6,384.48,36576
2022-04-05 10:35:00,384.47,385.34,382.94,383.07,19897
2022-04-05 10:40:00,382.98,383.35,382.5,383.075,18678
2022-04-05 10:45:00,383.1,384.379,383.1,384.09,18993
2022-04-05 10:50:00,384.17,385.325,383.95,385.21,17824
2022-04-05 10:55:00,385.1,385.208,383.785,383.86,14121
2022-04-05 11:00:00,383.94,384.4,383.02,383.48,17843
2022-04-05 11:05:00,383.6899,384.34,383.0,383.14,22986
2022-04-05 11:10:00,383.125,383.25,382.0,382.7,71850
2022-04-05 11:15:00,382.795,383.14,381.47,381.6,27999
2022-04-05 11:20:00,381.74,382.19,380.7708,380.875,38653
2022-04-05 11:25:00,380.88,381.94,380.88,381.22,23073
2022-04-05 11:30:00,381.08,381.9135,380.82,381.77,25426
2022-04-05 11:35:00,381.78,381.78,379.78,379.95,31924
2022-04-05 11:40:00,379.92,380.85,379.92,380.64,22883
2022-04-05 11:45:00,380.485,380.78,380.07,380.4,21309
2022-04-05 11:50:00,380.32,381.0396,380.197,380.405,22030
2022-04-05 11:55:00,380.52,380.88,380.0,380.4,23097
2022-04-05 12:00:00,380.39,380.72,379.67,379.79,42025
2022-04-05 12:05:00,379.779,380.24,379.61,379.9046,24083
2022-04-05 12:10:00,379.865,380.04,379.17,379.2162,19187
2022-04-05 12:15:00,379.03,379.1468,377.41,377.565,34160
2022-04-05 12:20:00,377.41,378.0421,377.3901,377.91,30763
2022-04-05 12:25:00,377.91,377.91,377.34,377.77,16931
2022-04-05 12:30:00,377.71,377.9,377.305,377.78,20663
2022-04-05 12:35:00,377.71,378.65,377.4326,378.56,21257
2022-04-05 12:40:00,378.38,378.8682,378.13,378.13,14193
2022-04-05 12:45:00,378.2,378.93,377.965,378.93,17160
2022-04-05 12:50:00,378.845,379.8929,378.845,378.9302,22711
2022-04-05 12:55:00,379.0206,380.01,379.0206,379.6378,12795
2022-04-05 13:00:00,379.69,379.9599,379.3818,379.73,11720
2022-04-05 13:05:00,379.745,380.75,379.395,380.5929,25835
2022-04-05 13:10:00,380.74,381.84,380.41,381.7,40409
2022-04-05 13:15:00,381.655,381.825,381.0,381.145,26135
2022-04-05 13:20:00,381.201,381.64,380.89,381.39,15436
2022-04-05 13:25:00,381.365,381.59,380.8401,381.125,11094
2022-04-05 13:30:00,381.11,381.14,379.93,379.93,20428
2022-04-05 13:35:00,379.6613,379.89,379.12,379.52,10184
2022-04-05 13:40:00,379.4,379.69,378.92,379.0222,18251
2022-04-05 13:45:00,379.085,379.085,378.35,378.62,23723
2022-04-05 13:50:00,378.415,379.3,378.395,379.13,19972
2022-04-05 13:55:00,379.13,379.43,379.11,379.412,8294
2022-04-05 14:00:00,379.36,379.675,378.77,379.16,14897
2022-04-05 14:05:00,379.16,379.5274,378.77,379.175,9905
2022-04-05 14:10:00,379.17,379.75,379.17,379.715,7661
2022-04-05 14:15:00,379.64,380.54,379.475,380.27,24871
2022-04-05 14:20:00,380.235,380.56,379.65,380.055,12546
2022-04-05 14:25:00,379.95,380.255,379.84,379.94,6376
2022-04-05 14:30:00,379.945,380.17,379.71,380.0,11952
2022-04-05 14:35:00,380.23,380.96,379.42,379.5877,26705
2022-04-05 14:40:00,379.3,379.985,379.13,379.8768,41203
2022-04-05 14:45:00,379.77,379.93,379.26,379.4658,26266
2022-04-05 14:50:00,379.54,379.63,378.84,378.855,16505
2022-04-05 14:55:00,378.91,378.9726,377.86,378.14,47120
2022-04-05 15:00:00,378.025,378.98,377.9804,378.0,19153
2022-04-05 15:05:00,378.105,378.3477,377.935,378.21,12437
2022-04-05 15:10:00,378.23,378.29,377.5,377.685,15349
2022-04-05 15:15:00,377.585,377.92,377.31,377.87,23037
2022-04-05 15:20:00,377.69,378.64,377.66,378.5416,15616
2022-04-05 15:25:00,378.61,378.61,378.0,378.13,24149
2022-04-05 15:30:00,378.01,378.02,377.335,377.5985,21363
2022-04-05 15:35:00,377.59,378.405,377.38,378.03,21244
2022-04-05 15:40:00,378.07,378.5052,378.015,378.41,32490
2022-04-05 15:45:00,378.5,378.685,378.02,378.475,37370
2022-04-05 15:50:00,378.38,379.715,377.98,379.59,69667
2022-04-05 15:55:00,379.695,380.41,379.67,380.24,101164
2022-04-05 16:00:00,380.15,380.27,380.15,380.15,305250
2022-04-05 16:05:00,380.15,380.502,380.15,380.502,6901
2022-04-05 16:10:00,380.15,381.0,380.15,381.0,2049
2022-04-05 16:20:00,380.95,380.95,380.95,380.95,125
2022-04-05 16:35:00,380.5,380.5,380.17,380.17,236
2022-04-05 16:40:00,380.15,380.15,380.15,380.15,5342
2022-04-05 16:55:00,380.94,380.95,380.94,380.95,200
2022-04-05 17:00:00,381.15,381.15,381.15,381.15,190
2022-04-05 17:05:00,381.9248,381.9248,381.9248,381.9248,100
2022-04-05 17:20:00,380.9457,380.9457,380.94,380.94,394
2022-04-05 17:45:00,381.0,381.0,381.0,381.0,100
2022-04-05 17:50:00,381.3,381.3,380.8,380.8,542
2022-04-05 18:15:00,380.16,380.26,380.16,380.26,237
2022-04-05 18:55:00,380.3,380.3,380.3,380.3,198
2022-04-05 19:50:00,380.15,380.15,380.15,380.15,757
2022-04-06 04:00:00,377.3,377.3,377.3,377.3,150
2022-04-06 04:15:00,375.61,375.61,375.5,375.5,200
2022-04-06 04:20:00,376.2,376.2,376.2,376.2,100
2022-04-06 06:15:00,376.2,376.2,376.2,376.2,271
2022-04-06 06:35:00,376.2,376.2,376.2,376.2,521
2022-04-06 06:40:00,375.95,375.95,375.95,375.95,100
2022-04-06 06:50:00,375.54,375.54,375.54,375.54,200
2022-04-06 07:00:00,376.0,376.0,376.0,376.0,101
2022-04-06 07:05:00,376.5,377.14,376.2,376.2,1364
2022-04-06 07:25:00,375.0,375.0,375.0,375.0,271
2022-04-06 07:30:00,375.0,375.0,374.89,374.89,327
2022-04-06 07:35:00,375.0,375.0,375.0,375.0,101
2022-04-06 07:45:00,374.77,374.77,374.77,374.77,200
2022-04-06 07:55:00,374.2,374.2,373.01,373.01,802
2022-04-06 08:00:00,375.0,375.0,375.0,375.0,750
2022-04-06 08:05:00,373.14,373.14,373.0,373.0,800
2022-04-06 08:10:00,373.2,373.2,373.2,373.2,100
2022-04-06 08:15:00,373.44,373.44,372.8764,372.8764,700
2022-04-06 08:20:00,373.38,373.41,373.38,373.41,400
2022-04-06 08:35:00,373.49,373.49,373.49,373.49,392
2022-04-06 08:45:00,374.31,374.31,374.3,374.3,200
2022-04-06 08:50:00,374.0,374.0,374.0,374.0,300
2022-04-06 09:05:00,374.66,375.53,374.66,375.53,306
2022-04-06 09:20:00,376.97,376.97,374.69,374.69,1670
2022-04-06 09:25:00,374.66,374.66,374.15,374.32,1190
2022-04-06 09:30:00,374.01,376.4699,372.8,373.57,81325
2022-04-06 09:35:00,374.01,374.22,371.64,372.73,44815
2022-04-06 09:40:00,372.4466,372.98,370.82,370.82,57322
2022-04-06 09:45:00,370.87,371.07,368.5,368.84,51166
2022-04-06 09:50:00,368.8625,369.66,367.725,368.82,33013
2022-04-06 09:55:00,368.7,369.24,367.5704,367.5704,25742
2022-04-06 10:00:00,367.742,367.742,364.65,365.84,78644
2022-04-06 10:05:00,365.95,366.87,365.2214,365.45,25632
2022-04-06 10:10:00,365.44,365.89,364.59,365.64,40228
2022-04-06 10:15:00,365.65,365.96,364.4,364.685,52988
2022-04-06 10:20:00,364.74,365.2275,363.96,363.96,29884
2022-04-06 10:25:00,363.98,364.85,362.89,364.85,49292
2022-04-06 10:30:00,364.57,366.64,364.43,366.0937,39211
2022-04-06 10:35:00,366.24,366.94,366.17,366.49,19586
2022-04-06 10:40:00,366.31,368.1293,365.6,367.9666,27424
2022-04-06 10:45:00,367.81,368.18,366.3184,366.94,21771
2022-04-06 10:50:00,367.1322,367.26,366.3482,366.82,55891
2022-04-06 10:55:00,366.977,367.69,366.75,366.81,17584
2022-04-06 11:00:00,366.66,366.8601,365.57,366.11,15525
2022-04-06 11:05:00,366.19,366.3021,365.46,365.79,17209
2022-04-06 11:10:00,365.92,367.2058,365.92,366.52,29707
2022-04-06 11:15:00,366.6451,367.05,365.75,365.77,13262
2022-04-06 11:20:00,365.75,367.69,365.6321,366.676,14330
2022-04-06 11:25:00,366.72,367.29,366.5,366.79,11619
2022-04-06 11:30:00,366.73,366.93,365.56,365.6,23470
2022-04-06 11:35:00,365.545,365.605,364.83,365.24,39435
2022-04-06 11:40:00,365.34,365.83,365.0414,365.33,24311
2022-04-06 11:45:00,365.4,365.88,364.63,365.52,20021
2022-04-06 11:50:00,365.48,366.05,365.425,366.05,18275
2022-04-06 11:55:00,365.9,366.17,365.0292,365.085,16054
2022-04-06 12:00:00,365.17,365.875,365.0,365.12,17873
2022-04-06 12:05:00,365.215,365.73,365.21,365.53,15030
2022-04-06 12:10:00,365.45,365.45,364.62,364.62,12164
2022-04-06 12:15:00,364.695,365.55,364.52,365.47,12284
2022-04-06 12:20:00,365.49,365.52,364.2,364.525,23796
2022-04-06 12:25:00,364.4587,364.65,364.18,364.43,14928
2022-04-06 12:30:00,364.3405,364.955,363.61,364.04,17198
2022-04-06 12:35:00,363.9399,364.16,363.22,363.43,21683
2022-04-06 12:40:00,363.4259,363.88,362.89,363.42,13504
2022-04-06 12:45:00,363.31,363.98,362.73,363.625,17932
2022-04-06 12:50:00,363.49,363.64,363.1,363.38,14718
2022-04-06 12:55:00,363.43,363.73,363.29,363.62,13411
2022-04-06 13:00:00,363.56,364.02,363.44,363.52,13512
2022-04-06 13:05:00,363.49,363.66,363.04,363.575,23651
2022-04-06 13:10:00,363.56,364.39,363.4813,364.17,18601
2022-04-06 13:15:00,364.08,365.275,363.96,365.16,14693
2022-04-06 13:20:00,365.16,366.07,365.1,365.64,13776
2022-04-06 13:25:00,365.74,365.92,365.31,365.8,9983
2022-04-06 13:30:00,365.89,366.34,365.05,365.93,8871
2022-04-06 13:35:00,366.02,366.29,365.29,366.1308,13050
2022-04-06 13:40:00,366.21,367.2597,365.865,366.76,29864
2022-04-06 13:45:00,366.7,368.165,366.7,368.04,28664
2022-04-06 13:50:00,367.9668,368.015,367.385,367.74,14675
2022-04-06 13:55:00,367.7,367.76,366.06,366.195,39779
2022-04-06 14:00:00,366.205,369.67,365.63,367.92,40763
2022-04-06 14:05:00,368.13,368.14,365.17,365.39,23771
2022-04-06 14:10:00,365.26,365.6589,363.82,364.13,21965
2022-04-06 14:15:00,363.89,363.97,362.95,363.09,21200
2022-04-06 14:20:00,363.56,364.48,362.95,363.94,21555
2022-04-06 14:25:00,363.965,365.47,363.86,364.75,33747
2022-04-06 14:30:00,365.175,368.34,364.6387,368.21,25319
2022-04-06 14:35:00,368.2554,369.025,366.74,367.14,20790
2022-04-06 14:40:00,367.095,368.3956,366.55,368.03,23646
2022-04-06 14:45:00,367.805,368.61,367.21,367.2593,42440
2022-04-06 14:50:00,367.85,369.33,367.56,369.17,21727
2022-04-06 14:55:00,369.25,370.8,369.1707,370.61,27622
2022-04-06 15:00:00,370.74,373.0,370.72,372.1739,32569
2022-04-06 15:05:00,372.0,372.0,370.23,370.34,27554
2022-04-06 15:10:00,370.58,371.79,369.857,371.597,18290
2022-04-06 15:15:00,371.69,372.277,369.435,369.4799,27112
2022-04-06 15:20:00,369.33,369.33,367.6892,368.125,23666
2022-04-06 15:25:00,368.21,368.22,366.9,367.23,28519
2022-04-06 15:30:00,367.11,367.71,366.43,366.82,27647
2022-04-06 15:35:00,366.93,368.92,366.74,368.8613,29357
2022-04-06 15:40:00,368.7912,369.11,368.06,368.8511,37573
2022-04-06 15:45:00,368.82,370.98,368.6848,370.255,38353
2022-04-06 15:50:00,370.41,370.69,368.61,368.7459,44149
2022-04-06 15:55:00,368.81,369.83,368.08,368.14,145478
2022-04-06 16:00:00,368.35,368.35,368.0,368.35,350858
2022-04-06 16:05:00,368.0,368.35,368.0,368.35,2063
2022-04-06 16:10:00,368.35,368.35,368.35,368.35,255
2022-04-06 16:15:00,368.01,368.01,367.013,367.013,438
2022-04-06 16:20:00,367.6,368.35,367.5,368.35,2653
2022-04-06 16:40:00,367.11,367.11,367.11,367.11,125
2022-04-06 17:05:00,368.35,368.35,368.35,368.35,241
2022-04-06 17:10:00,367.75,367.75,367.5,367.5,539
2022-04-06 17:15:00,367.75,367.75,367.75,367.75,242
2022-04-06 17:25:00,367.73,367.75,367.73,367.75,757
2022-04-06 17:30:00,367.75,367.75,367.75,367.75,565
2022-04-06 17:40:00,367.68,367.68,367.0108,367.0108,413
2022-04-06 18:05:00,367.75,367.75,367.75,367.75,1021
2022-04-06 18:10:00,367.75,367.75,367.75,367.75,1300
2022-04-06 18:40:00,368.28,368.28,368.28,368.28,1000
2022-04-06 19:00:00,368.28,368.28,368.28,368.28,500
2022-04-06 19:15:00,368.26,368.26,368.26,368.26,100
2022-04-06 19:45:00,366.01,366.01,366.0,366.0,918
2022-04-06 19:50:00,366.05,366.05,366.05,366.05,100
2022-04-06 19:55:00,366.05,366.05,366.05,366.05,300
2022-04-07 05:05:00,370.0,370.0,370.0,370.0,100
2022-04-07 05:40:00,369.95,371.16,369.95,371.16,740
2022-04-07 05:55:00,370.79,370.79,370.79,370.79,310
2022-04-07 07:00:00,371.39,371.5,371.39,371.5,475
2022-04-07 07:05:00,370.0,370.0,370.0,370.0,100
2022-04-07 07:25:00,369.97,370.0,369.97,370.0,498
2022-04-07 07:30:00,369.5,369.5,369.25,369.25,200
2022-04-07 07:40:00,369.02,369.02,369.02,369.02,100
2022-04-07 07:50:00,368.66,368.66,368.5,368.5,323
2022-04-07 08:00:00,371.5,371.5,367.5,367.5,1350
2022-04-07 08:05:00,367.49,367.49,364.0,364.98,1229
2022-04-07 08:10:00,365.0,365.0,363.0,364.1,1210
2022-04-07 08:15:00,363.99,363.99,362.0,362.16,700
2022-04-07 08:20:00,361.26,361.99,361.11,361.11,1380
2022-04-07 08:25:00,360.5,361.99,360.5,361.99,1200
2022-04-07 08:30:00,360.54,361.5,360.54,361.5,971
2022-04-07 08:35:00,361.49,362.6664,360.99,362.6664,2595
2022-04-07 08:45:00,362.49,363.0,362.44,363.0,1485
2022-04-07 08:50:00,363.5001,364.11,362.35,362.35,3255
2022-04-07 08:55:00,361.62,362.25,361.62,362.25,246
2022-04-07 09:00:00,361.2,361.2,361.15,361.2,7813
2022-04-07 09:05:00,361.15,362.0,361.0,361.93,4732
2022-04-07 09:10:00,361.32,361.32,361.2,361.2,434
2022-04-07 09:15:00,361.3,362.0,361.3,362.0,2200
2022-04-07 09:20:00,363.5366,363.5366,362.98,362.98,300
2022-04-07 09:25:00,362.8,364.99,362.79,364.99,1315
2022-04-07 09:30:00,365.0,368.22,363.58,367.985,122546
2022-04-07 09:35:00,368.35,368.54,366.1313,366.59,53451
2022-04-07 09:40:00,366.1,367.7699,364.1401,365.16,74816
2022-04-07 09:45:00,365.31,365.875,362.16,363.28,82204
2022-04-07 09:50:00,362.96,365.9873,362.78,365.63,58678
2022-04-07 09:55:00,365.83,366.7191,364.67,365.6,26199
2022-04-07 10:00:00,365.57,367.26,364.31,364.9001,30414
2022-04-07 10:05:00,365.25,365.61,361.74,362.15,43844
2022-04-07 10:10:00,362.19,364.27,361.81,363.0253,33322
2022-04-07 10:15:00,363.24,363.35,361.81,363.08,20911
2022-04-07 10:20:00,362.8739,362.8739,360.85,361.18,39053
2022-04-07 10:25:00,361.34,363.75,361.34,362.8999,31929
2022-04-07 10:30:00,362.81,363.31,362.145,363.31,24063
2022-04-07 10:35:00,363.57,364.6,362.31,362.54,17641
2022-04-07 10:40:00,362.35,362.385,361.0,361.1584,37462
2022-04-07 10:45:00,361.29,361.5492,360.25,360.9,40394
2022-04-07 10:50:00,360.99,362.67,360.98,362.67,33103
2022-04-07 10:55:00,362.575,362.67,361.545,362.08,10506
2022-04-07 11:00:00,362.56,362.97,361.73,362.255,14968
2022-04-07 11:05:00,361.975,362.255,361.04,361.175,17134
2022-04-07 11:10:00,361.38,361.38,359.26,360.0,97605
2022-04-07 11:15:00,360.01,360.05,359.41,359.715,18164
2022-04-07 11:20:00,359.51,360.385,359.51,360.23,12150
2022-04-07 11:25:00,360.185,360.73,359.605,359.99,38681
2022-04-07 11:30:00,359.8501,360.2899,358.99,359.245,46794
2022-04-07 11:35:00,359.31,360.0,359.07,359.07,12532
2022-04-07 11:40:00,359.03,359.65,358.65,359.12,16818
2022-04-07 11:45:00,359.04,359.9799,358.89,358.89,33318
2022-04-07 11:50:00,358.88,359.025,356.81,356.81,58619
2022-04-07 11:55:00,356.81,357.3079,356.43,356.92,32635
2022-04-07 12:00:00,356.68,357.17,356.6075,356.7241,17351
2022-04-07 12:05:00,356.79,357.49,356.37,357.17,19592
2022-04-07 12:10:00,357.18,357.86,356.78,357.02,29373
2022-04-07 12:15:00,357.2,357.21,356.38,356.44,24505
2022-04-07 12:20:00,356.39,357.58,356.22,356.49,16276
2022-04-07 12:25:00,356.4599,357.13,356.12,357.09,39902
2022-04-07 12:30:00,356.92,356.995,356.0,356.18,24662
2022-04-07 12:35:00,356.13,356.6,355.6,355.6,18037
2022-04-07 12:40:00,355.53,355.8097,354.57,354.6999,46435
2022-04-07 12:45:00,354.64,355.07,353.78,353.78,33518
2022-04-07 12:50:00,353.74,354.69,353.6897,354.33,27831
2022-04-07 12:55:00,354.26,355.02,354.18,354.66,34507
2022-04-07 13:00:00,354.63,356.9025,354.6,356.315,36357
2022-04-07 13:05:00,356.1,356.65,355.83,356.12,14115
2022-04-07 13:10:00,356.1,357.46,355.97,357.11,15610
2022-04-07 13:15:00,357.02,357.77,356.8,357.3,31219
2022-04-07 13:20:00,357.36,358.21,357.36,357.57,28665
2022-04-07 13:25:00,357.78,359.29,357.695,358.955,33975
2022-04-07 13:30:00,358.9901,359.87,358.8501,359.125,29767
2022-04-07 13:35:00,359.145,359.845,358.7214,358.7214,23132
2022-04-07 13:40:00,359.01,359.7599,359.0,359.0,24088
2022-04-07 13:45:00,359.05,360.265,358.5301,358.63,45566
2022-04-07 13:50:00,358.7,359.01,358.365,358.6535,18248
2022-04-07 13:55:00,358.52,361.49,358.52,361.46,27684
2022-04-07 14:00:00,361.49,361.9544,360.8,361.02,28562
2022-04-07 14:05:00,360.86,361.36,360.1,360.92,26596
2022-04-07 14:10:00,360.94,360.94,359.88,360.4,21850
2022-04-07 14:15:00,360.4,360.4,359.0,359.0,12547
2022-04-07 14:20:00,359.0886,359.7097,359.0886,359.67,9386
2022-04-07 14:25:00,359.65,361.52,359.4,359.6,27598
2022-04-07 14:30:00,359.38,360.2549,359.18,359.61,17382
2022-04-07 14:35:00,359.79,359.87,359.2301,359.775,8738
2022-04-07 14:40:00,359.61,360.03,358.83,359.78,19913
2022-04-07 14:45:00,359.65,360.57,359.2023,360.32,17888
2022-04-07 14:50:00,360.03,361.605,359.93,361.445,28358
2022-04-07 14:55:00,361.385,362.95,361.385,362.685,32623
2022-04-07 15:00:00,362.38,364.38,362.3,363.89,42212
2022-04-07 15:05:00,363.81,364.8042,363.63,364.44,30030
2022-04-07 15:10:00,364.395,365.39,364.3224,365.135,39585
2022-04-07 15:15:00,365.1,365.5,363.6,363.91,45167
2022-04-07 15:20:00,363.8099,363.82,362.8,363.1001,58466
2022-04-07 15:25:00,363.18,363.8,362.55,362.635,21657
2022-04-07 15:30:00,362.66,363.54,362.555,363.53,24649
2022-04-07 15:35:00,363.505,364.33,363.4,363.995,30760
2022-04-07 15:40:00,363.995,364.5,363.61,363.97,61271
2022-04-07 15:45:00,363.94,364.9,363.465,363.49,33627
2022-04-07 15:50:00,363.45,364.17,362.535,362.82,53140
2022-04-07 15:55:00,362.85,362.94,361.95,362.15,194633
2022-04-07 16:00:00,362.15,362.15,359.13,362.15,349986
2022-04-07 16:05:00,362.15,362.15,362.15,362.15,1263
2022-04-07 16:15:00,362.0713,362.0713,362.0713,362.0713,199
2022-04-07 16:20:00,362.15,362.15,362.15,362.15,3917
2022-04-07 16:35:00,361.8,361.8,361.8,361.8,123
2022-04-07 16:45:00,362.8,362.8,362.8,362.8,200
2022-04-07 16:50:00,361.8,361.8,361.8,361.8,500
2022-04-07 17:15:00,361.8,361.8,361.8,361.8,101
2022-04-07 17:30:00,362.0,362.0,362.0,362.0,150
2022-04-07 17:40:00,363.0,363.0,363.0,363.0,200
2022-04-07 18:05:00,362.11,362.11,362.11,362.11,100
2022-04-07 18:30:00,362.5,362.5,362.5,362.5,148
2022-04-07 19:10:00,362.26,362.26,362.26,362.26,298
2022-04-07 19:20:00,363.0,363.0,363.0,363.0,212
2022-04-07 19:35:00,363.85,363.85,363.85,363.85,100
2022-04-07 19:45:00,363.07,363.07,363.07,363.07,100
2022-04-08 04:55:00,364.36,364.36,364.36,364.36,100
2022-04-08 05:25:00,364.37,364.37,364.37,364.37,100
2022-04-08 07:15:00,364.1,364.1,364.0,364.0,1329
2022-04-08 07:30:00,364.0,364.0,364.0,364.0,100
2022-04-08 07:55:00,364.0,364.0,364.0,364.0,390
2022-04-08 08:00:00,364.29,364.7,364.0,364.7,1600
2022-04-08 08:20:00,363.3,363.3,363.02,363.02,519
2022-04-08 08:25:00,363.44,363.45,363.44,363.45,200
2022-04-08 08:35:00,363.01,363.03,363.01,363.03,265
2022-04-08 08:40:00,363.01,363.01,362.76,362.76,3870
2022-04-08 08:45:00,362.25,362.25,362.25,362.25,100
2022-04-08 08:50:00,361.22,361.32,361.22,361.3009,1436
2022-04-08 09:00:00,361.61,361.61,361.22,361.22,1666
2022-04-08 09:05:00,361.22,361.22,361.22,361.22,1500
2022-04-08 09:10:00,361.0,361.0,361.0,361.0,100
2022-04-08 09:15:00,361.0,362.8224,361.0,362.8224,450
2022-04-08 09:20:00,361.85,361.85,361.85,361.85,113
2022-04-08 09:25:00,362.0,362.79,362.0,362.79,233
2022-04-08 09:30:00,362.38,362.38,357.68,359.59,115249
2022-04-08 09:35:00,359.5309,359.71,357.97,359.14,23296
2022-04-08 09:40:00,359.02,359.4079,357.31,358.77,46734
2022-04-08 09:45:00,358.75,360.71,358.05,360.1659,37192
2022-04-08 09:50:00,360.0,360.0,357.5,357.7501,13581
2022-04-08 09:55:00,357.98,358.0499,357.05,357.535,21810
2022-04-08 10:00:00,357.445,358.432,357.38,358.0396,19962
2022-04-08 10:05:00,358.005,360.1407,357.55,359.53,18452
2022-04-08 10:10:00,359.4,359.4,357.4072,359.29,13318
2022-04-08 10:15:00,359.2218,359.44,358.0,359.38,14268
2022-04-08 10:20:00,359.115,361.29,358.93,360.89,20386
2022-04-08 10:25:00,361.1209,362.5,360.57,362.1,24440
2022-04-08 10:30:00,362.28,362.35,360.78,360.81,24033
2022-04-08 10:35:00,360.81,361.07,359.5,360.0901,25995
2022-04-08 10:40:00,360.13,360.42,358.5,358.57,19186
2022-04-08 10:45:00,358.57,358.975,356.68,357.08,42837
2022-04-08 10:50:00,357.0937,359.38,357.03,358.66,22108
2022-04-08 10:55:00,358.74,359.49,358.6155,359.49,13450
2022-04-08 11:00:00,359.46,360.19,358.8457,359.05,15362
2022-04-08 11:05:00,359.14,359.19,357.95,358.765,16681
2022-04-08 11:10:00,358.6,360.06,358.6,358.9,18439
2022-04-08 11:15:00,359.15,359.15,357.93,358.13,25723
2022-04-08 11:20:00,358.0,358.18,356.9,356.965,17902
2022-04-08 11:25:00,357.11,358.19,357.105,358.0942,33727
2022-04-08 11:30:00,358.0728,358.84,357.8,358.14,28038
2022-04-08 11:35:00,358.11,358.62,357.0,358.285,38029
2022-04-08 11:40:00,358.3,359.6,358.195,359.51,22073
2022-04-08 11:45:00,359.5,361.0075,359.1349,360.37,17376
2022-04-08 11:50:00,360.21,361.12,360.21,360.55,22343
2022-04-08 11:55:00,360.26,360.95,360.1,360.7,11551
2022-04-08 12:00:00,360.6028,361.11,360.02,360.75,17959
2022-04-08 12:05:00,360.6132,360.695,359.7801,360.1611,17433
2022-04-08 12:10:00,360.33,360.78,359.52,359.93,16377
2022-04-08 12:15:00,360.065,361.4,359.63,361.05,18407
2022-04-08 12:20:00,361.1186,362.0,361.02,361.29,21883
2022-04-08 12:25:00,361.27,361.6854,360.84,360.88,20264
2022-04-08 12:30:00,360.72,360.72,359.78,359.78,8434
2022-04-08 12:35:00,360.23,360.6399,359.76,360.6399,8838
2022-04-08 12:40:00,360.49,360.59,359.69,359.7646,18333
2022-04-08 12:45:00,359.6,360.095,359.12,359.2,8228
2022-04-08 12:50:00,359.11,359.7899,358.85,359.5,16697
2022-04-08 12:55:00,359.35,359.54,359.0,359.0,9975
2022-04-08 13:00:00,359.0272,359.105,358.085,358.4057,18155
2022-04-08 13:05:00,358.46,358.76,357.9,358.55,8320
2022-04-08 13:10:00,358.62,358.62,357.77,357.9,9346
2022-04-08 13:15:00,357.91,358.2632,357.8,358.01,30047
2022-04-08 13:20:00,357.95,358.2004,357.66,357.66,7893
2022-04-08 13:25:00,357.67,357.67,356.8649,357.1,49418
2022-04-08 13:30:00,357.07,357.2,356.5,357.07,36664
2022-04-08 13:35:00,357.07,357.3999,356.75,356.96,24159
2022-04-08 13:40:00,357.03,357.33,356.63,357.06,33312
2022-04-08 13:45:00,357.275,357.41,356.57,356.57,23379
2022-04-08 13:50:00,356.5,357.53,356.5,356.86,20138
2022-04-08 13:55:00,356.68,357.22,356.5,357.005,11146
2022-04-08 14:00:00,356.89,357.58,356.35,356.825,24770
2022-04-08 14:05:00,356.9,357.5,356.63,357.31,12243
2022-04-08 14:10:00,357.41,357.83,357.2,357.4396,27820
2022-04-08 14:15:00,357.56,357.67,357.1,357.5326,16482
2022-04-08 14:20:00,357.5691,358.36,357.075,357.165,47551
2022-04-08 14:25:00,357.135,357.135,355.51,356.0199,64500
2022-04-08 14:30:00,355.8687,356.03,355.1286,355.3,27784
2022-04-08 14:35:00,355.25,355.85,354.865,355.6292,46324
2022-04-08 14:40:00,355.41,355.85,355.0,355.0978,18576
2022-04-08 14:45:00,355.24,356.16,355.0128,356.16,18961
2022-04-08 14:50:00,356.21,356.96,355.91,356.21,21355
2022-04-08 14:55:00,356.21,356.21,355.43,355.8562,36608
2022-04-08 15:00:00,355.72,356.36,355.32,356.0,28562
2022-04-08 15:05:00,356.0013,356.35,355.38,355.61,14707
2022-04-08 15:10:00,355.575,357.6,355.34,357.3407,39904
2022-04-08 15:15:00,357.25,358.1399,357.0,357.18,34690
2022-04-08 15:20:00,357.145,357.39,356.4829,357.19,17988
2022-04-08 15:25:00,357.03,357.4535,356.9,357.11,10991
2022-04-08 15:30:00,357.25,357.57,356.41,356.595,20413
2022-04-08 15:35:00,356.52,356.67,355.81,355.83,25169
2022-04-08 15:40:00,355.83,356.4299,355.62,356.4074,29593
2022-04-08 15:45:00,356.36,356.69,355.77,355.91,34224
2022-04-08 15:50:00,355.925,356.35,355.41,355.71,46799
2022-04-08 15:55:00,355.71,356.1,355.32,355.69,157795
2022-04-08 16:00:00,355.88,355.88,355.302,355.88,453419
2022-04-08 16:05:00,355.88,355.91,355.86,355.88,1122
2022-04-08 16:10:00,355.88,355.88,355.42,355.42,1373
2022-04-08 16:20:00,355.88,355.88,355.88,355.88,3224
2022-04-08 16:35:00,355.8,355.8,355.8,355.8,698
2022-04-08 16:45:00,355.67,355.67,355.67,355.67,100
2022-04-08 16:55:00,355.4056,355.4056,355.4056,355.4056,100
2022-04-08 17:00:00,355.68,355.68,355.68,355.68,100
2022-04-08 17:10:00,355.53,355.53,355.0,355.0,2506
2022-04-08 17:15:00,355.0,355.0,355.0,355.0,409
2022-04-08 18:15:00,355.0,355.0,355.0,355.0,139
2022-04-08 18:25:00,355.0,355.0,355.0,355.0,153
2022-04-08 18:55:00,354.81,354.81,354.5,354.5,828
2022-04-08 19:05:00,354.35,354.35,354.35,354.35,1000
2022-04-08 19:20:00,354.78,354.78,354.78,354.78,269
2022-04-11 04:15:00,352.2,352.2,352.2,352.2,100
2022-04-11 05:05:00,352.28,352.64,352.28,352.64,208
2022-04-11 05:25:00,353.0,353.0,353.0,353.0,100
2022-04-11 06:10:00,352.0,352.0,352.0,352.0,300
2022-04-11 06:20:00,353.0,353.0,353.0,353.0,906
2022-04-11 06:55:00,353.0,353.0,353.0,353.0,100
2022-04-11 07:00:00,352.0,352.15,352.0,352.15,901
2022-04-11 07:10:00,352.79,352.79,352.79,352.79,100
2022-04-11 07:25:00,352.7,352.9,352.7,352.9,600
2022-04-11 08:00:00,352.01,352.7,351.0767,351.0767,1150
2022-04-11 08:10:00,350.7,350.7,350.55,350.7,614
2022-04-11 08:15:00,350.1196,350.1196,350.1196,350.1196,400
2022-04-11 08:20:00,350.0,350.01,350.0,350.01,362
2022-04-11 08:25:00,350.29,350.29,350.29,350.29,100
2022-04-11 08:30:00,350.28,350.28,350.28,350.28,100
2022-04-11 08:35:00,350.49,350.49,350.49,350.49,856
2022-04-11 08:40:00,350.38,350.55,350.38,350.55,1490
2022-04-11 08:45:00,350.7,350.7,350.69,350.69,918
2022-04-11 08:50:00,350.52,350.52,350.0,350.0,763
2022-04-11 08:55:00,350.25,350.2503,350.25,350.2503,790
2022-04-11 09:00:00,350.7,350.7,350.7,350.7,300
2022-04-11 09:05:00,350.27,350.27,350.25,350.25,255
2022-04-11 09:10:00,350.25,350.3,349.4,350.0,1311
2022-04-11 09:20:00,350.6999,350.7,350.6999,350.7,1409
2022-04-11 09:25:00,350.1,350.1,349.78,349.78,200
2022-04-11 09:30:00,350.53,350.785,345.58,345.8513,136266
2022-04-11 09:35:00,345.6,349.14,345.2,347.14,45577
2022-04-11 09:40:00,347.31,351.6299,347.31,351.465,31566
2022-04-11 09:45:00,351.6701,353.0098,350.07,352.045,55656
2022-04-11 09:50:00,352.084,353.649,351.49,353.1434,19499
2022-04-11 09:55:00,353.34,353.5,351.9725,352.74,19993
2022-04-11 10:00:00,352.73,354.78,351.76,353.23,25721
2022-04-11 10:05:00,353.0,353.85,352.33,353.34,23929
2022-04-11 10:10:00,353.55,354.04,352.0685,352.62,25552
2022-04-11 10:15:00,352.9531,353.96,350.59,351.3508,22005
2022-04-11 10:20:00,351.26,351.995,351.14,351.41,11344
2022-04-11 10:25:00,351.76,352.02,349.7037,350.29,27296
2022-04-11 10:30:00,350.23,353.3619,350.2183,352.44,31992
2022-04-11 10:35:00,352.425,352.425,349.34,349.48,19226
2022-04-11 10:40:00,349.23,349.415,347.21,347.27,24229
2022-04-11 10:45:00,347.2801,347.48,346.5,346.5,25408
2022-04-11 10:50:00,346.33,347.305,346.11,347.195,27495
2022-04-11 10:55:00,347.1,347.46,345.78,346.22,25906
2022-04-11 11:00:00,346.08,347.1,345.5,346.58,26723
2022-04-11 11:05:00,346.43,346.76,345.36,346.605,22673
2022-04-11 11:10:00,346.505,347.8,346.505,346.835,36203
2022-04-11 11:15:00,346.7,348.0,346.7,347.51,12508
2022-04-11 11:20:00,347.295,348.28,347.27,347.62,13133
2022-04-11 11:25:00,347.68,348.48,347.585,348.19,17274
2022-04-11 11:30:00,348.24,349.68,348.24,349.1162,17596
2022-04-11 11:35:00,348.82,350.52,348.82,350.43,23121
2022-04-11 11:40:00,350.29,350.95,350.09,350.585,18335
2022-04-11 11:45:00,350.6,351.26,350.09,350.209,17461
2022-04-11 11:50:00,350.1744,350.91,349.44,350.556,20942
2022-04-11 11:55:00,350.645,350.785,350.1,350.24,19448
2022-04-11 12:00:00,349.8901,350.11,349.31,349.94,18544
2022-04-11 12:05:00,349.82,350.49,348.84,349.1,12202
2022-04-11 12:10:00,349.44,349.6,348.4251,348.705,19966
2022-04-11 12:15:00,348.58,349.1,348.55,349.03,23732
2022-04-11 12:20:00,349.065,349.35,348.64,348.76,14550
2022-04-11 12:25:00,348.78,348.93,348.42,348.78,9577
2022-04-11 12:30:00,348.71,349.058,348.54,348.94,10855
2022-04-11 12:35:00,349.03,349.67,348.845,349.45,8159
2022-04-11 12:40:00,349.28,349.6852,349.15,349.36,9703
2022-04-11 12:45:00,349.55,350.42,349.55,350.09,9196
2022-04-11 12:50:00,350.2522,350.535,349.91,350.1,10211
2022-04-11 12:55:00,350.5199,351.31,350.241,351.05,9706
2022-04-11 13:00:00,351.17,352.37,351.14,352.12,28208
2022-04-11 13:05:00,352.01,352.62,351.5,351.81,30056
2022-04-11 13:10:00,351.79,352.11,351.13,351.65,26488
2022-04-11 13:15:00,351.47,351.5,350.85,351.38,10068
2022-04-11 13:20:00,351.42,351.775,350.7254,351.07,12145
2022-04-11 13:25:00,351.205,351.64,350.81,351.25,11051
2022-04-11 13:30:00,351.2774,351.65,350.849,351.44,14741
2022-04-11 13:35:00,351.45,351.72,350.6,350.645,13672
2022-04-11 13:40:00,350.585,351.17,350.1,350.25,12693
2022-04-11 13:45:00,350.28,350.3,349.35,349.35,11004
2022-04-11 13:50:00,349.42,349.7168,349.2,349.59,7149
2022-04-11 13:55:00,349.59,350.2399,349.3228,350.19,8428
2022-04-11 14:00:00,350.18,350.3,349.53,350.3,8753
2022-04-11 14:05:00,350.31,351.24,349.78,350.8,34362
2022-04-11 14:10:00,350.64,350.79,349.675,349.685,10361
2022-04-11 14:15:00,349.63,349.76,349.323,349.52,5811
2022-04-11 14:20:00,349.4494,349.63,349.15,349.36,7193
2022-04-11 14:25:00,349.32,350.02,349.32,349.595,6719
2022-04-11 14:30:00,349.62,349.91,349.1119,349.7968,22356
2022-04-11 14:35:00,349.93,350.068,349.47,349.93,11320
2022-04-11 14:40:00,349.99,350.49,349.99,350.275,9929
2022-04-11 14:45:00,350.29,351.52,350.29,351.52,20030
2022-04-11 14:50:00,351.3104,351.68,351.0,351.105,14921
2022-04-11 14:55:00,351.07,351.47,350.7,351.03,15356
2022-04-11 15:00:00,351.09,351.83,350.45,350.55,20442
2022-04-11 15:05:00,350.56,350.92,350.405,350.55,8676
2022-04-11 15:10:00,350.66,351.03,350.34,350.46,13841
2022-04-11 15:15:00,350.34,351.215,350.17,350.89,18385
2022-04-11 15:20:00,350.97,351.16,350.49,350.775,19407
2022-04-11 15:25:00,350.62,350.63,349.982,350.2,14482
2022-04-11 15:30:00,350.23,350.61,349.51,349.51,19323
2022-04-11 15:35:00,349.58,349.91,349.18,349.6,17400
2022-04-11 15:40:00,349.635,350.17,349.28,349.42,27089
2022-04-11 15:45:00,349.44,350.055,349.15,349.735,30079
2022-04-11 15:50:00,349.67,349.71,348.0,348.09,66773
2022-04-11 15:55:00,348.06,348.83,347.89,348.0,167641
2022-04-11 16:00:00,348.0,348.0,348.0,348.0,354135
2022-04-11 16:05:00,348.0,348.0,348.0,348.0,1165
2022-04-11 16:10:00,348.3,348.3,348.0,348.0,953
2022-04-11 16:15:00,348.0,348.0,348.0,348.0,163
2022-04-11 16:25:00,347.88,347.88,347.88,347.88,100
2022-04-11 16:30:00,347.7,348.89,347.7,348.89,436
2022-04-11 16:50:00,348.0,348.0,348.0,348.0,2688
2022-04-11 17:05:00,348.15,348.15,348.15,348.15,145
2022-04-11 17:30:00,348.9,348.95,348.9,348.95,1732
2022-04-11 17:35:00,348.8,348.8,348.8,348.8,234
2022-04-11 17:40:00,348.6,348.6,348.6,348.6,616
2022-04-11 17:45:00,348.6,348.6,348.6,348.6,100
2022-04-11 17:55:00,348.6,348.6,348.6,348.6,200
2022-04-11 18:20:00,349.0,349.0,349.0,349.0,100
2022-04-11 18:45:00,349.28,349.8,349.28,349.8,719
2022-04-11 19:15:00,349.02,349.02,349.02,349.02,105
2022-04-11 19:25:00,348.72,348.72,348.6,348.6,362
2022-04-11 19:30:00,348.25,348.25,348.25,348.25,100
2022-04-11 19:35:00,348.25,348.6,348.25,348.6,440
2022-04-11 19:45:00,348.15,348.15,348.1,348.1,575
2022-04-12 04:40:00,348.0,348.0,348.0,348.0,100
2022-04-12 05:00:00,349.29,349.29,349.29,349.29,135
2022-04-12 05:05:00,348.75,348.75,348.75,348.75,129
2022-04-12 05:10:00,348.75,348.75,348.75,348.75,100
2022-04-12 06:50:00,349.63,349.63,349.63,349.63,100
2022-04-12 08:00:00,349.4999,350.8,348.25,349.25,3800
2022-04-12 08:05:00,350.5,350.5,350.5,350.5,446
2022-04-12 08:10:00,350.28,350.28,350.28,350.28,600
2022-04-12 08:30:00,351.3,352.7,351.3,352.7,1194
2022-04-12 08:35:00,354.0,354.0,354.0,354.0,100
2022-04-12 08:40:00,353.89,354.54,353.89,354.54,1980
2022-04-12 08:45:00,354.61,355.31,354.6,354.6,300
2022-04-12 08:50:00,354.98,355.32,354.98,355.32,4392
2022-04-12 08:55:00,355.87,356.51,355.87,356.29,1748
2022-04-12 09:00:00,356.51,356.7499,356.5,356.5,2630
2022-04-12 09:05:00,356.7,356.7,355.47,355.47,3048
2022-04-12 09:10:00,355.27,355.5,355.2,355.2,2049
2022-04-12 09:20:00,354.9,354.9,354.58,354.58,270
2022-04-12 09:25:00,355.26,355.26,355.26,355.26,200
2022-04-12 09:30:00,356.42,356.98,353.87,355.76,101575
2022-04-12 09:35:00,355.67,356.5982,353.25,353.525,44037
2022-04-12 09:40:00,353.5,354.11,351.6228,352.94,43237
2022-04-12 09:45:00,352.8533,355.06,351.75,354.76,23026
2022-04-12 09:50:00,355.38,357.67,355.1501,357.33,41482
2022-04-12 09:55:00,357.37,358.6599,356.5101,358.5,29841
2022-04-12 10:00:00,358.98,359.41,357.46,358.01,50736
2022-04-12 10:05:00,358.065,358.065,356.26,357.64,33885
2022-04-12 10:10:00,357.865,358.7,356.26,356.3752,27983
2022-04-12 10:15:00,356.6,356.6,355.01,355.265,32619
2022-04-12 10:20:00,355.06,356.675,355.0,355.39,30172
2022-04-12 10:25:00,355.6,356.225,354.5495,354.93,28669
2022-04-12 10:30:00,354.76,355.4699,354.48,355.0,15975
2022-04-12 10:35:00,354.9641,355.33,352.51,353.3,20844
2022-04-12 10:40:00,353.17,353.9,352.51,353.09,16972
2022-04-12 10:45:00,352.93,353.7865,351.37,351.53,23486
2022-04-12 10:50:00,351.39,351.4851,350.3,350.76,22284
2022-04-12 10:55:00,350.6786,352.29,350.31,352.03,18764
2022-04-12 11:00:00,351.84,352.92,350.83,352.52,19109
2022-04-12 11:05:00,352.65,352.65,350.28,350.28,39852
2022-04-12 11:10:00,350.35,351.47,350.06,351.19,20045
2022-04-12 11:15:00,351.22,351.7567,350.88,351.605,18915
2022-04-12 11:20:00,351.4964,351.94,351.11,351.3048,11410
2022-04-12 11:25:00,351.51,353.43,351.44,353.29,20544
2022-04-12 11:30:00,353.31,353.865,353.03,353.31,48798
2022-04-12 11:35:00,353.23,353.97,353.23,353.61,24253
2022-04-12 11:40:00,353.65,354.495,353.41,353.91,18949
2022-04-12 11:45:00,354.04,354.205,353.12,353.38,23027
2022-04-12 11:50:00,353.22,353.5,352.73,353.23,9473
2022-04-12 11:55:00,353.09,353.09,351.45,351.7699,26319
2022-04-12 12:00:00,351.7,351.7,350.7501,350.92,27559
2022-04-12 12:05:00,350.86,351.0799,349.6,349.6,22205
2022-04-12 12:10:00,349.6,350.1894,349.42,349.89,16878
2022-04-12 12:15:00,349.89,351.015,349.56,350.5245,10992
2022-04-12 12:20:00,350.29,350.4883,348.8498,349.2178,19690
2022-04-12 12:25:00,348.93,348.93,347.79,348.58,36982
2022-04-12 12:30:00,348.39,348.95,348.16,348.335,20365
2022-04-12 12:35:00,348.2451,349.09,348.2451,348.33,16182
2022-04-12 12:40:00,348.5,348.69,348.0,348.32,9039
2022-04-12 12:45:00,348.39,348.7194,347.8,348.5,14245
2022-04-12 12:50:00,348.72,349.6561,348.56,348.595,21198
2022-04-12 12:55:00,348.69,349.0573,348.575,348.6,10458
2022-04-12 13:00:00,348.5,348.7,347.72,348.03,38373
2022-04-12 13:05:00,348.14,349.02,348.14,348.55,16061
2022-04-12 13:10:00,348.5639,350.0,348.5639,349.48,15321
2022-04-12 13:15:00,349.43,349.5199,348.2,348.44,12358
2022-04-12 13:20:00,349.33,349.77,348.245,348.585,11669
2022-04-12 13:25:00,348.565,348.69,347.94,348.1374,8239
2022-04-12 13:30:00,348.22,348.7,347.75,348.2667,11435
2022-04-12 13:35:00,348.15,348.66,347.35,347.4077,9163
2022-04-12 13:40:00,347.3,347.6,346.7,346.93,14195
2022-04-12 13:45:00,346.87,347.11,346.22,346.405,22398
2022-04-12 13:50:00,346.31,346.31,345.3871,345.5,32205
2022-04-12 13:55:00,345.39,345.8102,345.1,345.73,27422
2022-04-12 14:00:00,345.68,346.2499,345.33,346.2499,12474
2022-04-12 14:05:00,346.122,346.3899,345.63,345.63,15197
2022-04-12 14:10:00,345.74,345.74,344.33,344.447,36100
2022-04-12 14:15:00,344.462,344.68,343.9,344.1,25474
2022-04-12 14:20:00,344.008,344.68,343.88,344.1,12516
2022-04-12 14:25:00,343.975,344.275,343.4045,343.4045,18510
2022-04-12 14:30:00,343.2584,344.32,343.2584,344.08,22181
2022-04-12 14:35:00,344.0,345.03,343.89,344.4988,22641
2022-04-12 14:40:00,344.503,344.78,344.07,344.45,13297
2022-04-12 14:45:00,344.66,346.0,344.66,345.39,29635
2022-04-12 14:50:00,345.3568,345.89,345.07,345.594,16275
2022-04-12 14:55:00,345.68,346.125,344.57,344.715,22928
2022-04-12 15:00:00,344.51,344.9468,343.14,343.32,28697
2022-04-12 15:05:00,343.39,343.66,342.7,342.82,26921
2022-04-12 15:10:00,342.93,343.33,342.25,342.37,27908
2022-04-12 15:15:00,342.4,343.98,342.37,343.92,22797
2022-04-12 15:20:00,343.96,344.69,343.96,344.37,24602
2022-04-12 15:25:00,344.27,344.4492,343.44,344.145,23638
2022-04-12 15:30:00,344.04,344.61,343.6203,344.13,16188
2022-04-12 15:35:00,344.0569,345.72,343.98,345.56,30900
2022-04-12 15:40:00,345.5,345.84,344.44,344.555,26614
2022-04-12 15:45:00,344.53,345.83,344.261,345.145,31713
2022-04-12 15:50:00,345.16,345.55,344.7,345.28,47658
2022-04-12 15:55:00,345.47,345.47,343.8,344.06,155218
2022-04-12 16:00:00,344.1,344.1,343.22,344.1,228660
2022-04-12 16:05:00,344.1,344.1,344.0,344.1,1634
2022-04-12 16:20:00,344.1,344.1,344.1,344.1,3082
2022-04-12 16:25:00,343.81,343.81,343.81,343.81,250
2022-04-12 16:30:00,343.81,344.5,343.81,344.5,1200
2022-04-12 16:35:00,344.4999,344.4999,344.4999,344.4999,100
2022-04-12 16:40:00,344.75,344.75,344.75,344.75,100
2022-04-12 17:05:00,344.33,344.33,344.33,344.33,200
2022-04-12 17:10:00,344.16,344.16,344.16,344.16,108
2022-04-12 17:25:00,344.1,344.1,344.1,344.1,123
2022-04-12 17:35:00,343.33,343.33,343.33,343.33,100
2022-04-12 18:10:00,345.36,345.47,345.36,345.47,500
2022-04-12 18:25:00,344.7,344.7,344.7,344.7,120
2022-04-12 18:45:00,344.7,344.7,344.7,344.7,110
2022-04-12 18:50:00,344.99,344.99,344.99,344.99,100
2022-04-12 19:40:00,345.49,345.49,345.49,345.49,411
2022-04-12 19:55:00,345.5,345.5,345.5,345.5,100
2022-04-13 05:15:00,348.0,348.0,348.0,348.0,233
2022-04-13 06:35:00,345.98,345.98,345.98,345.98,100
2022-04-13 07:00:00,346.2,346.2,346.2,346.2,100
2022-04-13 07:05:00,347.0,347.0,347.0,347.0,100
2022-04-13 07:15:00,347.97,347.97,347.97,347.97,191
2022-04-13 07:25:00,347.0,347.0,347.0,347.0,138
2022-04-13 07:50:00,345.68,345.68,345.68,345.68,143
2022-04-13 07:55:00,345.67,345.67,345.67,345.67,155
2022-04-13 08:00:00,345.3,345.5,345.3,345.5,422
2022-04-13 08:20:00,344.54,344.54,344.54,344.54,275
2022-04-13 08:25:00,345.6825,345.6825,344.54,344.54,1200
2022-04-13 08:40:00,345.28,345.28,345.28,345.28,975
2022-04-13 08:55:00,344.68,344.9605,344.51,344.9605,531
2022-04-13 09:00:00,344.1,344.1,344.1,344.1,100
2022-04-13 09:05:00,344.3,344.3,344.3,344.3,107
2022-04-13 09:15:00,344.1282,344.1282,344.1282,344.1282,350
2022-04-13 09:25:00,343.87,343.87,343.87,343.87,200
2022-04-13 09:30:00,343.92,343.92,341.155,343.03,78907
2022-04-13 09:35:00,342.89,344.3,342.825,343.13,29170
2022-04-13 09:40:00,343.555,344.4,342.27,343.495,35396
2022-04-13 09:45:00,343.36,345.831,342.89,344.15,36312
2022-04-13 09:50:00,344.2775,346.61,344.19,346.5,27310
2022-04-13 09:55:00,346.4,346.9,343.73,344.55,23109
2022-04-13 10:00:00,345.18,345.55,344.0,345.4157,21555
2022-04-13 10:05:00,345.305,345.74,344.09,344.475,14197
2022-04-13 10:10:00,344.465,345.08,344.0444,344.59,12594
2022-04-13 10:15:00,344.785,347.206,344.62,346.405,16194
2022-04-13 10:20:00,346.385,347.8,346.12,347.73,19867
2022-04-13 10:25:00,347.7,347.83,345.71,345.72,15317
2022-04-13 10:30:00,345.65,348.28,345.65,346.538,21577
2022-04-13 10:35:00,346.435,346.5525,345.21,345.21,16125
2022-04-13 10:40:00,345.22,346.65,345.07,346.65,15029
2022-04-13 10:45:00,346.74,346.89,345.8,346.111,8431
2022-04-13 10:50:00,346.23,346.66,346.0,346.4,4426
2022-04-13 10:55:00,346.34,346.65,345.5,345.545,7648
2022-04-13 11:00:00,345.545,348.26,345.26,347.74,22617
2022-04-13 11:05:00,347.7,348.28,347.29,348.06,29550
2022-04-13 11:10:00,347.9561,349.23,347.78,349.1,63273
2022-04-13 11:15:00,349.35,350.01,349.24,349.57,17173
2022-04-13 11:20:00,349.63,350.07,349.17,349.5,41379
2022-04-13 11:25:00,349.665,349.8,349.08,349.44,11611
2022-04-13 11:30:00,349.52,350.7292,349.46,350.03,15882
2022-04-13 11:35:00,350.02,350.32,349.6,350.2571,16234
2022-04-13 11:40:00,350.47,350.588,349.53,349.53,6974
2022-04-13 11:45:00,349.61,349.775,349.17,349.77,10293
2022-04-13 11:50:00,349.76,350.18,349.325,349.9,14183
2022-04-13 11:55:00,349.84,350.5999,349.7922,350.455,7178
2022-04-13 12:00:00,350.67,350.67,349.8,350.19,12032
2022-04-13 12:05:00,350.115,350.25,349.66,349.8352,5591
2022-04-13 12:10:00,349.74,349.98,348.68,349.21,17786
2022-04-13 12:15:00,349.3575,349.3575,348.38,349.28,8596
2022-04-13 12:20:00,349.0,349.54,348.84,349.48,3490
2022-04-13 12:25:00,349.8665,350.2,349.5742,349.5742,6005
2022-04-13 12:30:00,349.665,350.1,349.5,350.0822,18947
2022-04-13 12:35:00,350.1,350.25,349.525,349.98,4857
2022-04-13 12:40:00,350.1,350.32,349.71,350.09,26212
2022-04-13 12:45:00,350.105,350.65,349.86,350.3749,11998
2022-04-13 12:50:00,350.4082,350.89,350.4082,350.66,10404
2022-04-13 12:55:00,350.735,350.84,349.9901,350.455,13213
2022-04-13 13:00:00,350.44,350.44,349.57,349.8066,12667
2022-04-13 13:05:00,349.7,350.21,349.7,350.11,9407
2022-04-13 13:10:00,350.09,350.6344,349.9795,350.11,7788
2022-04-13 13:15:00,350.115,350.26,349.85,349.85,7005
2022-04-13 13:20:00,350.0,350.15,349.92,350.0981,4088
2022-04-13 13:25:00,349.835,349.835,349.47,349.81,4413
2022-04-13 13:30:00,349.53,349.825,349.1501,349.21,8353
2022-04-13 13:35:00,349.34,349.38,348.675,348.87,19331
2022-04-13 13:40:00,348.92,348.93,348.21,348.21,9480
2022-04-13 13:45:00,348.27,348.39,347.42,347.46,21442
2022-04-13 13:50:00,347.4391,347.67,346.99,347.54,19696
2022-04-13 13:55:00,347.465,348.36,347.0359,348.36,14238
2022-04-13 14:00:00,348.15,348.55,347.8007,348.35,8557
2022-04-13 14:05:00,348.24,348.8503,348.24,348.65,7834
2022-04-13 14:10:00,348.74,348.835,347.81,348.2951,16887
2022-04-13 14:15:00,348.325,348.76,348.2801,348.72,5610
2022-04-13 14:20:00,348.85,349.4,348.79,348.79,9296
2022-04-13 14:25:00,348.87,349.04,348.4201,348.9,13716
2022-04-13 14:30:00,348.96,349.46,348.7773,349.46,11818
2022-04-13 14:35:00,349.35,349.81,349.2873,349.477,15188
2022-04-13 14:40:00,349.39,349.79,349.37,349.77,15894
2022-04-13 14:45:00,349.75,349.79,349.11,349.51,14746
2022-04-13 14:50:00,349.4753,349.69,349.35,349.6222,10550
2022-04-13 14:55:00,349.61,349.79,349.38,349.38,7707
2022-04-13 15:00:00,349.4881,349.55,348.74,348.975,14045
2022-04-13 15:05:00,349.06,350.5573,349.06,350.54,25761
2022-04-13 15:10:00,350.52,350.89,350.39,350.8062,27663
2022-04-13 15:15:00,350.84,351.55,350.84,351.47,20081
2022-04-13 15:20:00,351.4,351.43,350.95,351.155,15141
2022-04-13 15:25:00,351.22,351.29,350.79,351.215,18593
2022-04-13 15:30:00,351.17,352.0,351.07,351.72,31421
2022-04-13 15:35:00,351.72,351.91,351.52,351.62,16094
2022-04-13 15:40:00,351.66,351.66,350.76,350.87,19621
2022-04-13 15:45:00,350.905,351.145,350.4,350.6,25334
2022-04-13 15:50:00,350.73,351.09,350.02,350.33,29431
2022-04-13 15:55:00,350.29,350.71,350.03,350.41,114168
2022-04-13 16:00:00,350.43,350.43,350.43,350.43,376017
2022-04-13 16:05:00,350.43,350.43,350.012,350.012,863
2022-04-13 16:25:00,350.39,350.39,350.39,350.39,100
2022-04-13 16:30:00,350.1,350.1,350.1,350.1,1092
2022-04-13 16:40:00,350.37,350.43,350.11,350.43,627
2022-04-13 16:45:00,350.03,350.43,349.75,349.75,4325
2022-04-13 17:00:00,350.2193,350.22,350.2193,350.22,200
2022-04-13 17:25:00,350.43,350.43,350.43,350.43,331
2022-04-13 17:30:00,350.0,350.0,350.0,350.0,500
2022-04-13 17:55:00,350.0,350.0,349.99,349.99,200
2022-04-13 18:00:00,349.78,349.78,349.6,349.6,1600
2022-04-13 18:05:00,348.51,348.67,348.51,348.51,5712
2022-04-13 18:15:00,349.36,349.36,349.36,349.36,100
2022-04-13 18:40:00,349.96,350.0,349.96,350.0,724
2022-04-13 18:50:00,350.0,350.0,350.0,350.0,400
2022-04-13 19:55:00,349.81,350.43,349.81,350.43,200
2022-04-14 05:45:00,351.2,351.2,351.2,351.2,173
2022-04-14 05:50:00,351.28,351.28,351.19,351.19,200
2022-04-14 06:35:00,350.5,350.5,350.5,350.5,120
2022-04-14 06:50:00,349.41,349.41,348.9,348.9,350
2022-04-14 07:00:00,350.09,350.09,350.09,350.09,168
2022-04-14 07:15:00,350.09,350.09,350.09,350.09,200
2022-04-14 07:20:00,350.29,350.5,350.29,350.5,1450
2022-04-14 07:50:00,350.75,350.75,350.5,350.5,622
2022-04-14 08:00:00,351.8265,351.8265,350.4,350.6,1720
2022-04-14 08:25:00,351.3,351.3,351.3,351.3,100
2022-04-14 08:55:00,349.5505,349.5505,349.5505,349.5505,110
2022-04-14 09:05:00,350.6,350.6,349.66,349.66,837
2022-04-14 09:25:00,351.0,353.09,350.56,350.95,8584
2022-04-14 09:30:00,350.95,352.0,347.79,349.095,116319
2022-04-14 09:35:00,349.28,349.28,346.7681,347.1,25568
2022-04-14 09:40:00,347.205,347.49,344.58,344.63,48186
2022-04-14 09:45:00,344.62,347.96,344.35,346.6999,30876
2022-04-14 09:50:00,346.69,347.83,346.34,347.17,18633
2022-04-14 09:55:00,347.1468,347.66,346.63,347.3125,16448
2022-04-14 10:00:00,347.21,348.7399,347.145,348.04,19009
2022-04-14 10:05:00,347.88,347.89,345.25,345.66,21604
2022-04-14 10:10:00,345.49,346.59,345.395,345.96,23644
2022-04-14 10:15:00,345.74,347.2257,345.52,346.25,16414
2022-04-14 10:20:00,345.99,346.89,345.84,346.52,17313
2022-04-14 10:25:00,346.24,347.1,345.7973,346.2392,24381
2022-04-14 10:30:00,346.215,347.13,345.6485,345.92,19458
2022-04-14 10:35:00,345.93,345.94,344.78,345.435,30590
2022-04-14 10:40:00,345.57,345.8,344.65,345.13,25135
2022-04-14 10:45:00,345.16,345.78,344.37,344.5,19127
2022-04-14 10:50:00,344.36,344.62,343.77,344.485,40545
2022-04-14 10:55:00,344.49,345.4,344.365,344.71,18369
2022-04-14 11:00:00,344.68,346.45,344.3744,346.31,19452
2022-04-14 11:05:00,346.19,346.56,345.5,346.17,15349
2022-04-14 11:10:00,346.18,346.18,345.4,345.4,9863
2022-04-14 11:15:00,345.59,345.8842,344.72,344.91,12261
2022-04-14 11:20:00,344.8,346.0,344.7,346.0,11669
2022-04-14 11:25:00,346.03,346.6399,345.56,346.295,21189
2022-04-14 11:30:00,346.09,346.35,345.86,346.0425,14132
2022-04-14 11:35:00,346.04,346.15,344.85,344.9697,16779
2022-04-14 11:40:00,345.07,345.2,344.06,344.3,14119
2022-04-14 11:45:00,344.34,344.71,344.03,344.26,9272
2022-04-14 11:50:00,344.21,344.5,343.95,343.9878,12838
2022-04-14 11:55:00,343.95,344.15,343.68,343.91,10012
2022-04-14 12:00:00,343.85,344.5014,343.375,343.39,23142
2022-04-14 12:05:00,343.36,343.94,343.26,343.7586,14481
2022-04-14 12:10:00,343.59,343.99,343.15,343.28,10868
2022-04-14 12:15:00,343.35,343.47,342.92,343.16,17964
2022-04-14 12:20:00,343.17,343.44,343.03,343.36,6713
2022-04-14 12:25:00,343.56,343.7,342.7,342.7,19218
2022-04-14 12:30:00,342.78,342.9619,342.35,342.46,12844
2022-04-14 12:35:00,342.45,342.71,342.13,342.2143,18849
2022-04-14 12:40:00,342.14,342.2404,341.64,341.7517,24705
2022-04-14 12:45:00,341.77,342.07,341.4,341.55,21539
2022-04-14 12:50:00,341.66,341.77,340.895,341.1,27211
2022-04-14 12:55:00,341.105,342.4,340.95,342.18,53053
2022-04-14 13:00:00,342.2825,342.35,341.55,341.6935,16048
2022-04-14 13:05:00,341.745,341.91,341.4956,341.9,9221
2022-04-14 13:10:00,341.75,341.89,341.29,341.37,16588
2022-04-14 13:15:00,341.35,341.485,341.0,341.185,15863
2022-04-14 13:20:00,341.25,341.907,341.25,341.48,11819
2022-04-14 13:25:00,341.51,341.59,340.64,340.87,18386
2022-04-14 13:30:00,340.84,341.12,340.68,340.87,14414
2022-04-14 13:35:00,340.99,341.42,340.9523,341.28,10503
2022-04-14 13:40:00,341.285,341.8,341.0,341.5,15866
2022-04-14 13:45:00,341.45,342.15,341.45,341.8701,14049
2022-04-14 13:50:00,341.88,342.05,341.22,341.2825,13184
2022-04-14 13:55:00,341.2999,341.2999,340.4,341.17,22038
2022-04-14 14:00:00,341.075,342.1,341.07,341.85,17861
2022-04-14 14:05:00,341.82,342.005,341.445,341.5584,17241
2022-04-14 14:10:00,341.6589,342.56,341.44,342.37,25963
2022-04-14 14:15:00,342.4265,343.06,342.35,342.3998,29760
2022-04-14 14:20:00,342.13,342.13,341.62,341.685,27363
2022-04-14 14:25:00,341.69,342.3899,341.56,342.2,18994
2022-04-14 14:30:00,342.15,342.39,341.57,341.71,15483
2022-04-14 14:35:00,341.82,342.255,341.68,342.16,20695
2022-04-14 14:40:00,342.155,342.52,342.12,342.12,12617
2022-04-14 14:45:00,342.27,342.4,341.93,341.93,22184
2022-04-14 14:50:00,341.83,341.925,340.94,341.01,33007
2022-04-14 14:55:00,340.85,341.1,340.4,340.405,28928
2022-04-14 15:00:00,340.45,340.52,340.06,340.11,23141
2022-04-14 15:05:00,340.07,340.3,339.92,340.095,34781
2022-04-14 15:10:00,340.1,340.85,340.09,340.65,28459
2022-04-14 15:15:00,340.715,341.68,340.715,341.295,37185
2022-04-14 15:20:00,341.3,341.49,341.06,341.385,29624
2022-04-14 15:25:00,341.3,341.3,340.32,340.33,17449
2022-04-14 15:30:00,340.4,340.66,340.08,340.17,24588
2022-04-14 15:35:00,340.165,340.4542,339.86,340.2847,32180
2022-04-14 15:40:00,340.23,341.51,340.04,341.475,38321
2022-04-14 15:45:00,341.475,341.84,341.35,341.75,58609
2022-04-14 15:50:00,341.79,341.8,340.97,341.5631,66748
2022-04-14 15:55:00,341.76,341.98,340.87,341.06,126313
2022-04-14 16:00:00,341.13,341.15,341.13,341.13,401475
2022-04-14 16:05:00,341.13,341.13,341.13,341.13,1573
2022-04-14 16:10:00,341.0,341.0,341.0,341.0,200
2022-04-14 16:15:00,340.8001,341.55,340.8001,341.55,500
2022-04-14 16:20:00,341.13,342.0,341.13,342.0,5489
2022-04-14 16:25:00,341.96,342.0,341.55,342.0,1300
2022-04-14 16:30:00,342.34,342.34,342.34,342.34,200
2022-04-14 16:40:00,342.49,342.49,342.49,342.49,400
2022-04-14 16:45:00,341.13,341.76,340.45,340.45,8938
2022-04-14 16:55:00,341.804,341.804,341.804,341.804,100
2022-04-14 17:15:00,340.7635,340.7635,340.7635,340.7635,200
2022-04-14 17:40:00,341.75,341.75,341.75,341.75,100
2022-04-14 18:10:00,341.36,341.4,341.36,341.4,304
2022-04-14 18:20:00,341.2,341.2,341.2,341.2,200
2022-04-14 18:50:00,341.5,341.5,341.13,341.38,575
