2022-04-01 04:00:00,135.89,135.89,135.89,135.89,100
2022-04-01 04:30:00,135.99,135.99,135.99,135.99,100
2022-04-01 07:00:00,136.45,136.45,136.1,136.1,200
2022-04-01 08:15:00,135.9959,135.9966,135.9959,135.9966,550
2022-04-01 08:20:00,136.0,136.0,136.0,136.0,100
2022-04-01 08:30:00,135.8,135.8,135.8,135.8,500
2022-04-01 09:00:00,135.5,135.5,135.5,135.5,100
2022-04-01 09:20:00,135.0,135.0,134.6,134.6,1880
2022-04-01 09:25:00,134.51,134.51,134.0,134.19,4107
2022-04-01 09:30:00,134.45,135.28,134.45,134.96,428842
2022-04-01 09:35:00,134.97,135.18,134.11,134.11,40532
2022-04-01 09:40:00,134.09,134.4,133.8,134.3,96715
2022-04-01 09:45:00,134.31,134.38,133.99,134.1,49216
2022-04-01 09:50:00,134.09,134.33,133.97,134.27,79022
2022-04-01 09:55:00,134.26,134.96,134.23,134.765,28666
2022-04-01 10:00:00,134.74,134.94,134.07,134.29,30176
2022-04-01 10:05:00,134.29,134.53,134.22,134.36,22763
2022-04-01 10:10:00,134.43,134.802,134.43,134.77,19831
2022-04-01 10:15:00,134.84,134.89,134.26,134.38,25709
2022-04-01 10:20:00,134.36,134.38,133.81,133.85,27460
2022-04-01 10:25:00,133.87,134.05,133.73,133.99,56750
2022-04-01 10:30:00,133.9701,134.3432,133.91,134.3399,41796
2022-04-01 10:35:00,134.34,134.43,134.145,134.2,32368
2022-04-01 10:40:00,134.18,134.384,134.12,134.27,109476
2022-04-01 10:45:00,134.25,134.63,134.18,134.5,71205
2022-04-01 10:50:00,134.52,134.98,134.48,134.8896,39806
2022-04-01 10:55:00,134.91,135.18,134.83,135.16,42395
2022-04-01 11:00:00,135.16,135.16,134.8404,134.9177,36327
2022-04-01 11:05:00,134.92,135.0,134.82,134.9,39623
2022-04-01 11:10:00,134.88,134.97,134.4,134.41,18868
2022-04-01 11:15:00,134.435,134.95,134.34,134.865,27671
2022-04-01 11:20:00,134.85,134.99,134.62,134.63,28179
2022-04-01 11:25:00,134.65,134.92,134.65,134.7571,32094
2022-04-01 11:30:00,134.77,134.825,134.52,134.52,17518
2022-04-01 11:35:00,134.51,134.52,134.34,134.4,18045
2022-04-01 11:40:00,134.4,134.4254,134.29,134.31,25536
2022-04-01 11:45:00,134.3,134.57,134.25,134.4,15153
2022-04-01 11:50:00,134.395,134.53,134.21,134.46,42239
2022-04-01 11:55:00,134.425,134.425,134.19,134.32,13284
2022-04-01 12:00:00,134.32,134.38,134.18,134.29,15483
2022-04-01 12:05:00,134.29,134.37,134.2001,134.37,13898
2022-04-01 12:10:00,134.38,134.51,134.29,134.47,14364
2022-04-01 12:15:00,134.475,134.52,134.21,134.31,24431
2022-04-01 12:20:00,134.3,134.47,134.29,134.32,12140
2022-04-01 12:25:00,134.35,134.41,134.12,134.22,18892
2022-04-01 12:30:00,134.18,134.255,134.03,134.06,20387
2022-04-01 12:35:00,134.02,134.04,133.815,133.89,32401
2022-04-01 12:40:00,133.88,133.96,133.81,133.95,26928
2022-04-01 12:45:00,133.94,133.94,133.77,133.83,18303
2022-04-01 12:50:00,133.85,133.85,133.69,133.76,18975
2022-04-01 12:55:00,133.78,133.91,133.625,133.625,49956
2022-04-01 13:00:00,133.64,133.75,133.51,133.58,15241
2022-04-01 13:05:00,133.6,133.62,133.45,133.5,16963
2022-04-01 13:10:00,133.53,133.57,133.32,133.35,14779
2022-04-01 13:15:00,133.34,133.49,133.33,133.4345,18759
2022-04-01 13:20:00,133.42,133.52,133.27,133.395,24997
2022-04-01 13:25:00,133.38,133.4,133.19,133.225,23658
2022-04-01 13:30:00,133.22,133.48,133.195,133.44,31489
2022-04-01 13:35:00,133.47,133.74,133.44,133.69,17609
2022-04-01 13:40:00,133.67,133.86,133.66,133.745,17197
2022-04-01 13:45:00,133.76,133.81,133.66,133.81,22746
2022-04-01 13:50:00,133.81,133.89,133.6,133.6,82175
2022-04-01 13:55:00,133.57,133.68,133.49,133.58,20758
2022-04-01 14:00:00,133.58,133.84,133.54,133.84,23191
2022-04-01 14:05:00,133.87,134.0294,133.8,133.82,16794
2022-04-01 14:10:00,133.79,133.81,133.69,133.75,16698
2022-04-01 14:15:00,133.77,133.81,133.64,133.64,29840
2022-04-01 14:20:00,133.64,133.73,133.52,133.52,47460
2022-04-01 14:25:00,133.53,133.77,133.5187,133.75,32127
2022-04-01 14:30:00,133.75,133.84,133.73,133.84,36024
2022-04-01 14:35:00,133.8418,133.8418,133.62,133.66,24237
2022-04-01 14:40:00,133.67,133.76,133.62,133.67,18460
2022-04-01 14:45:00,133.645,133.735,133.46,133.46,26610
2022-04-01 14:50:00,133.47,133.49,133.29,133.34,33784
2022-04-01 14:55:00,133.35,133.42,133.235,133.245,53999
2022-04-01 15:00:00,133.24,133.62,133.225,133.48,38940
2022-04-01 15:05:00,133.4674,133.66,133.4674,133.475,38041
2022-04-01 15:10:00,133.47,133.53,133.2974,133.45,56760
2022-04-01 15:15:00,133.4361,133.49,133.1,133.1,37763
2022-04-01 15:20:00,133.09,133.14,133.0,133.02,50810
2022-04-01 15:25:00,133.02,133.17,133.02,133.14,30449
2022-04-01 15:30:00,133.14,133.19,133.01,133.06,41947
2022-04-01 15:35:00,133.05,133.05,132.81,132.94,73476
2022-04-01 15:40:00,132.93,133.09,132.75,132.86,79378
2022-04-01 15:45:00,132.85,132.9899,132.8,132.975,111717
2022-04-01 15:50:00,132.98,133.38,132.975,133.265,178467
2022-04-01 15:55:00,133.28,133.59,133.19,133.52,498771
2022-04-01 16:00:00,133.52,133.52,133.52,133.52,734762
2022-04-01 16:10:00,133.52,133.52,133.52,133.52,3677
2022-04-01 16:35:00,133.52,133.52,133.52,133.52,3901
2022-04-01 17:25:00,133.19,133.19,133.19,133.19,351
2022-04-01 17:35:00,133.52,133.52,133.52,133.52,300
2022-04-04 04:00:00,134.15,134.15,134.15,134.15,153
2022-04-04 04:05:00,133.96,133.96,133.96,133.96,155
2022-04-04 04:35:00,134.01,134.01,134.01,134.01,100
2022-04-04 05:25:00,134.2,134.2,134.2,134.2,166
2022-04-04 05:30:00,134.0,134.0,134.0,134.0,149
2022-04-04 05:35:00,134.2,134.2,134.2,134.2,298
2022-04-04 06:40:00,134.18,134.18,134.18,134.18,100
2022-04-04 08:00:00,133.96,134.1,133.96,134.1,222
2022-04-04 08:05:00,134.0,134.0,134.0,134.0,285
2022-04-04 08:20:00,133.61,133.61,133.61,133.61,238
2022-04-04 08:50:00,133.58,133.58,133.58,133.58,795
2022-04-04 09:10:00,133.1402,133.1402,133.1402,133.1402,300
2022-04-04 09:20:00,134.0347,134.0347,134.0347,134.0347,200
2022-04-04 09:25:00,133.12,133.15,132.11,132.11,5708
2022-04-04 09:30:00,133.05,133.99,132.86,132.88,188645
2022-04-04 09:35:00,132.93,133.83,132.93,133.71,34468
2022-04-04 09:40:00,133.72,134.24,133.63,133.93,118667
2022-04-04 09:45:00,133.98,134.1584,133.72,133.8,90412
2022-04-04 09:50:00,133.87,134.29,133.85,134.08,41428
2022-04-04 09:55:00,134.07,134.49,133.92,134.42,82500
2022-04-04 10:00:00,134.43,134.47,134.08,134.24,67969
2022-04-04 10:05:00,134.22,134.42,134.12,134.23,128180
2022-04-04 10:10:00,134.255,134.6,134.1,134.215,67580
2022-04-04 10:15:00,134.22,134.5,134.17,134.3,111523
2022-04-04 10:20:00,134.33,134.42,134.15,134.2,51563
2022-04-04 10:25:00,134.23,134.47,134.21,134.38,33903
2022-04-04 10:30:00,134.38,134.6,134.34,134.53,65026
2022-04-04 10:35:00,134.54,134.84,134.48,134.6,32731
2022-04-04 10:40:00,134.61,134.61,134.38,134.385,23569
2022-04-04 10:45:00,134.37,134.4795,134.29,134.3982,21530
2022-04-04 10:50:00,134.37,134.69,134.355,134.49,25388
2022-04-04 10:55:00,134.5,134.5,134.33,134.37,28752
2022-04-04 11:00:00,134.36,134.78,134.3106,134.78,25458
2022-04-04 11:05:00,134.79,134.85,134.69,134.835,26591
2022-04-04 11:10:00,134.81,134.84,134.64,134.72,23563
2022-04-04 11:15:00,134.73,134.76,134.53,134.65,28954
2022-04-04 11:20:00,134.65,134.7296,134.52,134.57,18328
2022-04-04 11:25:00,134.59,134.79,134.575,134.695,24905
2022-04-04 11:30:00,134.69,134.84,134.68,134.75,30177
2022-04-04 11:35:00,134.74,134.93,134.72,134.88,23668
2022-04-04 11:40:00,134.8682,134.92,134.76,134.86,32715
2022-04-04 11:45:00,134.855,135.16,134.77,135.12,32382
2022-04-04 11:50:00,135.14,135.19,135.035,135.09,36736
2022-04-04 11:55:00,135.12,135.21,135.08,135.14,16160
2022-04-04 12:00:00,135.14,135.2,135.04,135.095,25428
2022-04-04 12:05:00,135.11,135.14,134.96,135.105,21792
2022-04-04 12:10:00,135.09,135.13,134.97,135.11,19551
2022-04-04 12:15:00,135.1097,135.1097,134.85,134.87,12692
2022-04-04 12:20:00,134.88,135.025,134.84,134.91,21426
2022-04-04 12:25:00,134.88,135.02,134.86,134.94,15512
2022-04-04 12:30:00,134.93,134.93,134.71,134.7198,18746
2022-04-04 12:35:00,134.75,134.77,134.561,134.6,12762
2022-04-04 12:40:00,134.58,134.7,134.44,134.53,25209
2022-04-04 12:45:00,134.5,134.56,134.43,134.47,13938
2022-04-04 12:50:00,134.48,134.57,134.435,134.53,17162
2022-04-04 12:55:00,134.51,134.6,134.47,134.575,51994
2022-04-04 13:00:00,134.575,134.62,134.401,134.46,61866
2022-04-04 13:05:00,134.45,134.45,134.17,134.24,22460
2022-04-04 13:10:00,134.22,134.28,134.19,134.24,15907
2022-04-04 13:15:00,134.225,134.24,134.08,134.18,19709
2022-04-04 13:20:00,134.17,134.17,134.08,134.145,12711
2022-04-04 13:25:00,134.14,134.21,134.05,134.05,15740
2022-04-04 13:30:00,134.06,134.2,134.04,134.13,20069
2022-04-04 13:35:00,134.13,134.1925,134.0,134.0,16154
2022-04-04 13:40:00,134.0,134.03,133.95,134.025,13887
2022-04-04 13:45:00,134.01,134.04,133.9346,134.01,22116
2022-04-04 13:50:00,134.02,134.13,134.01,134.12,18082
2022-04-04 13:55:00,134.11,134.32,134.11,134.3,13644
2022-04-04 14:00:00,134.27,134.32,134.2,134.25,14331
2022-04-04 14:05:00,134.27,134.27,133.995,134.03,32052
2022-04-04 14:10:00,134.01,134.22,133.95,134.146,27353
2022-04-04 14:15:00,134.13,134.13,133.97,134.13,24011
2022-04-04 14:20:00,134.1,134.12,134.0,134.03,16243
2022-04-04 14:25:00,134.065,134.19,134.03,134.07,30594
2022-04-04 14:30:00,134.0664,134.09,133.92,134.07,32607
2022-04-04 14:35:00,134.07,134.075,133.85,133.875,26458
2022-04-04 14:40:00,133.89,133.985,133.87,133.97,29911
2022-04-04 14:45:00,133.97,134.09,133.93,133.93,25247
2022-04-04 14:50:00,133.96,133.985,133.87,133.94,26249
2022-04-04 14:55:00,133.93,133.93,133.81,133.87,22736
2022-04-04 15:00:00,133.88,134.04,133.86,133.91,23244
2022-04-04 15:05:00,133.93,133.949,133.725,133.84,41928
2022-04-04 15:10:00,133.85,133.85,133.6,133.685,33360
2022-04-04 15:15:00,133.67,133.73,133.57,133.59,43500
2022-04-04 15:20:00,133.58,133.705,133.58,133.635,58984
2022-04-04 15:25:00,133.64,133.6923,133.52,133.56,48610
2022-04-04 15:30:00,133.55,133.68,133.39,133.62,82841
2022-04-04 15:35:00,133.61,133.68,133.51,133.6026,75342
2022-04-04 15:40:00,133.6,133.79,133.59,133.78,80931
2022-04-04 15:45:00,133.77,134.03,133.7077,133.91,57130
2022-04-04 15:50:00,133.89,134.0522,133.87,134.02,105645
2022-04-04 15:55:00,134.0,134.4,133.94,134.33,243976
2022-04-04 16:00:00,134.34,134.34,134.34,134.34,554626
2022-04-04 16:10:00,134.34,134.34,134.34,134.34,5741
2022-04-04 16:25:00,134.4,134.4,134.4,134.4,100
2022-04-04 16:55:00,134.34,134.34,134.34,134.34,201
2022-04-04 17:00:00,134.07,134.29,134.07,134.1,2099
2022-04-04 17:05:00,134.07,134.07,134.07,134.07,100
2022-04-04 17:55:00,134.09,134.09,134.09,134.09,1000
2022-04-04 18:35:00,134.25,134.25,134.25,134.25,116
2022-04-04 18:55:00,134.3,134.3,134.3,134.3,450
2022-04-04 19:15:00,134.09,134.09,134.0,134.0,960
2022-04-05 05:35:00,134.34,134.34,134.34,134.34,100
2022-04-05 06:15:00,133.77,133.77,133.5,133.5,496
2022-04-05 07:35:00,133.99,133.99,133.99,133.99,105
2022-04-05 08:00:00,134.9,134.9,134.7,134.7,430
2022-04-05 09:20:00,134.09,134.09,134.09,134.09,811
2022-04-05 09:30:00,134.04,134.33,133.74,134.28,311649
2022-04-05 09:35:00,134.28,134.48,133.29,133.41,123066
2022-04-05 09:40:00,133.43,133.61,133.05,133.53,108467
2022-04-05 09:45:00,133.53,133.88,133.37,133.54,48346
2022-04-05 09:50:00,133.57,133.86,133.4,133.8,50338
2022-04-05 09:55:00,133.8,134.22,133.71,134.22,58330
2022-04-05 10:00:00,134.22,134.68,134.05,134.5,59532
2022-04-05 10:05:00,134.51,134.52,133.87,133.87,71513
2022-04-05 10:10:00,133.865,134.15,133.61,133.95,96352
2022-04-05 10:15:00,133.94,133.94,133.52,133.59,77400
2022-04-05 10:20:00,133.58,133.91,133.45,133.71,91952
2022-04-05 10:25:00,133.68,134.11,133.68,133.86,115614
2022-04-05 10:30:00,133.8308,133.9,133.44,133.48,72447
2022-04-05 10:35:00,133.49,133.53,133.02,133.2,42634
2022-04-05 10:40:00,133.2,133.2492,133.05,133.185,27050
2022-04-05 10:45:00,133.17,133.4788,133.13,133.35,40517
2022-04-05 10:50:00,133.36,133.71,133.2,133.71,29851
2022-04-05 10:55:00,133.73,133.81,133.6,133.735,32726
2022-04-05 11:00:00,133.77,133.97,133.5,133.61,55625
2022-04-05 11:05:00,133.62,133.75,133.46,133.71,42761
2022-04-05 11:10:00,133.71,133.97,133.49,133.905,24889
2022-04-05 11:15:00,133.925,134.25,133.82,133.92,69543
2022-04-05 11:20:00,133.9,134.07,133.88,133.88,25585
2022-04-05 11:25:00,133.8701,134.0764,133.85,133.91,25013
2022-04-05 11:30:00,133.86,134.075,133.79,133.95,26608
2022-04-05 11:35:00,133.95,133.97,133.465,133.485,22332
2022-04-05 11:40:00,133.48,133.61,133.45,133.49,36864
2022-04-05 11:45:00,133.49,133.5,133.36,133.44,28537
2022-04-05 11:50:00,133.4331,133.58,133.25,133.37,47514
2022-04-05 11:55:00,133.38,133.45,133.31,133.38,13872
2022-04-05 12:00:00,133.37,133.47,133.27,133.34,22018
2022-04-05 12:05:00,133.38,133.47,133.32,133.35,66721
2022-04-05 12:10:00,133.36,133.37,133.12,133.15,52648
2022-04-05 12:15:00,133.14,133.27,132.955,132.955,50161
2022-04-05 12:20:00,132.97,133.02,132.82,132.91,25239
2022-04-05 12:25:00,132.89,133.15,132.84,133.15,22438
2022-04-05 12:30:00,133.13,133.24,133.07,133.16,17314
2022-04-05 12:35:00,133.16,133.27,133.075,133.22,20283
2022-04-05 12:40:00,133.19,133.195,132.94,132.98,24251
2022-04-05 12:45:00,132.98,133.17,132.98,133.15,13454
2022-04-05 12:50:00,133.18,133.265,133.12,133.25,14446
2022-04-05 12:55:00,133.27,133.34,133.2276,133.29,12529
2022-04-05 13:00:00,133.29,133.33,133.17,133.25,14476
2022-04-05 13:05:00,133.28,133.48,133.22,133.48,11966
2022-04-05 13:10:00,133.485,133.745,133.45,133.66,21384
2022-04-05 13:15:00,133.69,133.77,133.64,133.75,31618
2022-04-05 13:20:00,133.745,133.75,133.69,133.705,14650
2022-04-05 13:25:00,133.705,133.705,133.56,133.59,19768
2022-04-05 13:30:00,133.58,133.6,133.475,133.475,22895
2022-04-05 13:35:00,133.46,133.48,133.37,133.37,9200
2022-04-05 13:40:00,133.34,133.37,133.25,133.27,12896
2022-04-05 13:45:00,133.3,133.34,133.1,133.16,15127
2022-04-05 13:50:00,133.14,133.15,132.95,133.08,15920
2022-04-05 13:55:00,133.09,133.17,133.05,133.11,13173
2022-04-05 14:00:00,133.05,133.09,132.99,133.03,8940
2022-04-05 14:05:00,133.02,133.02,132.87,132.89,23263
2022-04-05 14:10:00,132.91,133.07,132.86,133.05,18010
2022-04-05 14:15:00,133.04,133.3,133.02,133.295,15689
2022-04-05 14:20:00,133.3,133.42,133.22,133.28,15444
2022-04-05 14:25:00,133.3,133.38,133.1901,133.21,10015
2022-04-05 14:30:00,133.23,133.27,133.18,133.22,17994
2022-04-05 14:35:00,133.23,133.35,133.19,133.23,13796
2022-04-05 14:40:00,133.21,133.365,133.205,133.32,22150
2022-04-05 14:45:00,133.3506,133.45,133.25,133.337,12474
2022-04-05 14:50:00,133.35,133.37,133.2354,133.27,16487
2022-04-05 14:55:00,133.29,133.35,133.0879,133.13,16094
2022-04-05 15:00:00,133.14,133.19,132.92,132.94,22897
2022-04-05 15:05:00,132.96,132.99,132.81,132.81,38955
2022-04-05 15:10:00,132.82,132.83,132.48,132.495,57065
2022-04-05 15:15:00,132.52,132.5287,132.44,132.5,61503
2022-04-05 15:20:00,132.5,132.63,132.39,132.56,39185
2022-04-05 15:25:00,132.56,132.665,132.48,132.56,45850
2022-04-05 15:30:00,132.54,132.56,132.2803,132.3,48367
2022-04-05 15:35:00,132.295,132.36,132.22,132.28,67789
2022-04-05 15:40:00,132.28,132.41,132.24,132.4006,62157
2022-04-05 15:45:00,132.41,132.415,132.02,132.105,122888
2022-04-05 15:50:00,132.11,132.33,132.07,132.13,183903
2022-04-05 15:55:00,132.13,132.32,132.05,132.31,369415
2022-04-05 16:00:00,132.3,132.3,132.3,132.3,584493
2022-04-05 16:05:00,132.66,132.66,132.3,132.3,200
2022-04-05 16:10:00,132.3,132.3,132.3,132.3,6780
2022-04-05 16:20:00,132.3,132.35,132.16,132.16,894
2022-04-05 16:35:00,132.56,132.56,132.56,132.56,1053
2022-04-05 16:40:00,132.3,132.3,132.3,132.3,1130
2022-04-05 16:45:00,132.581,132.581,132.581,132.581,100
2022-04-05 17:05:00,132.59,132.59,132.59,132.59,100
2022-04-05 17:40:00,132.3,132.3,132.3,132.3,1400
2022-04-05 19:10:00,132.36,132.36,132.36,132.36,178
2022-04-06 05:40:00,131.5,131.5,131.5,131.5,205
2022-04-06 06:00:00,131.0,131.0,131.0,131.0,100
2022-04-06 07:20:00,131.0,131.0,131.0,131.0,798
2022-04-06 07:55:00,130.67,130.67,130.67,130.67,280
2022-04-06 08:00:00,132.03,132.6,130.32,130.32,675
2022-04-06 08:15:00,130.37,130.37,130.37,130.37,467
2022-04-06 08:20:00,130.98,130.98,130.98,130.98,207
2022-04-06 08:55:00,130.97,131.0,130.97,131.0,1117
2022-04-06 09:00:00,130.98,130.98,130.98,130.98,618
2022-04-06 09:10:00,132.3,132.3,132.3,132.3,147269
2022-04-06 09:15:00,131.0,131.0,131.0,131.0,540
2022-04-06 09:20:00,131.0,131.5,131.0,131.5,9540
2022-04-06 09:25:00,131.04,131.04,130.2,130.31,2407
2022-04-06 09:30:00,130.05,130.3017,129.36,129.36,300680
2022-04-06 09:35:00,129.42,129.96,129.34,129.675,56711
2022-04-06 09:40:00,129.61,129.73,129.17,129.39,94304
2022-04-06 09:45:00,129.41,129.58,129.02,129.2,107023
2022-04-06 09:50:00,129.19,129.22,128.7,128.9,117062
2022-04-06 09:55:00,128.88,128.95,128.56,128.6,57679
2022-04-06 10:00:00,128.58,128.7,128.35,128.51,75839
2022-04-06 10:05:00,128.52,128.52,127.92,127.95,86549
2022-04-06 10:10:00,127.95,127.95,127.21,127.52,134416
2022-04-06 10:15:00,127.52,127.92,127.34,127.74,188231
2022-04-06 10:20:00,127.76,127.8,127.59,127.63,64187
2022-04-06 10:25:00,127.6,127.77,127.54,127.57,46632
2022-04-06 10:30:00,127.56,127.62,127.125,127.2938,51842
2022-04-06 10:35:00,127.3,127.5,127.15,127.3928,105590
2022-04-06 10:40:00,127.37,127.52,127.3,127.455,50287
2022-04-06 10:45:00,127.455,127.71,127.435,127.53,105301
2022-04-06 10:50:00,127.56,127.56,127.13,127.14,59337
2022-04-06 10:55:00,127.16,127.31,126.97,126.995,49256
2022-04-06 11:00:00,126.98,127.07,126.85,127.0,66061
2022-04-06 11:05:00,127.0,127.2492,126.96,127.17,52021
2022-04-06 11:10:00,127.17,127.33,127.12,127.285,58066
2022-04-06 11:15:00,127.3,127.47,127.21,127.22,56945
2022-04-06 11:20:00,127.19,127.55,127.18,127.48,37991
2022-04-06 11:25:00,127.475,127.59,127.36,127.57,34663
2022-04-06 11:30:00,127.59,127.7,127.36,127.58,38540
2022-04-06 11:35:00,127.5664,127.62,127.375,127.39,20569
2022-04-06 11:40:00,127.39,127.54,127.23,127.36,42037
2022-04-06 11:45:00,127.39,127.39,127.07,127.23,101580
2022-04-06 11:50:00,127.21,127.51,127.0618,127.16,28100
2022-04-06 11:55:00,127.14,127.23,126.8581,126.9817,82409
2022-04-06 12:00:00,126.99,126.99,126.7,126.82,56230
2022-04-06 12:05:00,126.82,127.02,126.785,126.88,36936
2022-04-06 12:10:00,126.86,126.86,126.67,126.79,24813
2022-04-06 12:15:00,126.78,126.8116,126.711,126.76,30545
2022-04-06 12:20:00,126.76,126.79,126.646,126.77,35502
2022-04-06 12:25:00,126.78,127.08,126.78,126.9,31516
2022-04-06 12:30:00,126.89,127.05,126.65,126.69,92157
2022-04-06 12:35:00,126.71,126.71,126.51,126.5479,40852
2022-04-06 12:40:00,126.53,126.6,126.43,126.475,28748
2022-04-06 12:45:00,126.475,126.58,126.325,126.56,59553
2022-04-06 12:50:00,126.57,126.59,126.41,126.57,20372
2022-04-06 12:55:00,126.6,126.71,126.53,126.71,25406
2022-04-06 13:00:00,126.7,126.825,126.63,126.825,14550
2022-04-06 13:05:00,126.82,126.99,126.82,126.87,24822
2022-04-06 13:10:00,126.86,126.97,126.77,126.97,23251
2022-04-06 13:15:00,126.96,127.22,126.94,127.135,24847
2022-04-06 13:20:00,127.12,127.3554,127.09,127.32,34854
2022-04-06 13:25:00,127.31,127.45,127.21,127.34,42612
2022-04-06 13:30:00,127.36,127.58,127.28,127.48,27171
2022-04-06 13:35:00,127.49,127.635,127.42,127.63,32912
2022-04-06 13:40:00,127.645,127.89,127.6366,127.83,26416
2022-04-06 13:45:00,127.815,128.13,127.7277,128.13,38378
2022-04-06 13:50:00,128.12,128.19,127.98,128.18,30808
2022-04-06 13:55:00,128.17,128.235,127.96,127.96,39812
2022-04-06 14:00:00,127.88,128.55,127.7,128.23,26219
2022-04-06 14:05:00,128.21,128.21,127.57,127.7,29263
2022-04-06 14:10:00,127.66,127.71,127.37,127.405,37494
2022-04-06 14:15:00,127.39,127.42,127.27,127.365,32823
2022-04-06 14:20:00,127.35,127.7131,127.35,127.68,23539
2022-04-06 14:25:00,127.75,127.97,127.5878,127.685,23690
2022-04-06 14:30:00,127.69,128.1855,127.57,128.0702,34879
2022-04-06 14:35:00,128.1,128.16,127.75,127.87,28239
2022-04-06 14:40:00,127.84,128.09,127.76,127.95,35678
2022-04-06 14:45:00,127.99,128.14,127.9,127.95,34164
2022-04-06 14:50:00,128.03,128.3666,127.99,128.2723,39794
2022-04-06 14:55:00,128.3,128.53,128.3,128.51,23899
2022-04-06 15:00:00,128.51,128.85,128.51,128.73,26041
2022-04-06 15:05:00,128.73,128.73,128.37,128.425,29366
2022-04-06 15:10:00,128.45,128.57,128.2705,128.38,63418
2022-04-06 15:15:00,128.39,128.475,128.25,128.25,34462
2022-04-06 15:20:00,128.29,128.295,128.09,128.09,29544
2022-04-06 15:25:00,128.1,128.12,127.805,127.82,50069
2022-04-06 15:30:00,127.8,127.97,127.705,127.7509,59992
2022-04-06 15:35:00,127.76,128.26,127.7,128.22,52987
2022-04-06 15:40:00,128.225,128.44,128.14,128.41,69062
2022-04-06 15:45:00,128.39,128.7,128.34,128.52,73706
2022-04-06 15:50:00,128.55,128.65,128.23,128.32,99970
2022-04-06 15:55:00,128.32,128.38,128.08,128.35,283723
2022-04-06 16:00:00,128.36,128.36,128.36,128.36,570184
2022-04-06 16:05:00,128.36,128.36,128.36,128.36,8992
2022-04-06 16:15:00,128.0019,128.0019,128.0019,128.0019,100
2022-04-06 16:20:00,128.36,128.36,128.36,128.36,7664
2022-04-06 16:25:00,128.35,128.35,128.35,128.35,124
2022-04-06 16:45:00,128.1,128.1,128.1,128.1,474
2022-04-06 16:50:00,128.2,128.2,128.2,128.2,500
2022-04-06 17:05:00,128.36,128.36,128.36,128.36,119
2022-04-06 17:20:00,128.11,128.11,128.11,128.11,104
2022-04-06 17:25:00,128.1,128.1,128.1,128.1,100
2022-04-06 17:45:00,128.2,128.3566,128.2,128.3566,997
2022-04-06 18:00:00,128.25,128.25,128.25,128.25,497
2022-04-06 18:05:00,128.3,128.3,128.3,128.3,400
2022-04-06 18:55:00,128.15,128.15,128.15,128.15,200
2022-04-06 19:00:00,128.15,128.15,128.14,128.14,1036
2022-04-06 19:50:00,128.35,128.35,128.35,128.35,100
2022-04-07 04:10:00,129.0,129.0,129.0,129.0,446
2022-04-07 05:05:00,128.89,128.99,128.89,128.9,886
2022-04-07 05:15:00,129.0,129.0,129.0,129.0,124
2022-04-07 07:00:00,128.68,128.68,128.68,128.68,100
2022-04-07 07:05:00,128.85,128.85,128.85,128.85,100
2022-04-07 07:10:00,128.99,128.99,128.99,128.99,100
2022-04-07 08:10:00,128.01,128.01,128.01,128.01,120
2022-04-07 08:55:00,128.36,128.36,128.36,128.36,200
2022-04-07 09:00:00,128.5,128.5,128.5,128.5,300
2022-04-07 09:05:00,128.36,128.36,128.36,128.36,200
2022-04-07 09:10:00,128.06,128.06,128.06,128.06,154
2022-04-07 09:20:00,128.0,128.0,128.0,128.0,125
2022-04-07 09:25:00,127.61,127.65,126.98,127.0,2589
2022-04-07 09:30:00,127.43,128.4,127.33,128.09,134907
2022-04-07 09:35:00,128.04,128.27,127.71,127.98,47821
2022-04-07 09:40:00,127.94,128.67,127.72,128.315,74547
2022-04-07 09:45:00,128.35,128.56,127.73,127.77,43985
2022-04-07 09:50:00,127.78,127.83,127.5,127.71,64514
2022-04-07 09:55:00,127.715,127.88,127.54,127.84,39826
2022-04-07 10:00:00,127.87,128.22,127.48,127.93,38345
2022-04-07 10:05:00,127.9,127.945,127.5,127.65,28507
2022-04-07 10:10:00,127.684,127.85,127.44,127.79,25586
2022-04-07 10:15:00,127.78,127.79,127.4307,127.56,23794
2022-04-07 10:20:00,127.53,127.65,127.325,127.62,35936
2022-04-07 10:25:00,127.61,127.73,127.51,127.54,24569
2022-04-07 10:30:00,127.55,127.88,127.55,127.825,30184
2022-04-07 10:35:00,127.85,127.95,127.41,127.46,32923
2022-04-07 10:40:00,127.49,127.49,127.09,127.295,70741
2022-04-07 10:45:00,127.29,127.54,127.28,127.54,29306
2022-04-07 10:50:00,127.615,127.98,127.615,127.96,31232
2022-04-07 10:55:00,127.96,128.0,127.73,127.74,26757
2022-04-07 11:00:00,127.73,128.025,127.72,127.88,26039
2022-04-07 11:05:00,127.88,127.88,127.66,127.66,23434
2022-04-07 11:10:00,127.68,127.7,127.47,127.56,21748
2022-04-07 11:15:00,127.53,127.62,127.46,127.55,20300
2022-04-07 11:20:00,127.54,127.73,127.46,127.605,24034
2022-04-07 11:25:00,127.62,127.7,127.21,127.3754,27669
2022-04-07 11:30:00,127.395,127.4499,127.21,127.44,22153
2022-04-07 11:35:00,127.49,127.64,127.32,127.37,28209
2022-04-07 11:40:00,127.36,127.55,127.33,127.435,37429
2022-04-07 11:45:00,127.45,127.72,127.42,127.495,28101
2022-04-07 11:50:00,127.49,127.6,127.42,127.43,22704
2022-04-07 11:55:00,127.46,127.62,127.44,127.5165,38304
2022-04-07 12:00:00,127.54,127.68,127.46,127.58,27527
2022-04-07 12:05:00,127.58,127.66,127.45,127.66,24195
2022-04-07 12:10:00,127.67,127.875,127.6624,127.77,21337
2022-04-07 12:15:00,127.79,127.825,127.66,127.715,23319
2022-04-07 12:20:00,127.7,127.93,127.68,127.875,26841
2022-04-07 12:25:00,127.86,127.935,127.65,127.695,23114
2022-04-07 12:30:00,127.67,127.87,127.6,127.825,19187
2022-04-07 12:35:00,127.81,127.93,127.77,127.8,14922
2022-04-07 12:40:00,127.78,127.85,127.67,127.74,21444
2022-04-07 12:45:00,127.73,127.76,127.59,127.67,37657
2022-04-07 12:50:00,127.67,127.8653,127.67,127.74,18426
2022-04-07 12:55:00,127.76,127.94,127.74,127.94,20204
2022-04-07 13:00:00,127.93,128.285,127.92,128.27,21773
2022-04-07 13:05:00,128.27,128.29,128.17,128.245,30908
2022-04-07 13:10:00,128.23,128.58,128.2,128.36,38148
2022-04-07 13:15:00,128.38,128.41,128.25,128.36,85351
2022-04-07 13:20:00,128.4,128.53,128.39,128.43,64725
2022-04-07 13:25:00,128.44,128.59,128.4192,128.5,102256
2022-04-07 13:30:00,128.51,128.7094,128.47,128.64,48255
2022-04-07 13:35:00,128.64,128.75,128.47,128.47,55959
2022-04-07 13:40:00,128.49,128.53,128.29,128.305,47622
2022-04-07 13:45:00,128.31,128.51,128.25,128.44,34662
2022-04-07 13:50:00,128.4342,128.68,128.4342,128.6,13486
2022-04-07 13:55:00,128.6,128.97,128.54,128.91,35514
2022-04-07 14:00:00,128.9,129.19,128.88,129.15,27612
2022-04-07 14:05:00,129.15,129.19,128.93,129.17,17077
2022-04-07 14:10:00,129.15,129.15,129.0098,129.11,29680
2022-04-07 14:15:00,129.14,129.14,128.75,128.79,22087
2022-04-07 14:20:00,128.82,128.87,128.7,128.81,16969
2022-04-07 14:25:00,128.84,129.16,128.77,128.81,17963
2022-04-07 14:30:00,128.81,128.92,128.73,128.79,12288
2022-04-07 14:35:00,128.82,128.82,128.6,128.75,13696
2022-04-07 14:40:00,128.75,128.8,128.5809,128.73,23197
2022-04-07 14:45:00,128.71,129.14,128.65,129.105,66966
2022-04-07 14:50:00,129.09,129.49,129.07,129.45,89791
2022-04-07 14:55:00,129.47,129.785,129.47,129.68,42177
2022-04-07 15:00:00,129.65,129.78,129.56,129.57,45937
2022-04-07 15:05:00,129.55,129.82,129.49,129.81,33086
2022-04-07 15:10:00,129.8332,129.855,129.63,129.69,32947
2022-04-07 15:15:00,129.72,129.75,129.41,129.42,34578
2022-04-07 15:20:00,129.39,129.49,129.29,129.405,38072
2022-04-07 15:25:00,129.44,129.65,129.42,129.555,20851
2022-04-07 15:30:00,129.55,129.67,129.5033,129.65,35726
2022-04-07 15:35:00,129.65,129.73,129.58,129.71,36730
2022-04-07 15:40:00,129.755,129.88,129.692,129.86,57292
2022-04-07 15:45:00,129.86,129.98,129.61,129.75,86322
2022-04-07 15:50:00,129.75,129.75,129.46,129.52,111220
2022-04-07 15:55:00,129.5255,129.54,129.3,129.385,292577
2022-04-07 16:00:00,129.32,129.38,129.32,129.38,700723
2022-04-07 16:05:00,129.38,129.38,129.38,129.38,942
2022-04-07 16:20:00,129.38,129.38,129.38,129.38,6567
2022-04-07 16:35:00,129.64,129.64,129.64,129.64,1250
2022-04-07 16:40:00,129.38,129.38,129.38,129.38,313
2022-04-07 19:35:00,129.1,129.1,129.1,129.1,262
2022-04-08 04:50:00,130.0,130.0,130.0,130.0,100
2022-04-08 06:15:00,129.95,129.95,129.95,129.95,252
2022-04-08 06:25:00,129.96,129.96,129.96,129.96,153
2022-04-08 07:00:00,130.0,130.0,130.0,130.0,100
2022-04-08 07:30:00,130.0,130.0,130.0,130.0,100
2022-04-08 08:00:00,130.1,130.1,130.1,130.1,298
2022-04-08 08:15:00,130.0,130.0,130.0,130.0,100
2022-04-08 08:40:00,129.78,129.78,129.78,129.78,107
2022-04-08 09:00:00,129.5,129.5,129.5,129.5,106
2022-04-08 09:10:00,129.97,129.97,129.9093,129.9093,300
2022-04-08 09:25:00,129.96,130.04,129.89,130.04,1501
2022-04-08 09:30:00,129.44,129.68,128.52,128.67,137316
2022-04-08 09:35:00,128.63,129.0,128.61,128.925,37618
2022-04-08 09:40:00,128.89,128.99,128.445,128.445,73625
2022-04-08 09:45:00,128.48,128.6433,128.04,128.38,46605
2022-04-08 09:50:00,128.38,128.61,128.1853,128.1853,72175
2022-04-08 09:55:00,128.1929,128.45,128.12,128.4,45310
2022-04-08 10:00:00,128.37,128.37,127.88,128.22,47151
2022-04-08 10:05:00,128.22,128.8786,128.22,128.72,56833
2022-04-08 10:10:00,128.73,128.73,128.26,128.66,34643
2022-04-08 10:15:00,128.66,128.82,128.27,128.73,36173
2022-04-08 10:20:00,128.77,129.06,128.74,128.95,45296
2022-04-08 10:25:00,128.97,129.26,128.89,129.1811,34239
2022-04-08 10:30:00,129.18,129.34,129.0697,129.0697,29996
2022-04-08 10:35:00,129.04,129.27,129.03,129.08,41643
2022-04-08 10:40:00,129.09,129.09,128.79,128.84,31057
2022-04-08 10:45:00,128.801,129.19,128.74,129.0,58408
2022-04-08 10:50:00,129.0,129.42,128.97,129.29,85003
2022-04-08 10:55:00,129.27,129.57,129.27,129.57,107120
2022-04-08 11:00:00,129.6,129.85,129.56,129.64,36751
2022-04-08 11:05:00,129.65,129.86,129.63,129.75,22949
2022-04-08 11:10:00,129.75,129.82,129.575,129.82,35337
2022-04-08 11:15:00,129.85,129.85,129.47,129.47,38900
2022-04-08 11:20:00,129.44,129.67,129.405,129.57,23988
2022-04-08 11:25:00,129.56,129.67,129.53,129.66,21845
2022-04-08 11:30:00,129.67,129.85,129.65,129.73,26229
2022-04-08 11:35:00,129.71,129.71,129.44,129.54,24863
2022-04-08 11:40:00,129.57,129.72,129.55,129.615,19152
2022-04-08 11:45:00,129.62,129.82,129.61,129.72,23488
2022-04-08 11:50:00,129.7,129.83,129.69,129.775,30074
2022-04-08 11:55:00,129.76,129.925,129.74,129.755,30460
2022-04-08 12:00:00,129.74,129.87,129.53,129.57,21115
2022-04-08 12:05:00,129.57,129.6,129.26,129.32,16025
2022-04-08 12:10:00,129.33,129.37,129.185,129.37,28230
2022-04-08 12:15:00,129.41,129.61,129.38,129.56,18860
2022-04-08 12:20:00,129.565,129.66,129.55,129.63,9746
2022-04-08 12:25:00,129.62,129.77,129.62,129.64,15924
2022-04-08 12:30:00,129.615,129.6423,129.4,129.455,16118
2022-04-08 12:35:00,129.47,129.49,129.4,129.44,13424
2022-04-08 12:40:00,129.44,129.53,129.34,129.45,11300
2022-04-08 12:45:00,129.38,129.48,129.3,129.34,17074
2022-04-08 12:50:00,129.31,129.495,129.31,129.44,13446
2022-04-08 12:55:00,129.44,129.5,129.35,129.417,13429
2022-04-08 13:00:00,129.4,129.46,129.295,129.46,20389
2022-04-08 13:05:00,129.46,129.489,129.34,129.47,9702
2022-04-08 13:10:00,129.475,129.49,129.245,129.245,18815
2022-04-08 13:15:00,129.245,129.315,129.245,129.295,66135
2022-04-08 13:20:00,129.3,129.54,129.27,129.42,25012
2022-04-08 13:25:00,129.41,129.42,129.23,129.33,37936
2022-04-08 13:30:00,129.335,129.3459,129.24,129.24,22590
2022-04-08 13:35:00,129.26,129.39,129.24,129.3275,10167
2022-04-08 13:40:00,129.335,129.4,129.3,129.37,12485
2022-04-08 13:45:00,129.385,129.385,129.2176,129.3,15714
2022-04-08 13:50:00,129.295,129.365,129.25,129.27,22693
2022-04-08 13:55:00,129.25,129.29,129.185,129.185,11271
2022-04-08 14:00:00,129.17,129.2,129.0,129.02,17656
2022-04-08 14:05:00,129.02,129.085,128.89,129.05,34451
2022-04-08 14:10:00,129.07,129.1,128.89,129.01,21857
2022-04-08 14:15:00,129.04,129.09,129.0,129.06,22590
2022-04-08 14:20:00,129.06,129.18,128.92,128.92,15324
2022-04-08 14:25:00,128.9,128.9,128.66,128.76,21320
2022-04-08 14:30:00,128.73,128.75,128.58,128.62,14654
2022-04-08 14:35:00,128.59,128.72,128.55,128.705,27925
2022-04-08 14:40:00,128.68,128.8,128.615,128.66,21413
2022-04-08 14:45:00,128.645,128.77,128.61,128.76,14552
2022-04-08 14:50:00,128.76,128.91,128.715,128.9,13324
2022-04-08 14:55:00,128.9,128.9,128.665,128.715,16606
2022-04-08 15:00:00,128.71,128.74,128.61,128.65,30655
2022-04-08 15:05:00,128.65,128.67,128.56,128.65,29121
2022-04-08 15:10:00,128.64,128.96,128.605,128.8,19415
2022-04-08 15:15:00,128.78,129.0,128.75,128.86,22580
2022-04-08 15:20:00,128.87,128.88,128.68,128.72,16620
2022-04-08 15:25:00,128.71,128.76,128.63,128.68,29073
2022-04-08 15:30:00,128.7,128.77,128.58,128.59,29641
2022-04-08 15:35:00,128.6,128.62,128.465,128.54,44922
2022-04-08 15:40:00,128.525,128.56,128.39,128.49,44009
2022-04-08 15:45:00,128.46,128.61,128.27,128.27,101638
2022-04-08 15:50:00,128.26,128.33,128.03,128.08,85413
2022-04-08 15:55:00,128.065,128.21,127.93,128.15,292896
2022-04-08 16:00:00,128.15,128.15,128.15,128.15,815353
2022-04-08 16:10:00,128.15,128.15,128.15,128.15,3405
2022-04-08 16:15:00,128.15,128.15,128.15,128.15,3379
2022-04-08 16:20:00,128.15,128.15,128.15,128.15,1820
2022-04-08 16:25:00,128.15,128.15,128.15,128.15,100
2022-04-08 17:30:00,127.8,127.8,127.8,127.8,100
2022-04-08 19:55:00,128.1,128.1,128.1,128.1,100
2022-04-11 04:00:00,127.66,127.66,127.66,127.66,128
2022-04-11 04:20:00,126.49,126.49,126.49,126.49,996
2022-04-11 04:25:00,127.0,127.0,127.0,127.0,100
2022-04-11 05:30:00,126.65,126.65,126.65,126.65,100
2022-04-11 05:40:00,126.61,126.61,126.61,126.61,5815
2022-04-11 06:10:00,126.71,126.71,126.57,126.57,1058
2022-04-11 07:00:00,127.69,127.69,127.69,127.69,205
2022-04-11 08:20:00,127.0,127.0,127.0,127.0,2700
2022-04-11 08:35:00,126.82,126.82,126.82,126.82,135
2022-04-11 08:45:00,127.21,127.21,126.45,126.45,565
2022-04-11 09:05:00,126.8,126.8,126.8,126.8,100
2022-04-11 09:10:00,126.8,126.8,126.8,126.8,286
2022-04-11 09:20:00,126.76,126.8,126.71,126.8,1394
2022-04-11 09:25:00,125.79,125.79,125.07,125.07,3604
2022-04-11 09:30:00,125.1,126.32,124.93,125.29,274490
2022-04-11 09:35:00,125.3,125.39,124.77,125.125,141581
2022-04-11 09:40:00,125.13,125.84,124.83,125.71,147419
2022-04-11 09:45:00,125.68,126.3,125.55,126.21,59149
2022-04-11 09:50:00,126.22,126.86,126.15,126.811,77814
2022-04-11 09:55:00,126.82,126.8741,126.21,126.455,88925
2022-04-11 10:00:00,126.42,126.42,125.91,125.945,75642
2022-04-11 10:05:00,125.88,126.24,125.78,126.095,52573
2022-04-11 10:10:00,126.07,126.3,125.99,126.045,43545
2022-04-11 10:15:00,126.06,126.1697,125.32,125.5,100598
2022-04-11 10:20:00,125.49,125.99,125.46,125.88,75278
2022-04-11 10:25:00,125.87,125.9,125.42,125.4335,51335
2022-04-11 10:30:00,125.44,125.46,125.18,125.355,78898
2022-04-11 10:35:00,125.32,125.37,125.14,125.29,70894
2022-04-11 10:40:00,125.255,125.255,124.88,124.9686,68378
2022-04-11 10:45:00,124.97,125.195,124.9,124.905,31475
2022-04-11 10:50:00,124.85,125.0,124.7385,124.85,36444
2022-04-11 10:55:00,124.83,125.02,124.7,124.7935,48648
2022-04-11 11:00:00,124.755,124.755,124.45,124.474,25097
2022-04-11 11:05:00,124.44,124.55,124.32,124.47,43349
2022-04-11 11:10:00,124.46,124.62,124.35,124.45,44117
2022-04-11 11:15:00,124.455,124.59,124.4,124.44,41486
2022-04-11 11:20:00,124.42,124.505,124.33,124.39,25238
2022-04-11 11:25:00,124.405,124.58,124.38,124.56,41404
2022-04-11 11:30:00,124.58,124.83,124.56,124.775,60640
2022-04-11 11:35:00,124.7664,125.06,124.7664,124.93,33371
2022-04-11 11:40:00,124.92,125.045,124.835,124.92,25198
2022-04-11 11:45:00,124.9,125.0,124.77,124.92,27563
2022-04-11 11:50:00,124.9,124.98,124.8,124.87,42128
2022-04-11 11:55:00,124.86,125.1,124.84,124.9,54370
2022-04-11 12:00:00,124.91,125.02,124.88,124.97,17271
2022-04-11 12:05:00,124.96,125.1,124.92,124.97,22461
2022-04-11 12:10:00,125.0,125.085,124.89,124.929,18389
2022-04-11 12:15:00,124.9397,125.05,124.86,124.9,18255
2022-04-11 12:20:00,124.92,125.05,124.92,124.9818,21648
2022-04-11 12:25:00,124.96,125.05,124.93,124.94,17959
2022-04-11 12:30:00,124.93,124.9522,124.77,124.89,18266
2022-04-11 12:35:00,124.88,124.97,124.81,124.95,16279
2022-04-11 12:40:00,124.94,124.9964,124.88,124.94,15613
2022-04-11 12:45:00,124.96,124.995,124.84,124.9601,25097
2022-04-11 12:50:00,124.99,125.07,124.79,124.81,19667
2022-04-11 12:55:00,124.79,124.96,124.7899,124.83,25778
2022-04-11 13:00:00,124.83,125.11,124.83,125.07,29142
2022-04-11 13:05:00,125.05,125.14,124.97,125.05,25377
2022-04-11 13:10:00,125.04,125.22,124.9295,125.22,36416
2022-04-11 13:15:00,125.2,125.29,125.1,125.26,22388
2022-04-11 13:20:00,125.28,125.55,125.23,125.375,27661
2022-04-11 13:25:00,125.39,125.72,125.39,125.66,26293
2022-04-11 13:30:00,125.67,125.75,125.53,125.71,29287
2022-04-11 13:35:00,125.73,125.76,125.32,125.44,33520
2022-04-11 13:40:00,125.44,125.63,125.43,125.52,34693
2022-04-11 13:45:00,125.49,125.63,125.47,125.565,20418
2022-04-11 13:50:00,125.55,125.61,125.43,125.5,33555
2022-04-11 13:55:00,125.49,125.54,125.41,125.54,32811
2022-04-11 14:00:00,125.53,125.58,125.45,125.51,28214
2022-04-11 14:05:00,125.52,125.73,125.46,125.64,35998
2022-04-11 14:10:00,125.62,125.64,125.315,125.35,26379
2022-04-11 14:15:00,125.35,125.35,125.21,125.2418,25493
2022-04-11 14:20:00,125.24,125.44,125.21,125.41,43355
2022-04-11 14:25:00,125.4,125.41,125.26,125.33,20257
2022-04-11 14:30:00,125.32,125.49,125.26,125.49,21057
2022-04-11 14:35:00,125.47,125.49,125.37,125.46,18030
2022-04-11 14:40:00,125.46,125.5,125.3401,125.41,28632
2022-04-11 14:45:00,125.42,125.61,125.42,125.61,41279
2022-04-11 14:50:00,125.61,125.7,125.55,125.68,22601
2022-04-11 14:55:00,125.67,125.815,125.66,125.75,22958
2022-04-11 15:00:00,125.75,125.91,125.61,125.61,22494
2022-04-11 15:05:00,125.62,125.77,125.565,125.77,25281
2022-04-11 15:10:00,125.78,125.84,125.59,125.6421,22374
2022-04-11 15:15:00,125.67,125.68,125.51,125.63,27492
2022-04-11 15:20:00,125.63,125.646,125.31,125.36,50266
2022-04-11 15:25:00,125.35,125.415,125.2819,125.3,59356
2022-04-11 15:30:00,125.29,125.3,125.04,125.18,47493
2022-04-11 15:35:00,125.16,125.32,125.12,125.265,62630
2022-04-11 15:40:00,125.26,125.35,125.2,125.2761,111534
2022-04-11 15:45:00,125.255,125.28,125.12,125.15,90977
2022-04-11 15:50:00,125.16,125.28,124.9,124.92,128485
2022-04-11 15:55:00,124.92,125.18,124.79,125.01,303848
2022-04-11 16:00:00,124.98,124.98,124.98,124.98,974073
2022-04-11 16:05:00,124.98,124.98,124.98,124.98,7158
2022-04-11 16:10:00,124.98,124.98,124.98,124.98,7921
2022-04-11 16:20:00,124.7,124.74,124.44,124.5,20264
2022-04-11 16:25:00,124.36,124.36,124.25,124.25,9458
2022-04-11 16:30:00,124.49,124.49,124.49,124.49,100
2022-04-11 16:45:00,124.29,124.54,124.24,124.54,14221
2022-04-11 16:50:00,124.98,124.98,124.98,124.98,7270
2022-04-11 17:20:00,124.6999,124.6999,124.5,124.5,900
2022-04-11 17:35:00,124.4,124.4,124.4,124.4,100
2022-04-11 17:40:00,124.49,124.49,124.49,124.49,100
2022-04-11 17:55:00,124.45,124.45,124.45,124.45,200
2022-04-11 18:05:00,124.39,124.39,124.38,124.38,200
2022-04-11 18:55:00,124.46,124.46,124.46,124.46,500
2022-04-11 19:40:00,124.44,124.8,124.44,124.68,2013
2022-04-11 19:50:00,124.48,124.5,124.48,124.5,455
2022-04-11 19:55:00,124.5,124.5,124.3,124.3,458
2022-04-12 04:05:00,124.98,124.98,124.98,124.98,107
2022-04-12 04:40:00,125.0,125.0,125.0,125.0,150
2022-04-12 05:05:00,124.62,124.62,124.62,124.62,100
2022-04-12 05:40:00,124.95,124.95,124.95,124.95,873
2022-04-12 06:35:00,124.94,124.94,124.94,124.94,100
2022-04-12 07:45:00,124.8,124.8,124.8,124.8,188
2022-04-12 08:00:00,124.8,125.01,124.8,125.01,800
2022-04-12 08:20:00,125.25,125.25,125.25,125.25,200
2022-04-12 08:25:00,125.25,125.25,125.2,125.2,360
2022-04-12 08:35:00,124.71,125.74,124.7,125.74,1379
2022-04-12 08:45:00,125.92,125.92,125.92,125.92,400
2022-04-12 08:50:00,126.49,126.5,126.49,126.5,300
2022-04-12 09:00:00,126.19,126.19,126.19,126.19,103
2022-04-12 09:05:00,125.78,125.78,125.78,125.78,100
2022-04-12 09:10:00,125.79,125.79,125.5,125.5,205
2022-04-12 09:15:00,124.919,124.919,124.919,124.919,250
2022-04-12 09:20:00,125.56,125.56,125.56,125.56,351
2022-04-12 09:25:00,125.18,125.18,124.7,124.95,4244
2022-04-12 09:30:00,125.2,126.38,124.84,126.12,203455
2022-04-12 09:35:00,126.21,126.48,125.575,126.3495,40692
2022-04-12 09:40:00,126.29,127.1108,126.19,127.05,41342
2022-04-12 09:45:00,127.14,127.43,127.0025,127.41,60839
2022-04-12 09:50:00,127.41,128.1,127.4,127.82,54841
2022-04-12 09:55:00,127.83,128.08,127.42,127.46,75919
2022-04-12 10:00:00,127.49,127.5,127.16,127.48,55814
2022-04-12 10:05:00,127.47,127.62,127.17,127.46,61751
2022-04-12 10:10:00,127.48,127.69,127.37,127.68,52302
2022-04-12 10:15:00,127.63,127.77,127.51,127.51,69618
2022-04-12 10:20:00,127.46,127.72,127.43,127.72,32925
2022-04-12 10:25:00,127.73,127.73,127.36,127.5,48587
2022-04-12 10:30:00,127.51,127.64,127.405,127.51,28828
2022-04-12 10:35:00,127.5,127.66,127.07,127.25,59864
2022-04-12 10:40:00,127.25,127.29,127.06,127.26,59604
2022-04-12 10:45:00,127.29,127.39,126.92,126.97,33372
2022-04-12 10:50:00,126.94,126.99,126.77,126.97,47239
2022-04-12 10:55:00,126.95,127.11,126.93,126.99,54302
2022-04-12 11:00:00,126.98,127.3,126.87,127.29,41935
2022-04-12 11:05:00,127.32,127.46,127.04,127.05,29369
2022-04-12 11:10:00,127.045,127.48,127.045,127.48,34921
2022-04-12 11:15:00,127.48,127.64,127.42,127.57,32307
2022-04-12 11:20:00,127.55,127.67,127.505,127.57,27797
2022-04-12 11:25:00,127.58,127.71,127.33,127.5,25165
2022-04-12 11:30:00,127.51,127.718,127.44,127.718,41856
2022-04-12 11:35:00,127.72,127.845,127.6,127.73,39103
2022-04-12 11:40:00,127.74,127.91,127.715,127.77,38538
2022-04-12 11:45:00,127.76,127.85,127.71,127.79,24685
2022-04-12 11:50:00,127.81,127.85,127.73,127.8,21387
2022-04-12 11:55:00,127.8,127.8686,127.64,127.68,15060
2022-04-12 12:00:00,127.66,127.67,127.32,127.38,12839
2022-04-12 12:05:00,127.39,127.41,127.18,127.215,14931
2022-04-12 12:10:00,127.21,127.21,127.0,127.08,18896
2022-04-12 12:15:00,127.07,127.3,127.0,127.15,15641
2022-04-12 12:20:00,127.1,127.22,126.94,126.95,23654
2022-04-12 12:25:00,126.94,126.94,126.66,126.71,20442
2022-04-12 12:30:00,126.66,126.78,126.57,126.58,11597
2022-04-12 12:35:00,126.56,126.77,126.56,126.69,12804
2022-04-12 12:40:00,126.65,126.75,126.515,126.63,17908
2022-04-12 12:45:00,126.65,126.72,126.51,126.675,24677
2022-04-12 12:50:00,126.68,126.845,126.61,126.66,13887
2022-04-12 12:55:00,126.7,126.78,126.66,126.695,11671
2022-04-12 13:00:00,126.69,126.79,126.42,126.55,20722
2022-04-12 13:05:00,126.57,126.64,126.36,126.43,31195
2022-04-12 13:10:00,126.44,126.69,126.43,126.5301,20193
2022-04-12 13:15:00,126.53,126.55,126.335,126.48,13521
2022-04-12 13:20:00,126.49,126.62,126.395,126.46,16952
2022-04-12 13:25:00,126.48,126.52,126.43,126.47,10100
2022-04-12 13:30:00,126.48,126.67,126.365,126.585,21267
2022-04-12 13:35:00,126.62,126.69,126.41,126.4377,16526
2022-04-12 13:40:00,126.42,126.5,126.25,126.31,21629
2022-04-12 13:45:00,126.28,126.2852,126.04,126.06,22058
2022-04-12 13:50:00,126.065,126.065,125.94,125.98,24366
2022-04-12 13:55:00,125.98,125.98,125.67,125.7998,32028
2022-04-12 14:00:00,125.8119,125.96,125.702,125.95,24393
2022-04-12 14:05:00,125.92,126.08,125.88,125.94,28843
2022-04-12 14:10:00,125.93,125.94,125.56,125.56,17028
2022-04-12 14:15:00,125.53,125.56,125.22,125.23,49002
2022-04-12 14:20:00,125.21,125.36,125.14,125.28,34345
2022-04-12 14:25:00,125.22,125.29,125.07,125.08,32515
2022-04-12 14:30:00,125.08,125.165,124.95,125.07,51449
2022-04-12 14:35:00,125.06,125.14,124.95,125.04,47758
2022-04-12 14:40:00,125.03,125.16,124.93,124.9904,25456
2022-04-12 14:45:00,125.09,125.32,125.06,125.1,17994
2022-04-12 14:50:00,125.0955,125.22,125.0212,125.18,25039
2022-04-12 14:55:00,125.19,125.25,125.045,125.0756,21387
2022-04-12 15:00:00,125.06,125.12,124.72,124.77,33324
2022-04-12 15:05:00,124.77,124.81,124.52,124.55,45709
2022-04-12 15:10:00,124.56,124.5723,124.41,124.45,32752
2022-04-12 15:15:00,124.46,124.48,124.34,124.48,40222
2022-04-12 15:20:00,124.5,124.71,124.48,124.57,35553
2022-04-12 15:25:00,124.57,124.58,124.4,124.52,54328
2022-04-12 15:30:00,124.5,124.64,124.41,124.53,55677
2022-04-12 15:35:00,124.53,124.9,124.505,124.86,68793
2022-04-12 15:40:00,124.86,124.94,124.71,124.83,71179
2022-04-12 15:45:00,124.81,125.18,124.7,125.17,188974
2022-04-12 15:50:00,125.15,125.18,124.8701,125.07,128818
2022-04-12 15:55:00,125.07,125.18,124.96,125.03,325215
2022-04-12 16:00:00,125.04,125.04,125.04,125.04,574592
2022-04-12 16:05:00,125.04,125.04,125.04,125.04,433
2022-04-12 16:15:00,125.1502,125.1502,125.1502,125.1502,500
2022-04-12 16:30:00,125.2899,125.2899,125.2899,125.2899,100
2022-04-12 17:15:00,125.04,125.04,125.04,125.04,250
2022-04-12 19:25:00,125.16,125.16,125.16,125.16,100
2022-04-12 19:30:00,125.29,125.29,125.29,125.29,999
2022-04-13 04:25:00,126.5,126.5,126.5,126.5,118
2022-04-13 04:40:00,126.2,126.2,126.2,126.2,400
2022-04-13 04:50:00,126.2,126.2,126.2,126.2,100
2022-04-13 05:15:00,126.2,126.2,126.2,126.2,100
2022-04-13 05:20:00,126.2,126.2,126.17,126.2,662
2022-04-13 05:40:00,126.2,126.2,126.19,126.2,831
2022-04-13 05:45:00,126.0,126.0,126.0,126.0,111
2022-04-13 05:50:00,125.8,125.8,125.8,125.8,111
2022-04-13 05:55:00,125.55,125.55,125.55,125.55,497
2022-04-13 06:00:00,125.31,125.31,124.75,124.75,4736
2022-04-13 06:35:00,125.0,125.23,125.0,125.23,559
2022-04-13 06:40:00,125.01,125.01,125.0,125.0,1199
2022-04-13 06:50:00,125.5,125.5,125.5,125.5,100
2022-04-13 06:55:00,125.37,125.37,125.37,125.37,100
2022-04-13 07:35:00,125.5,125.5,125.5,125.5,477
2022-04-13 07:40:00,125.78,126.0,125.78,126.0,1274
2022-04-13 07:50:00,125.25,125.25,125.1,125.1,357
2022-04-13 07:55:00,125.15,125.15,125.15,125.15,222
2022-04-13 08:00:00,125.15,125.15,125.15,125.15,415
2022-04-13 08:05:00,125.15,125.15,125.15,125.15,111
2022-04-13 08:10:00,124.99,124.99,124.99,124.99,100
2022-04-13 08:40:00,125.03,125.1,125.03,125.1,262
2022-04-13 09:00:00,124.8515,124.8515,124.8515,124.8515,200
2022-04-13 09:30:00,125.04,125.86,125.04,125.78,271543
2022-04-13 09:35:00,125.87,126.57,125.62,126.48,77858
2022-04-13 09:40:00,126.54,126.86,126.37,126.62,59641
2022-04-13 09:45:00,126.615,127.19,126.55,127.05,57665
2022-04-13 09:50:00,127.06,127.19,126.77,126.89,48702
2022-04-13 09:55:00,126.91,126.9495,126.48,126.48,50747
2022-04-13 10:00:00,126.48,126.52,126.0954,126.29,50846
2022-04-13 10:05:00,126.32,126.55,126.06,126.06,35275
2022-04-13 10:10:00,126.05,126.45,125.99,126.24,44861
2022-04-13 10:15:00,126.24,126.76,126.24,126.76,74970
2022-04-13 10:20:00,126.74,126.84,126.57,126.77,45720
2022-04-13 10:25:00,126.77,126.77,126.23,126.28,27966
2022-04-13 10:30:00,126.29,126.81,126.26,126.705,35120
2022-04-13 10:35:00,126.6997,126.85,126.47,126.51,21920
2022-04-13 10:40:00,126.52,126.58,126.12,126.575,25137
2022-04-13 10:45:00,126.615,126.73,126.38,126.445,29966
2022-04-13 10:50:00,126.46,126.73,126.42,126.64,21240
2022-04-13 10:55:00,126.61,126.8,126.54,126.71,27352
2022-04-13 11:00:00,126.73,127.09,126.67,127.06,27123
2022-04-13 11:05:00,127.07,127.09,126.83,126.895,22443
2022-04-13 11:10:00,126.9,126.99,126.78,126.93,19288
2022-04-13 11:15:00,126.91,127.0,126.83,126.985,37599
2022-04-13 11:20:00,127.01,127.06,126.8424,126.985,26309
2022-04-13 11:25:00,127.01,127.1,126.85,126.9,28096
2022-04-13 11:30:00,126.95,127.0,126.85,126.92,45444
2022-04-13 11:35:00,126.95,126.985,126.825,126.96,19052
2022-04-13 11:40:00,126.97,127.115,126.94,127.01,15745
2022-04-13 11:45:00,127.02,127.04,126.91,127.01,17183
2022-04-13 11:50:00,126.9849,127.143,126.93,127.1,20849
2022-04-13 11:55:00,127.1,127.14,126.99,126.99,25239
2022-04-13 12:00:00,126.99,127.01,126.81,127.01,12351
2022-04-13 12:05:00,127.005,127.04,126.9,126.95,11610
2022-04-13 12:10:00,126.92,126.92,126.77,126.88,17001
2022-04-13 12:15:00,126.9,126.935,126.76,126.84,21470
2022-04-13 12:20:00,126.84,126.905,126.72,126.905,22771
2022-04-13 12:25:00,126.9,127.12,126.9,127.09,42365
2022-04-13 12:30:00,127.1,127.24,127.1,127.14,19267
2022-04-13 12:35:00,127.18,127.35,127.15,127.19,23500
2022-04-13 12:40:00,127.21,127.42,127.21,127.39,26478
2022-04-13 12:45:00,127.41,127.41,127.29,127.32,11707
2022-04-13 12:50:00,127.3216,127.38,127.2,127.24,18022
2022-04-13 12:55:00,127.27,127.32,127.13,127.18,17532
2022-04-13 13:00:00,127.175,127.24,127.095,127.17,18054
2022-04-13 13:05:00,127.17,127.24,127.125,127.2,18833
2022-04-13 13:10:00,127.19,127.34,127.15,127.25,13756
2022-04-13 13:15:00,127.2665,127.3,127.19,127.2501,13852
2022-04-13 13:20:00,127.26,127.35,127.23,127.28,13382
2022-04-13 13:25:00,127.26,127.27,127.14,127.24,15085
2022-04-13 13:30:00,127.27,127.295,127.17,127.18,16585
2022-04-13 13:35:00,127.1835,127.27,127.0,127.04,21900
2022-04-13 13:40:00,127.05,127.05,126.91,127.0196,16091
2022-04-13 13:45:00,127.02,127.13,127.02,127.13,13212
2022-04-13 13:50:00,127.13,127.13,126.89,126.9266,15735
2022-04-13 13:55:00,126.93,127.14,126.93,127.14,11473
2022-04-13 14:00:00,127.14,127.14,127.005,127.1,25243
2022-04-13 14:05:00,127.09,127.16,127.0,127.0016,41942
2022-04-13 14:10:00,126.99,126.99,126.74,126.8012,30987
2022-04-13 14:15:00,126.8203,126.9,126.79,126.88,47083
2022-04-13 14:20:00,126.91,126.97,126.77,126.82,72865
2022-04-13 14:25:00,126.84,126.85,126.72,126.78,24282
2022-04-13 14:30:00,126.77,126.87,126.77,126.81,17724
2022-04-13 14:35:00,126.8,126.93,126.77,126.87,27379
2022-04-13 14:40:00,126.86,126.93,126.79,126.9,21025
2022-04-13 14:45:00,126.92,127.14,126.92,127.12,25215
2022-04-13 14:50:00,127.13,127.19,127.04,127.04,20166
2022-04-13 14:55:00,127.05,127.14,126.95,126.995,53298
2022-04-13 15:00:00,127.0,127.02,126.86,127.0101,39987
2022-04-13 15:05:00,127.03,127.27,127.03,127.26,19506
2022-04-13 15:10:00,127.25,127.35,127.21,127.3,22341
2022-04-13 15:15:00,127.33,127.51,127.33,127.48,22937
2022-04-13 15:20:00,127.5,127.58,127.425,127.58,25809
2022-04-13 15:25:00,127.59,127.71,127.545,127.68,67238
2022-04-13 15:30:00,127.68,127.77,127.62,127.745,54787
2022-04-13 15:35:00,127.74,127.86,127.67,127.84,101763
2022-04-13 15:40:00,127.84,127.86,127.67,127.7,74195
2022-04-13 15:45:00,127.71,127.76,127.57,127.64,73899
2022-04-13 15:50:00,127.65,127.7,127.38,127.41,114034
2022-04-13 15:55:00,127.4,127.54,127.3183,127.48,276470
2022-04-13 16:00:00,127.49,127.49,127.49,127.49,520832
2022-04-13 16:05:00,127.49,127.49,127.49,127.49,5017
2022-04-13 16:20:00,127.39,127.39,127.39,127.39,800
2022-04-13 16:35:00,127.49,127.49,127.49,127.49,100
2022-04-13 16:40:00,127.49,127.74,127.49,127.74,652
2022-04-13 16:45:00,127.49,127.49,127.49,127.49,3648
2022-04-13 16:55:00,127.85,127.85,127.85,127.85,100
2022-04-13 17:25:00,127.49,127.49,127.49,127.49,913
2022-04-13 19:30:00,127.81,127.81,127.81,127.81,100
2022-04-13 19:35:00,127.6,127.6,127.6,127.6,100
2022-04-13 19:50:00,127.4,127.4,127.4,127.4,100
2022-04-14 04:00:00,127.49,127.49,127.49,127.49,300
2022-04-14 05:15:00,127.12,127.12,127.12,127.12,100
2022-04-14 05:30:00,127.5,127.5,127.5,127.5,350
2022-04-14 06:40:00,128.02,128.03,128.0,128.0,1400
2022-04-14 06:50:00,128.01,128.16,127.99,128.16,4632
2022-04-14 06:55:00,128.2,128.25,128.15,128.15,731
2022-04-14 07:00:00,128.2,128.59,128.2,128.21,856
2022-04-14 07:05:00,128.58,128.66,128.58,128.66,355
2022-04-14 07:15:00,128.66,128.66,128.66,128.66,336
2022-04-14 07:20:00,128.66,128.66,128.66,128.66,1142
2022-04-14 07:25:00,128.96,129.75,128.96,129.75,463
2022-04-14 07:35:00,129.0,129.01,129.0,129.0,1184
2022-04-14 07:45:00,129.0,129.0,128.99,129.0,1405
2022-04-14 07:55:00,128.55,128.55,128.55,128.55,100
2022-04-14 08:00:00,127.4,128.09,127.4,128.09,1320
2022-04-14 08:35:00,128.56,128.56,128.56,128.56,100
2022-04-14 08:45:00,128.6,128.6,128.58,128.58,638
2022-04-14 08:50:00,128.4,128.4,128.4,128.4,211
2022-04-14 08:55:00,128.33,128.33,128.33,128.33,200
2022-04-14 09:00:00,128.39,128.39,128.39,128.39,100
2022-04-14 09:05:00,128.4,128.4,128.4,128.4,100
2022-04-14 09:20:00,128.45,128.55,128.45,128.45,388
2022-04-14 09:25:00,128.65,129.53,128.65,129.45,3350
2022-04-14 09:30:00,129.08,129.99,129.0,129.67,488496
2022-04-14 09:35:00,129.74,129.92,128.891,129.44,145745
2022-04-14 09:40:00,129.54,130.285,129.28,129.97,134895
2022-04-14 09:45:00,129.91,130.42,129.87,130.42,134799
2022-04-14 09:50:00,130.45,130.6399,130.31,130.56,173035
2022-04-14 09:55:00,130.55,131.44,130.52,131.4,270657
2022-04-14 10:00:00,131.42,131.68,131.3,131.43,246139
2022-04-14 10:05:00,131.44,131.575,131.13,131.3,138762
2022-04-14 10:10:00,131.33,132.04,131.32,131.99,125052
2022-04-14 10:15:00,131.98,132.48,131.845,132.35,134204
2022-04-14 10:20:00,132.33,132.79,132.18,132.76,160648
2022-04-14 10:25:00,132.77,133.09,132.73,132.885,179306
2022-04-14 10:30:00,132.89,133.13,132.76,132.815,136648
2022-04-14 10:35:00,132.81,133.35,132.53,133.24,195637
2022-04-14 10:40:00,133.235,133.64,133.1,133.59,217535
2022-04-14 10:45:00,133.585,133.5993,133.06,133.49,222295
2022-04-14 10:50:00,133.47,133.475,132.9,132.9038,156338
2022-04-14 10:55:00,132.93,133.4399,132.91,133.395,103875
2022-04-14 11:00:00,133.38,133.67,133.22,133.45,95342
2022-04-14 11:05:00,133.45,133.61,133.22,133.455,73286
2022-04-14 11:10:00,133.4476,133.485,133.13,133.255,63566
2022-04-14 11:15:00,133.26,133.57,133.25,133.4,80950
2022-04-14 11:20:00,133.4,133.89,133.4,133.875,90992
2022-04-14 11:25:00,133.875,134.0,133.7901,133.925,124421
2022-04-14 11:30:00,133.9,134.1,133.68,133.775,107534
2022-04-14 11:35:00,133.76,134.21,133.661,133.92,114092
2022-04-14 11:40:00,133.915,134.03,133.54,133.55,117686
2022-04-14 11:45:00,133.55,133.63,133.26,133.415,81097
2022-04-14 11:50:00,133.415,133.56,133.34,133.365,53098
2022-04-14 11:55:00,133.365,133.78,133.32,133.57,49886
2022-04-14 12:00:00,133.55,133.55,133.36,133.405,77223
2022-04-14 12:05:00,133.39,134.1,133.31,133.62,145793
2022-04-14 12:10:00,133.61,133.6699,133.45,133.515,43803
2022-04-14 12:15:00,133.5275,133.645,133.14,133.18,81323
2022-04-14 12:20:00,133.18,133.26,132.95,133.12,60817
2022-04-14 12:25:00,133.15,133.23,133.01,133.08,51224
2022-04-14 12:30:00,133.08,133.55,133.08,133.475,180720
2022-04-14 12:35:00,133.4683,133.73,133.4667,133.4961,149325
2022-04-14 12:40:00,133.4901,133.59,133.3101,133.3475,97797
2022-04-14 12:45:00,133.355,133.41,133.2613,133.27,59240
2022-04-14 12:50:00,133.2646,133.69,133.24,133.525,134646
2022-04-14 12:55:00,133.525,133.56,133.29,133.52,64970
2022-04-14 13:00:00,133.52,133.81,133.43,133.77,105981
2022-04-14 13:05:00,133.76,133.88,133.46,133.63,92250
2022-04-14 13:10:00,133.635,133.675,133.31,133.31,65125
2022-04-14 13:15:00,133.36,133.55,133.22,133.4,121857
2022-04-14 13:20:00,133.34,133.53,133.25,133.44,72512
2022-04-14 13:25:00,133.44,133.54,133.33,133.44,47655
2022-04-14 13:30:00,133.45,133.6,133.37,133.47,67386
2022-04-14 13:35:00,133.48,133.62,133.46,133.57,33635
2022-04-14 13:40:00,133.57,133.76,133.52,133.74,45982
2022-04-14 13:45:00,133.76,134.0,133.76,133.9,52685
2022-04-14 13:50:00,133.9,134.0099,133.7772,133.79,60997
2022-04-14 13:55:00,133.79,133.83,133.675,133.83,30703
2022-04-14 14:00:00,133.84,133.93,133.78,133.859,33988
2022-04-14 14:05:00,133.88,133.96,133.82,133.8709,34899
2022-04-14 14:10:00,133.88,134.1,133.88,134.06,42412
2022-04-14 14:15:00,134.075,134.17,133.95,133.97,33921
2022-04-14 14:20:00,133.95,133.95,133.735,133.77,51309
2022-04-14 14:25:00,133.75,133.9,133.645,133.76,36222
2022-04-14 14:30:00,133.77,133.78,133.54,133.61,62149
2022-04-14 14:35:00,133.63,133.82,133.6,133.675,46600
2022-04-14 14:40:00,133.67,133.79,133.59,133.75,32395
2022-04-14 14:45:00,133.75,133.87,133.68,133.77,43308
2022-04-14 14:50:00,133.78,134.0,133.7798,133.86,181720
2022-04-14 14:55:00,133.86,134.0499,133.8,133.87,155302
2022-04-14 15:00:00,133.89,134.065,133.84,133.995,121648
2022-04-14 15:05:00,133.98,134.08,133.92,133.94,65137
2022-04-14 15:10:00,133.92,134.0,133.84,133.95,113203
2022-04-14 15:15:00,133.95,134.03,133.82,134.02,82805
2022-04-14 15:20:00,134.01,134.38,134.01,134.35,127955
2022-04-14 15:25:00,134.35,134.35,133.8257,133.981,110040
2022-04-14 15:30:00,134.0,134.04,133.76,133.925,168789
2022-04-14 15:35:00,133.92,133.99,133.62,133.71,202127
2022-04-14 15:40:00,133.72,134.02,133.64,133.95,130132
2022-04-14 15:45:00,133.96,134.03,133.64,133.68,205588
2022-04-14 15:50:00,133.68,133.72,133.37,133.54,257901
2022-04-14 15:55:00,133.545,133.64,133.2708,133.49,741845
2022-04-14 16:00:00,133.46,133.46,133.46,133.46,783484
2022-04-14 16:05:00,133.46,133.46,133.46,133.46,10682
2022-04-14 16:20:00,133.46,133.46,133.45,133.45,13521
2022-04-14 16:25:00,133.85,133.85,133.85,133.85,726
2022-04-14 16:30:00,133.0115,133.0115,133.0115,133.0115,100
2022-04-14 16:35:00,133.5,133.5,133.5,133.5,489
2022-04-14 16:45:00,133.46,133.46,133.19,133.19,32600
2022-04-14 17:25:00,133.42,133.42,133.42,133.42,100
2022-04-14 17:40:00,133.45,133.45,133.4,133.4,753
2022-04-14 17:50:00,133.417,133.417,133.417,133.417,200
2022-04-14 17:55:00,133.42,133.43,133.42,133.42,700
2022-04-14 18:00:00,133.63,133.63,133.63,133.63,100
2022-04-14 18:10:00,133.63,133.63,133.63,133.63,948
2022-04-14 18:40:00,133.46,133.46,133.46,133.46,200
2022-04-14 19:00:00,133.63,133.65,133.63,133.65,280
