2022-04-01 06:25:00,38.8,38.8,38.8,38.8,100
2022-04-01 09:30:00,38.56,38.66,38.4,38.42,32012
2022-04-01 09:35:00,38.42,38.53,38.42,38.5,6401
2022-04-01 09:40:00,38.5,38.53,38.47,38.5,5701
2022-04-01 09:45:00,38.53,38.6,38.52,38.57,3534
2022-04-01 09:50:00,38.57,38.62,38.505,38.51,10486
2022-04-01 09:55:00,38.5,38.5,38.36,38.38,9454
2022-04-01 10:00:00,38.37,38.4358,38.22,38.22,11199
2022-04-01 10:05:00,38.2229,38.23,38.085,38.105,14269
2022-04-01 10:10:00,38.14,38.19,38.12,38.1427,9556
2022-04-01 10:15:00,38.14,38.14,38.0899,38.09,15655
2022-04-01 10:20:00,38.1,38.1,38.04,38.095,12039
2022-04-01 10:25:00,38.1,38.13,38.065,38.07,10442
2022-04-01 10:30:00,38.075,38.12,38.07,38.09,11074
2022-04-01 10:35:00,38.06,38.08,38.03,38.08,15016
2022-04-01 10:40:00,38.09,38.135,38.045,38.045,9383
2022-04-01 10:45:00,38.05,38.11,38.02,38.06,12045
2022-04-01 10:50:00,38.05,38.09,38.03,38.09,7493
2022-04-01 10:55:00,38.1,38.12,38.06,38.08,12188
2022-04-01 11:00:00,38.06,38.08,38.025,38.025,8074
2022-04-01 11:05:00,38.0299,38.11,38.025,38.11,15990
2022-04-01 11:10:00,38.1,38.145,38.095,38.1,7370
2022-04-01 11:15:00,38.1,38.13,38.09,38.12,7428
2022-04-01 11:20:00,38.11,38.14,38.08,38.135,7405
2022-04-01 11:25:00,38.14,38.24,38.14,38.205,19460
2022-04-01 11:30:00,38.2,38.22,38.18,38.22,8511
2022-04-01 11:35:00,38.22,38.28,38.22,38.265,7289
2022-04-01 11:40:00,38.27,38.27,38.18,38.19,8406
2022-04-01 11:45:00,38.18,38.195,38.1744,38.19,5907
2022-04-01 11:50:00,38.19,38.31,38.19,38.31,5835
2022-04-01 11:55:00,38.3,38.31,38.27,38.3,13779
2022-04-01 12:00:00,38.31,38.31,38.29,38.3,4244
2022-04-01 12:05:00,38.29,38.29,38.165,38.2,12014
2022-04-01 12:10:00,38.2,38.25,38.19,38.23,7363
2022-04-01 12:15:00,38.25,38.26,38.2,38.24,34544
2022-04-01 12:20:00,38.24,38.245,38.16,38.16,5983
2022-04-01 12:25:00,38.16,38.225,38.15,38.225,7543
2022-04-01 12:30:00,38.225,38.23,38.155,38.16,5853
2022-04-01 12:35:00,38.155,38.155,38.11,38.13,7111
2022-04-01 12:40:00,38.115,38.195,38.11,38.195,8285
2022-04-01 12:45:00,38.195,38.23,38.195,38.23,5816
2022-04-01 12:50:00,38.225,38.255,38.22,38.23,7782
2022-04-01 12:55:00,38.23,38.25,38.21,38.215,9431
2022-04-01 13:00:00,38.21,38.225,38.195,38.21,8006
2022-04-01 13:05:00,38.215,38.22,38.17,38.19,8462
2022-04-01 13:10:00,38.1713,38.22,38.1713,38.205,6740
2022-04-01 13:15:00,38.205,38.205,38.165,38.17,6961
2022-04-01 13:20:00,38.175,38.175,38.1,38.12,8232
2022-04-01 13:25:00,38.12,38.135,38.09,38.135,12923
2022-04-01 13:30:00,38.13,38.13,38.0893,38.11,8201
2022-04-01 13:35:00,38.115,38.145,38.07,38.145,11114
2022-04-01 13:40:00,38.15,38.21,38.15,38.2,7420
2022-04-01 13:45:00,38.195,38.205,38.1785,38.19,9524
2022-04-01 13:50:00,38.185,38.205,38.18,38.195,4614
2022-04-01 13:55:00,38.19,38.26,38.18,38.245,9698
2022-04-01 14:00:00,38.245,38.28,38.235,38.28,7051
2022-04-01 14:05:00,38.29,38.305,38.26,38.27,16171
2022-04-01 14:10:00,38.27,38.31,38.26,38.31,8942
2022-04-01 14:15:00,38.32,38.335,38.285,38.31,11772
2022-04-01 14:20:00,38.315,38.335,38.2732,38.29,13712
2022-04-01 14:25:00,38.28,38.37,38.275,38.37,21115
2022-04-01 14:30:00,38.38,38.395,38.34,38.355,12080
2022-04-01 14:35:00,38.35,38.365,38.335,38.36,10681
2022-04-01 14:40:00,38.36,38.39,38.35,38.37,8716
2022-04-01 14:45:00,38.36,38.375,38.33,38.335,15850
2022-04-01 14:50:00,38.335,38.37,38.305,38.37,20121
2022-04-01 14:55:00,38.365,38.405,38.285,38.295,52859
2022-04-01 15:00:00,38.29,38.325,38.28,38.315,11645
2022-04-01 15:05:00,38.315,38.365,38.315,38.3365,16223
2022-04-01 15:10:00,38.34,38.355,38.325,38.345,15388
2022-04-01 15:15:00,38.35,38.365,38.3023,38.31,20284
2022-04-01 15:20:00,38.305,38.3076,38.275,38.3,21582
2022-04-01 15:25:00,38.3,38.33,38.3,38.325,22048
2022-04-01 15:30:00,38.32,38.335,38.295,38.319,25034
2022-04-01 15:35:00,38.32,38.36,38.315,38.36,23746
2022-04-01 15:40:00,38.355,38.38,38.305,38.33,46811
2022-04-01 15:45:00,38.325,38.35,38.31,38.315,41856
2022-04-01 15:50:00,38.32,38.47,38.3,38.435,99519
2022-04-01 15:55:00,38.435,38.465,38.39,38.4,260370
2022-04-01 16:00:00,38.4,38.4,38.4,38.4,479356
2022-04-01 16:40:00,38.4,38.4,38.4,38.4,1147
2022-04-01 16:55:00,38.63,38.63,38.63,38.63,100
2022-04-04 09:30:00,38.31,38.4,38.12,38.12,28875
2022-04-04 09:35:00,38.16,38.17,37.95,37.95,9283
2022-04-04 09:40:00,37.94,38.07,37.92,38.01,11441
2022-04-04 09:45:00,37.99,38.1098,37.99,38.1,9866
2022-04-04 09:50:00,38.11,38.11,38.08,38.09,3457
2022-04-04 09:55:00,38.12,38.12,38.04,38.04,6032
2022-04-04 10:00:00,38.02,38.02,37.89,37.89,7525
2022-04-04 10:05:00,37.89,37.99,37.89,37.95,13728
2022-04-04 10:10:00,37.94,37.94,37.82,37.92,13723
2022-04-04 10:15:00,37.925,38.0,37.91,37.97,9358
2022-04-04 10:20:00,37.98,38.0,37.97,37.98,8605
2022-04-04 10:25:00,37.98,38.04,37.95,38.03,12142
2022-04-04 10:30:00,38.01,38.02,37.9298,37.9298,15473
2022-04-04 10:35:00,37.92,37.92,37.83,37.85,8806
2022-04-04 10:40:00,37.8491,37.94,37.8491,37.9,7010
2022-04-04 10:45:00,37.89,37.99,37.88,37.97,10510
2022-04-04 10:50:00,37.97,38.0,37.94,37.99,6063
2022-04-04 10:55:00,37.99,37.99,37.85,37.85,13061
2022-04-04 11:00:00,37.84,37.93,37.81,37.9085,16925
2022-04-04 11:05:00,37.9091,37.91,37.875,37.885,7558
2022-04-04 11:10:00,37.88,37.94,37.84,37.915,12943
2022-04-04 11:15:00,37.92,37.95,37.885,37.95,6334
2022-04-04 11:20:00,37.95,37.98,37.92,37.93,19177
2022-04-04 11:25:00,37.92,37.92,37.85,37.85,7068
2022-04-04 11:30:00,37.85,37.865,37.78,37.79,9815
2022-04-04 11:35:00,37.78,37.81,37.755,37.79,8545
2022-04-04 11:40:00,37.79,37.83,37.78,37.82,8790
2022-04-04 11:45:00,37.82,37.88,37.815,37.875,10277
2022-04-04 11:50:00,37.87,37.88,37.74,37.76,7563
2022-04-04 11:55:00,37.77,37.83,37.77,37.805,8019
2022-04-04 12:00:00,37.8093,37.86,37.79,37.85,13027
2022-04-04 12:05:00,37.83,37.89,37.82,37.89,7212
2022-04-04 12:10:00,37.89,37.89,37.86,37.885,7974
2022-04-04 12:15:00,37.88,37.88,37.74,37.815,30937
2022-04-04 12:20:00,37.8,37.8,37.78,37.784,7698
2022-04-04 12:25:00,37.785,37.82,37.78,37.79,4567
2022-04-04 12:30:00,37.79,37.79,37.71,37.71,6351
2022-04-04 12:35:00,37.7,37.705,37.66,37.68,8470
2022-04-04 12:40:00,37.67,37.7,37.67,37.69,3557
2022-04-04 12:45:00,37.6903,37.73,37.67,37.725,9385
2022-04-04 12:50:00,37.73,37.75,37.7064,37.71,7796
2022-04-04 12:55:00,37.71,37.71,37.67,37.675,4782
2022-04-04 13:00:00,37.68,37.69,37.6497,37.675,10612
2022-04-04 13:05:00,37.67,37.69,37.67,37.69,6044
2022-04-04 13:10:00,37.69,37.71,37.67,37.67,8817
2022-04-04 13:15:00,37.665,37.685,37.66,37.67,6367
2022-04-04 13:20:00,37.67,37.705,37.665,37.69,6323
2022-04-04 13:25:00,37.68,37.69,37.67,37.69,3773
2022-04-04 13:30:00,37.69,37.73,37.69,37.73,10051
2022-04-04 13:35:00,37.73,37.764,37.73,37.76,5626
2022-04-04 13:40:00,37.755,37.8,37.74,37.8,4166
2022-04-04 13:45:00,37.8,37.8,37.785,37.795,3209
2022-04-04 13:50:00,37.785,37.84,37.78,37.84,7611
2022-04-04 13:55:00,37.85,37.9,37.85,37.885,5278
2022-04-04 14:00:00,37.885,37.94,37.87,37.94,8416
2022-04-04 14:05:00,37.94,37.94,37.89,37.89,5147
2022-04-04 14:10:00,37.895,37.915,37.875,37.885,8295
2022-04-04 14:15:00,37.875,37.9,37.875,37.8927,3368
2022-04-04 14:20:00,37.9,37.925,37.895,37.91,7862
2022-04-04 14:25:00,37.905,37.915,37.8901,37.901,5391
2022-04-04 14:30:00,37.901,37.901,37.82,37.84,16075
2022-04-04 14:35:00,37.835,37.85,37.81,37.81,7357
2022-04-04 14:40:00,37.81,37.81,37.73,37.73,11727
2022-04-04 14:45:00,37.73,37.7483,37.705,37.71,15051
2022-04-04 14:50:00,37.72,37.74,37.69,37.7,11613
2022-04-04 14:55:00,37.71,37.715,37.665,37.68,20608
2022-04-04 15:00:00,37.67,37.68,37.63,37.67,24088
2022-04-04 15:05:00,37.67,37.71,37.66,37.675,15341
2022-04-04 15:10:00,37.68,37.685,37.65,37.655,14377
2022-04-04 15:15:00,37.65,37.65,37.59,37.645,17226
2022-04-04 15:20:00,37.645,37.66,37.64,37.655,15830
2022-04-04 15:25:00,37.655,37.66,37.62,37.63,25651
2022-04-04 15:30:00,37.625,37.715,37.615,37.685,50133
2022-04-04 15:35:00,37.68,37.69,37.66,37.675,42427
2022-04-04 15:40:00,37.675,37.69,37.645,37.65,33846
2022-04-04 15:45:00,37.65,37.68,37.64,37.645,69752
2022-04-04 15:50:00,37.64,37.69,37.61,37.66,97964
2022-04-04 15:55:00,37.66,37.675,37.61,37.67,95733
2022-04-04 16:00:00,37.67,38.03,37.67,37.67,339358
2022-04-04 17:55:00,37.62,37.62,37.62,37.62,100
2022-04-05 08:45:00,37.75,37.75,37.75,37.75,135
2022-04-05 09:30:00,37.68,37.915,37.68,37.74,31905
2022-04-05 09:35:00,37.77,37.79,37.71,37.73,9270
2022-04-05 09:40:00,37.77,37.86,37.6,37.6563,15842
2022-04-05 09:45:00,37.65,37.725,37.63,37.67,18027
2022-04-05 09:50:00,37.665,37.75,37.66,37.725,23626
2022-04-05 09:55:00,37.73,37.74,37.62,37.645,12534
2022-04-05 10:00:00,37.65,37.75,37.65,37.69,16573
2022-04-05 10:05:00,37.69,37.77,37.64,37.64,36117
2022-04-05 10:10:00,37.63,37.63,37.54,37.595,13743
2022-04-05 10:15:00,37.59,37.67,37.57,37.67,15064
2022-04-05 10:20:00,37.67,37.69,37.55,37.57,13813
2022-04-05 10:25:00,37.58,37.7,37.58,37.68,9194
2022-04-05 10:30:00,37.68,37.68,37.58,37.58,9005
2022-04-05 10:35:00,37.58,37.62,37.56,37.56,15174
2022-04-05 10:40:00,37.56,37.625,37.56,37.58,9041
2022-04-05 10:45:00,37.58,37.605,37.53,37.565,14739
2022-04-05 10:50:00,37.57,37.64,37.565,37.605,18329
2022-04-05 10:55:00,37.6,37.6,37.455,37.47,24086
2022-04-05 11:00:00,37.47,37.54,37.47,37.5,11484
2022-04-05 11:05:00,37.51,37.52,37.425,37.435,10119
2022-04-05 11:10:00,37.445,37.48,37.42,37.47,12638
2022-04-05 11:15:00,37.47,37.54,37.45,37.54,11931
2022-04-05 11:20:00,37.53,37.53,37.49,37.505,8244
2022-04-05 11:25:00,37.505,37.535,37.47,37.48,12915
2022-04-05 11:30:00,37.49,37.55,37.47,37.55,7285
2022-04-05 11:35:00,37.56,37.56,37.515,37.52,6474
2022-04-05 11:40:00,37.525,37.525,37.4501,37.46,14206
2022-04-05 11:45:00,37.465,37.465,37.36,37.385,8536
2022-04-05 11:50:00,37.38,37.4,37.35,37.35,11358
2022-04-05 11:55:00,37.345,37.345,37.23,37.24,15177
2022-04-05 12:00:00,37.24,37.245,37.16,37.17,11812
2022-04-05 12:05:00,37.17,37.24,37.14,37.19,12324
2022-04-05 12:10:00,37.19,37.25,37.18,37.24,21381
2022-04-05 12:15:00,37.245,37.33,37.235,37.32,13727
2022-04-05 12:20:00,37.32,37.37,37.305,37.335,20178
2022-04-05 12:25:00,37.33,37.33,37.18,37.2,21977
2022-04-05 12:30:00,37.19,37.26,37.19,37.257,8564
2022-04-05 12:35:00,37.25,37.34,37.235,37.305,25345
2022-04-05 12:40:00,37.31,37.355,37.31,37.33,11850
2022-04-05 12:45:00,37.325,37.35,37.3,37.34,10558
2022-04-05 12:50:00,37.34,37.36,37.32,37.36,10332
2022-04-05 12:55:00,37.36,37.365,37.315,37.335,9632
2022-04-05 13:00:00,37.335,37.34,37.28,37.3,12866
2022-04-05 13:05:00,37.31,37.36,37.3,37.36,9514
2022-04-05 13:10:00,37.39,37.415,37.37,37.37,6960
2022-04-05 13:15:00,37.39,37.44,37.38,37.44,20106
2022-04-05 13:20:00,37.44,37.46,37.35,37.36,11948
2022-04-05 13:25:00,37.36,37.385,37.36,37.38,6728
2022-04-05 13:30:00,37.39,37.51,37.39,37.5,15183
2022-04-05 13:35:00,37.51,37.58,37.51,37.58,45064
2022-04-05 13:40:00,37.57,37.64,37.57,37.595,22711
2022-04-05 13:45:00,37.595,37.635,37.58,37.62,13426
2022-04-05 13:50:00,37.62,37.63,37.56,37.56,12105
2022-04-05 13:55:00,37.56,37.61,37.53,37.59,11041
2022-04-05 14:00:00,37.59,37.59,37.53,37.585,14391
2022-04-05 14:05:00,37.6,37.605,37.575,37.59,5777
2022-04-05 14:10:00,37.585,37.609,37.575,37.595,9050
2022-04-05 14:15:00,37.6,37.65,37.595,37.625,11395
2022-04-05 14:20:00,37.625,37.65,37.62,37.635,12188
2022-04-05 14:25:00,37.64,37.64,37.6,37.6,10352
2022-04-05 14:30:00,37.6,37.61,37.525,37.525,14698
2022-04-05 14:35:00,37.53,37.585,37.525,37.565,13971
2022-04-05 14:40:00,37.57,37.57,37.51,37.51,15318
2022-04-05 14:45:00,37.5,37.505,37.455,37.49,11496
2022-04-05 14:50:00,37.5,37.56,37.5,37.53,15207
2022-04-05 14:55:00,37.54,37.57,37.52,37.53,16086
2022-04-05 15:00:00,37.535,37.5625,37.525,37.55,14227
2022-04-05 15:05:00,37.56,37.58,37.535,37.57,32229
2022-04-05 15:10:00,37.59,37.6,37.53,37.53,15886
2022-04-05 15:15:00,37.53,37.54,37.505,37.52,18487
2022-04-05 15:20:00,37.525,37.64,37.52,37.64,25821
2022-04-05 15:25:00,37.65,37.73,37.635,37.69,24492
2022-04-05 15:30:00,37.695,37.73,37.655,37.685,37545
2022-04-05 15:35:00,37.68,37.69,37.63,37.65,30523
2022-04-05 15:40:00,37.65,37.6586,37.575,37.6,39109
2022-04-05 15:45:00,37.6,37.6,37.5101,37.515,54534
2022-04-05 15:50:00,37.51,37.57,37.47,37.5361,84199
2022-04-05 15:55:00,37.535,37.65,37.515,37.64,204309
2022-04-05 16:00:00,37.62,37.62,37.62,37.62,369121
2022-04-05 16:10:00,37.39,37.61,37.39,37.61,300
2022-04-05 16:40:00,37.8,37.8,37.8,37.8,200
2022-04-06 07:25:00,37.11,37.11,37.11,37.11,100
2022-04-06 09:30:00,37.44,37.795,37.3,37.34,32191
2022-04-06 09:35:00,37.34,37.36,37.265,37.31,9134
2022-04-06 09:40:00,37.31,37.38,37.25,37.29,13322
2022-04-06 09:45:00,37.28,37.35,37.18,37.19,15964
2022-04-06 09:50:00,37.19,37.38,37.17,37.38,28892
2022-04-06 09:55:00,37.36,37.36,37.25,37.32,11911
2022-04-06 10:00:00,37.32,37.38,37.31,37.33,14156
2022-04-06 10:05:00,37.33,37.33,37.28,37.3,26895
2022-04-06 10:10:00,37.3,37.47,37.3,37.43,12743
2022-04-06 10:15:00,37.45,37.55,37.42,37.52,26353
2022-04-06 10:20:00,37.52,37.64,37.51,37.61,14312
2022-04-06 10:25:00,37.63,37.63,37.56,37.59,23933
2022-04-06 10:30:00,37.59,37.6,37.51,37.51,21434
2022-04-06 10:35:00,37.52,37.58,37.505,37.57,8792
2022-04-06 10:40:00,37.575,37.62,37.53,37.535,13085
2022-04-06 10:45:00,37.525,37.6,37.51,37.6,12292
2022-04-06 10:50:00,37.61,37.63,37.55,37.56,13420
2022-04-06 10:55:00,37.555,37.57,37.535,37.545,9598
2022-04-06 11:00:00,37.55,37.58,37.5,37.56,16989
2022-04-06 11:05:00,37.56,37.63,37.545,37.63,50647
2022-04-06 11:10:00,37.63,37.77,37.625,37.75,10492
2022-04-06 11:15:00,37.76,37.82,37.76,37.79,14942
2022-04-06 11:20:00,37.795,37.795,37.73,37.755,11784
2022-04-06 11:25:00,37.75,37.76,37.702,37.72,15350
2022-04-06 11:30:00,37.715,37.72,37.69,37.71,11474
2022-04-06 11:35:00,37.72,37.82,37.72,37.81,10684
2022-04-06 11:40:00,37.81,37.8892,37.8,37.8892,16979
2022-04-06 11:45:00,37.9,37.935,37.885,37.93,11859
2022-04-06 11:50:00,37.925,38.03,37.925,38.015,11399
2022-04-06 11:55:00,38.02,38.1,38.01,38.09,48157
2022-04-06 12:00:00,38.08,38.24,38.08,38.2,65117
2022-04-06 12:05:00,38.19,38.255,38.19,38.21,27815
2022-04-06 12:10:00,38.2,38.29,38.18,38.19,42494
2022-04-06 12:15:00,38.195,38.25,38.15,38.21,36225
2022-04-06 12:20:00,38.21,38.32,38.18,38.26,24954
2022-04-06 12:25:00,38.26,38.3,38.215,38.28,18397
2022-04-06 12:30:00,38.28,38.32,38.24,38.31,18299
2022-04-06 12:35:00,38.31,38.38,38.29,38.38,23120
2022-04-06 12:40:00,38.37,38.48,38.35,38.465,13573
2022-04-06 12:45:00,38.47,38.56,38.45,38.465,25893
2022-04-06 12:50:00,38.46,38.53,38.43,38.53,17099
2022-04-06 12:55:00,38.54,38.6,38.53,38.6,11668
2022-04-06 13:00:00,38.6,38.6,38.53,38.58,11709
2022-04-06 13:05:00,38.575,38.7,38.555,38.675,42784
2022-04-06 13:10:00,38.675,38.8,38.675,38.78,16525
2022-04-06 13:15:00,38.7777,38.8,38.72,38.72,20482
2022-04-06 13:20:00,38.715,38.735,38.67,38.725,19841
2022-04-06 13:25:00,38.72,38.72,38.66,38.665,12103
2022-04-06 13:30:00,38.66,38.77,38.64,38.731,50529
2022-04-06 13:35:00,38.725,38.8,38.725,38.8,12956
2022-04-06 13:40:00,38.805,38.8699,38.75,38.81,24608
2022-04-06 13:45:00,38.8199,38.8199,38.66,38.68,15255
2022-04-06 13:50:00,38.69,38.77,38.68,38.75,12902
2022-04-06 13:55:00,38.76,38.79,38.7,38.72,13295
2022-04-06 14:00:00,38.72,38.89,38.68,38.8,29011
2022-04-06 14:05:00,38.78,38.78,38.55,38.555,13370
2022-04-06 14:10:00,38.54,38.6,38.46,38.47,30869
2022-04-06 14:15:00,38.45,38.55,38.43,38.55,25906
2022-04-06 14:20:00,38.57,38.64,38.57,38.63,10694
2022-04-06 14:25:00,38.65,38.74,38.65,38.72,13231
2022-04-06 14:30:00,38.73,38.87,38.72,38.85,14218
2022-04-06 14:35:00,38.86,38.88,38.82,38.85,30398
2022-04-06 14:40:00,38.85,38.89,38.82,38.89,19039
2022-04-06 14:45:00,38.9,38.925,38.86,38.87,15808
2022-04-06 14:50:00,38.88,38.935,38.87,38.93,9334
2022-04-06 14:55:00,38.94,39.01,38.94,39.0,32521
2022-04-06 15:00:00,39.005,39.04,38.9,38.91,28287
2022-04-06 15:05:00,38.915,38.925,38.83,38.895,20243
2022-04-06 15:10:00,38.905,38.955,38.885,38.945,35004
2022-04-06 15:15:00,38.95,39.07,38.94,39.02,45656
2022-04-06 15:20:00,39.02,39.04,38.99,39.01,42652
2022-04-06 15:25:00,39.02,39.0385,38.94,38.96,34024
2022-04-06 15:30:00,38.9684,39.11,38.94,39.11,54259
2022-04-06 15:35:00,39.11,39.22,39.11,39.21,64246
2022-04-06 15:40:00,39.2135,39.27,39.21,39.255,65983
2022-04-06 15:45:00,39.25,39.32,39.18,39.275,79176
2022-04-06 15:50:00,39.27,39.35,39.25,39.25,133670
2022-04-06 15:55:00,39.255,39.3,39.2,39.2,280658
2022-04-06 16:00:00,39.21,39.21,39.21,39.21,390882
2022-04-06 16:10:00,39.02,39.02,39.02,39.02,100
2022-04-06 16:15:00,39.05,39.5,39.05,39.5,1500
2022-04-06 16:25:00,38.8901,38.8901,38.8901,38.8901,125
2022-04-06 16:40:00,39.16,39.16,39.16,39.16,200
2022-04-06 16:55:00,39.38,39.38,39.38,39.38,100
2022-04-06 17:05:00,39.21,39.21,39.21,39.21,4956
2022-04-06 17:35:00,39.21,39.2499,39.21,39.21,2641
2022-04-06 17:50:00,39.21,39.21,39.21,39.21,400
2022-04-06 18:40:00,39.39,39.39,39.39,39.39,140
2022-04-06 19:05:00,39.4,39.4,39.39,39.39,700
2022-04-07 08:50:00,39.53,39.53,39.53,39.53,100
2022-04-07 09:30:00,39.2,39.35,38.99,39.04,36092
2022-04-07 09:35:00,39.06,39.21,39.01,39.18,26780
2022-04-07 09:40:00,39.17,39.17,39.07,39.135,20373
2022-04-07 09:45:00,39.135,39.24,39.12,39.19,37125
2022-04-07 09:50:00,39.19,39.339,39.1,39.1,15626
2022-04-07 09:55:00,39.13,39.24,39.1201,39.24,13536
2022-04-07 10:00:00,39.24,39.27,39.01,39.03,16093
2022-04-07 10:05:00,39.04,39.07,38.945,39.06,17823
2022-04-07 10:10:00,39.05,39.05,38.86,38.86,9113
2022-04-07 10:15:00,38.85,38.99,38.85,38.94,9310
2022-04-07 10:20:00,38.93,39.03,38.91,39.03,14729
2022-04-07 10:25:00,39.04,39.09,38.87,38.9,13735
2022-04-07 10:30:00,38.895,39.01,38.895,39.0,9441
2022-04-07 10:35:00,38.99,39.135,38.99,39.1,9971
2022-04-07 10:40:00,39.09,39.12,39.03,39.045,8643
2022-04-07 10:45:00,39.06,39.08,39.011,39.02,7257
2022-04-07 10:50:00,39.01,39.05,38.95,39.05,21536
2022-04-07 10:55:00,39.055,39.09,38.92,38.93,10993
2022-04-07 11:00:00,38.94,38.98,38.89,38.92,6909
2022-04-07 11:05:00,38.91,38.95,38.88,38.94,8808
2022-04-07 11:10:00,38.931,38.97,38.93,38.95,8662
2022-04-07 11:15:00,38.95,38.965,38.92,38.92,8797
2022-04-07 11:20:00,38.94,38.95,38.81,38.84,14868
2022-04-07 11:25:00,38.85,38.88,38.78,38.8,16614
2022-04-07 11:30:00,38.82,38.99,38.811,38.975,7214
2022-04-07 11:35:00,38.99,39.08,38.99,39.065,11631
2022-04-07 11:40:00,39.06,39.1218,39.06,39.09,7471
2022-04-07 11:45:00,39.09,39.11,39.06,39.075,8546
2022-04-07 11:50:00,39.07,39.14,39.051,39.14,8944
2022-04-07 11:55:00,39.13,39.17,39.07,39.07,10314
2022-04-07 12:00:00,39.1,39.13,39.09,39.1,9762
2022-04-07 12:05:00,39.1,39.13,39.09,39.095,6930
2022-04-07 12:10:00,39.1,39.12,39.01,39.01,15061
2022-04-07 12:15:00,39.019,39.02,38.91,38.91,19089
2022-04-07 12:20:00,38.9,38.915,38.87,38.91,8601
2022-04-07 12:25:00,38.92,38.97,38.91,38.91,7254
2022-04-07 12:30:00,38.9,38.92,38.8817,38.905,9086
2022-04-07 12:35:00,38.88,38.93,38.87,38.89,7634
2022-04-07 12:40:00,38.9,38.92,38.87,38.87,7383
2022-04-07 12:45:00,38.86,38.87,38.82,38.86,7724
2022-04-07 12:50:00,38.85,38.85,38.8,38.85,11566
2022-04-07 12:55:00,38.845,38.845,38.72,38.73,11336
2022-04-07 13:00:00,38.731,38.755,38.7124,38.72,12200
2022-04-07 13:05:00,38.72,38.73,38.68,38.691,8384
2022-04-07 13:10:00,38.7,38.7532,38.7,38.73,21132
2022-04-07 13:15:00,38.74,38.77,38.71,38.729,14832
2022-04-07 13:20:00,38.73,38.8,38.725,38.731,11430
2022-04-07 13:25:00,38.73,38.75,38.69,38.7,7595
2022-04-07 13:30:00,38.7,38.71,38.67,38.68,10967
2022-04-07 13:35:00,38.68,38.72,38.68,38.72,7941
2022-04-07 13:40:00,38.73,38.73,38.72,38.721,4781
2022-04-07 13:45:00,38.725,38.8,38.72,38.78,17077
2022-04-07 13:50:00,38.78,38.78,38.71,38.715,8924
2022-04-07 13:55:00,38.715,38.8,38.71,38.8,18690
2022-04-07 14:00:00,38.81,38.81,38.77,38.77,12342
2022-04-07 14:05:00,38.77,38.795,38.721,38.78,8268
2022-04-07 14:10:00,38.79,38.845,38.79,38.84,12322
2022-04-07 14:15:00,38.85,38.85,38.79,38.79,14408
2022-04-07 14:20:00,38.79,38.79,38.74,38.74,8649
2022-04-07 14:25:00,38.73,38.775,38.695,38.7,13371
2022-04-07 14:30:00,38.7,38.725,38.67,38.67,10420
2022-04-07 14:35:00,38.66,38.685,38.645,38.685,11341
2022-04-07 14:40:00,38.69,38.75,38.675,38.75,13552
2022-04-07 14:45:00,38.75,38.785,38.75,38.785,18969
2022-04-07 14:50:00,38.78,38.83,38.775,38.8,17223
2022-04-07 14:55:00,38.8,38.815,38.72,38.78,23719
2022-04-07 15:00:00,38.77,38.8,38.755,38.755,15823
2022-04-07 15:05:00,38.75,38.78,38.73,38.78,16371
2022-04-07 15:10:00,38.78,38.811,38.76,38.79,11564
2022-04-07 15:15:00,38.8,38.82,38.75,38.76,19694
2022-04-07 15:20:00,38.76,38.815,38.75,38.815,21669
2022-04-07 15:25:00,38.819,38.94,38.811,38.94,23132
2022-04-07 15:30:00,38.9325,39.01,38.93,39.01,30467
2022-04-07 15:35:00,39.0,39.075,39.0,39.06,33043
2022-04-07 15:40:00,39.06,39.06,39.0,39.035,29928
2022-04-07 15:45:00,39.035,39.105,39.03,39.075,53029
2022-04-07 15:50:00,39.07,39.1,38.995,39.09,69193
2022-04-07 15:55:00,39.08,39.095,39.02,39.05,144385
2022-04-07 16:00:00,39.04,39.04,39.04,39.04,302909
2022-04-07 16:10:00,38.74,38.74,38.74,38.74,100
2022-04-07 16:25:00,39.17,39.17,39.17,39.17,100
2022-04-08 07:00:00,39.44,39.44,39.44,39.44,100
2022-04-08 08:30:00,39.52,39.52,39.52,39.52,126
2022-04-08 09:15:00,39.05,39.05,39.05,39.05,100
2022-04-08 09:30:00,39.24,39.47,39.09,39.35,32246
2022-04-08 09:35:00,39.36,39.38,39.202,39.24,15598
2022-04-08 09:40:00,39.2276,39.33,39.2276,39.3,29033
2022-04-08 09:45:00,39.32,39.33,39.15,39.15,12778
2022-04-08 09:50:00,39.1208,39.1208,39.0,39.02,7469
2022-04-08 09:55:00,39.02,39.14,39.02,39.135,7285
2022-04-08 10:00:00,39.15,39.27,39.15,39.215,11505
2022-04-08 10:05:00,39.22,39.35,39.21,39.305,17560
2022-04-08 10:10:00,39.3,39.32,39.285,39.315,5267
2022-04-08 10:15:00,39.3195,39.3195,39.28,39.285,6352
2022-04-08 10:20:00,39.28,39.3,39.27,39.3,4000
2022-04-08 10:25:00,39.3,39.34,39.27,39.28,11370
2022-04-08 10:30:00,39.285,39.33,39.16,39.18,42173
2022-04-08 10:35:00,39.18,39.22,39.15,39.19,7484
2022-04-08 10:40:00,39.18,39.18,39.125,39.165,6526
2022-04-08 10:45:00,39.16,39.2,39.16,39.175,14620
2022-04-08 10:50:00,39.17,39.31,39.16,39.31,8267
2022-04-08 10:55:00,39.31,39.4,39.31,39.36,10498
2022-04-08 11:00:00,39.375,39.43,39.35,39.385,11134
2022-04-08 11:05:00,39.385,39.3863,39.36,39.37,6453
2022-04-08 11:10:00,39.37,39.46,39.37,39.44,15310
2022-04-08 11:15:00,39.435,39.44,39.405,39.41,7564
2022-04-08 11:20:00,39.41,39.44,39.405,39.43,10870
2022-04-08 11:25:00,39.43,39.475,39.43,39.465,9152
2022-04-08 11:30:00,39.47,39.52,39.45,39.465,32052
2022-04-08 11:35:00,39.47,39.49,39.44,39.46,11789
2022-04-08 11:40:00,39.46,39.47,39.43,39.45,7652
2022-04-08 11:45:00,39.45,39.455,39.32,39.33,14235
2022-04-08 11:50:00,39.32,39.38,39.32,39.36,14390
2022-04-08 11:55:00,39.365,39.45,39.345,39.43,10880
2022-04-08 12:00:00,39.44,39.46,39.425,39.45,9947
2022-04-08 12:05:00,39.44,39.46,39.42,39.46,14210
2022-04-08 12:10:00,39.46,39.47,39.42,39.43,9444
2022-04-08 12:15:00,39.43,39.44,39.4,39.41,7561
2022-04-08 12:20:00,39.4203,39.435,39.41,39.435,6265
2022-04-08 12:25:00,39.43,39.45,39.395,39.425,10338
2022-04-08 12:30:00,39.415,39.42,39.36,39.415,6869
2022-04-08 12:35:00,39.42,39.4564,39.42,39.43,6232
2022-04-08 12:40:00,39.43,39.445,39.39,39.435,7525
2022-04-08 12:45:00,39.435,39.47,39.435,39.455,6930
2022-04-08 12:50:00,39.455,39.455,39.415,39.45,13373
2022-04-08 12:55:00,39.45,39.48,39.445,39.48,9128
2022-04-08 13:00:00,39.475,39.5,39.455,39.485,16751
2022-04-08 13:05:00,39.475,39.48,39.465,39.47,4930
2022-04-08 13:10:00,39.475,39.48,39.425,39.445,9297
2022-04-08 13:15:00,39.445,39.47,39.44,39.46,5403
2022-04-08 13:20:00,39.46,39.5,39.455,39.47,5617
2022-04-08 13:25:00,39.48,39.52,39.47,39.5179,12236
2022-04-08 13:30:00,39.52,39.58,39.52,39.54,12648
2022-04-08 13:35:00,39.55,39.575,39.53,39.54,24237
2022-04-08 13:40:00,39.54,39.6,39.54,39.56,8862
2022-04-08 13:45:00,39.55,39.57,39.54,39.555,8910
2022-04-08 13:50:00,39.555,39.62,39.555,39.595,13765
2022-04-08 13:55:00,39.59,39.61,39.58,39.605,4363
2022-04-08 14:00:00,39.605,39.62,39.53,39.535,13032
2022-04-08 14:05:00,39.54,39.545,39.53,39.545,5319
2022-04-08 14:10:00,39.55,39.56,39.51,39.515,10292
2022-04-08 14:15:00,39.515,39.515,39.43,39.43,6692
2022-04-08 14:20:00,39.44,39.48,39.4,39.41,12222
2022-04-08 14:25:00,39.4,39.445,39.39,39.445,16087
2022-04-08 14:30:00,39.445,39.465,39.41,39.42,21591
2022-04-08 14:35:00,39.43,39.485,39.43,39.48,9011
2022-04-08 14:40:00,39.485,39.485,39.42,39.42,5619
2022-04-08 14:45:00,39.42,39.47,39.415,39.465,11775
2022-04-08 14:50:00,39.46,39.521,39.46,39.52,7692
2022-04-08 14:55:00,39.525,39.54,39.52,39.54,6789
2022-04-08 15:00:00,39.535,39.545,39.49,39.505,15232
2022-04-08 15:05:00,39.5098,39.51,39.45,39.46,9237
2022-04-08 15:10:00,39.45,39.51,39.45,39.49,10593
2022-04-08 15:15:00,39.495,39.53,39.47,39.53,19580
2022-04-08 15:20:00,39.53,39.58,39.52,39.555,27355
2022-04-08 15:25:00,39.56,39.565,39.493,39.51,17486
2022-04-08 15:30:00,39.52,39.52,39.435,39.475,20981
2022-04-08 15:35:00,39.475,39.5,39.46,39.475,24036
2022-04-08 15:40:00,39.475,39.56,39.471,39.56,38171
2022-04-08 15:45:00,39.555,39.68,39.545,39.61,86192
2022-04-08 15:50:00,39.6,39.6,39.54,39.54,74730
2022-04-08 15:55:00,39.54,39.56,39.48,39.56,246804
2022-04-08 16:00:00,39.55,39.55,39.55,39.55,305224
2022-04-08 16:35:00,39.36,39.54,39.36,39.54,300
2022-04-11 07:40:00,39.5,39.5,39.5,39.5,100
2022-04-11 07:45:00,39.56,39.56,39.56,39.56,100
2022-04-11 08:05:00,39.5,39.5,39.5,39.5,275
2022-04-11 08:15:00,39.51,39.51,39.51,39.51,100
2022-04-11 08:30:00,39.86,39.86,39.86,39.86,101
2022-04-11 08:35:00,39.7,39.7,39.7,39.7,100
2022-04-11 09:05:00,39.51,39.51,39.51,39.51,100
2022-04-11 09:15:00,39.54,39.54,39.54,39.54,200
2022-04-11 09:30:00,39.57,39.77,39.485,39.51,49327
2022-04-11 09:35:00,39.49,39.55,39.06,39.08,15992
2022-04-11 09:40:00,39.075,39.21,38.95,39.12,20569
2022-04-11 09:45:00,39.12,39.14,39.04,39.13,9082
2022-04-11 09:50:00,39.14,39.14,39.01,39.13,14940
2022-04-11 09:55:00,39.139,39.1899,39.06,39.17,12093
2022-04-11 10:00:00,39.18,39.22,38.93,38.95,17664
2022-04-11 10:05:00,38.95,39.145,38.95,39.11,11863
2022-04-11 10:10:00,39.09,39.27,39.07,39.27,15439
2022-04-11 10:15:00,39.28,39.32,39.23,39.32,10489
2022-04-11 10:20:00,39.3,39.41,39.29,39.36,10826
2022-04-11 10:25:00,39.37,39.425,39.365,39.39,9527
2022-04-11 10:30:00,39.38,39.405,39.335,39.37,9983
2022-04-11 10:35:00,39.37,39.47,39.34,39.47,9795
2022-04-11 10:40:00,39.49,39.655,39.49,39.65,13516
2022-04-11 10:45:00,39.65,39.72,39.62,39.6678,16569
2022-04-11 10:50:00,39.66,39.705,39.56,39.57,14558
2022-04-11 10:55:00,39.56,39.56,39.46,39.49,10407
2022-04-11 11:00:00,39.455,39.47,39.4,39.41,4660
2022-04-11 11:05:00,39.43,39.44,39.41,39.42,3459
2022-04-11 11:10:00,39.4,39.42,39.39,39.4,8814
2022-04-11 11:15:00,39.4,39.41,39.32,39.36,8096
2022-04-11 11:20:00,39.36,39.39,39.31,39.32,6964
2022-04-11 11:25:00,39.32,39.32,39.28,39.3,8562
2022-04-11 11:30:00,39.3,39.31,39.2491,39.28,10683
2022-04-11 11:35:00,39.3,39.34,39.29,39.32,7055
2022-04-11 11:40:00,39.32,39.34,39.29,39.34,6236
2022-04-11 11:45:00,39.335,39.37,39.305,39.34,5052
2022-04-11 11:50:00,39.35,39.35,39.25,39.25,5673
2022-04-11 11:55:00,39.25,39.26,39.205,39.21,13873
2022-04-11 12:00:00,39.215,39.22,39.14,39.17,4664
2022-04-11 12:05:00,39.18,39.2,39.14,39.16,7726
2022-04-11 12:10:00,39.15,39.15,39.1,39.14,4784
2022-04-11 12:15:00,39.15,39.15,39.095,39.095,5639
2022-04-11 12:20:00,39.1,39.15,39.085,39.12,6382
2022-04-11 12:25:00,39.11,39.14,39.085,39.1246,4948
2022-04-11 12:30:00,39.12,39.12,39.085,39.1,6379
2022-04-11 12:35:00,39.08,39.09,38.95,38.95,15622
2022-04-11 12:40:00,38.94,38.94,38.6982,38.7037,18772
2022-04-11 12:45:00,38.695,38.74,38.66,38.68,19422
2022-04-11 12:50:00,38.685,38.73,38.61,38.64,14153
2022-04-11 12:55:00,38.63,38.63,38.585,38.6,6746
2022-04-11 13:00:00,38.595,38.645,38.578,38.635,9484
2022-04-11 13:05:00,38.635,38.689,38.63,38.67,6236
2022-04-11 13:10:00,38.68,38.85,38.68,38.85,8376
2022-04-11 13:15:00,38.84,38.84,38.74,38.78,8768
2022-04-11 13:20:00,38.8,38.8,38.7,38.7,5826
2022-04-11 13:25:00,38.71,38.74,38.66,38.68,6377
2022-04-11 13:30:00,38.68,38.71,38.67,38.67,12261
2022-04-11 13:35:00,38.67,38.705,38.64,38.69,7100
2022-04-11 13:40:00,38.7,38.79,38.69,38.79,4731
2022-04-11 13:45:00,38.8,38.8,38.75,38.78,7982
2022-04-11 13:50:00,38.78,38.795,38.73,38.77,7849
2022-04-11 13:55:00,38.77,38.78,38.69,38.74,5142
2022-04-11 14:00:00,38.73,38.735,38.69,38.7,14728
2022-04-11 14:05:00,38.705,38.78,38.7,38.78,2571
2022-04-11 14:10:00,38.78,38.83,38.76,38.765,6756
2022-04-11 14:15:00,38.73,38.745,38.69,38.69,12239
2022-04-11 14:20:00,38.68,38.7,38.675,38.69,8245
2022-04-11 14:25:00,38.69,38.718,38.69,38.715,7885
2022-04-11 14:30:00,38.71,38.767,38.69,38.75,11959
2022-04-11 14:35:00,38.75,38.77,38.71,38.77,8773
2022-04-11 14:40:00,38.77,38.8,38.75,38.78,5990
2022-04-11 14:45:00,38.79,38.85,38.775,38.85,6271
2022-04-11 14:50:00,38.87,38.91,38.87,38.88,7671
2022-04-11 14:55:00,38.89,38.97,38.89,38.935,12113
2022-04-11 15:00:00,38.93,38.94,38.85,38.85,7265
2022-04-11 15:05:00,38.86,38.895,38.84,38.89,7820
2022-04-11 15:10:00,38.891,38.9,38.855,38.855,10954
2022-04-11 15:15:00,38.86,38.86,38.81,38.83,9156
2022-04-11 15:20:00,38.82,38.825,38.78,38.78,7410
2022-04-11 15:25:00,38.78,38.8,38.74,38.745,10164
2022-04-11 15:30:00,38.745,38.765,38.73,38.74,16372
2022-04-11 15:35:00,38.73,38.75,38.685,38.735,24094
2022-04-11 15:40:00,38.74,38.75,38.68,38.685,25744
2022-04-11 15:45:00,38.685,38.685,38.6,38.6101,23747
2022-04-11 15:50:00,38.62,38.675,38.6,38.62,41924
2022-04-11 15:55:00,38.62,38.64,38.51,38.541,131400
2022-04-11 16:00:00,38.54,38.54,38.54,38.54,573437
2022-04-11 16:10:00,38.36,38.53,38.36,38.53,200
2022-04-11 16:30:00,38.75,38.75,38.75,38.75,100
2022-04-12 09:30:00,38.57,38.74,38.45,38.705,58195
2022-04-12 09:35:00,38.72,38.75,38.57,38.67,9252
2022-04-12 09:40:00,38.68,38.73,38.61,38.655,12728
2022-04-12 09:45:00,38.6413,38.85,38.63,38.77,5630
2022-04-12 09:50:00,38.8,38.91,38.79,38.89,6702
2022-04-12 09:55:00,38.9026,38.94,38.89,38.93,6743
2022-04-12 10:00:00,38.91,39.005,38.826,38.92,10618
2022-04-12 10:05:00,38.92,38.92,38.815,38.88,8147
2022-04-12 10:10:00,38.88,38.98,38.88,38.905,9261
2022-04-12 10:15:00,38.91,38.95,38.88,38.89,7342
2022-04-12 10:20:00,38.89,38.95,38.855,38.855,9301
2022-04-12 10:25:00,38.86,38.905,38.82,38.88,10563
2022-04-12 10:30:00,38.89,38.92,38.82,38.82,10471
2022-04-12 10:35:00,38.83,38.87,38.79,38.8,17853
2022-04-12 10:40:00,38.81,38.85,38.73,38.76,12887
2022-04-12 10:45:00,38.7739,38.84,38.7739,38.81,12030
2022-04-12 10:50:00,38.81,38.835,38.76,38.805,12034
2022-04-12 10:55:00,38.8,38.85,38.78,38.8,7005
2022-04-12 11:00:00,38.81,38.88,38.81,38.87,8966
2022-04-12 11:05:00,38.879,38.88,38.84,38.8684,12885
2022-04-12 11:10:00,38.87,39.08,38.87,39.05,26270
2022-04-12 11:15:00,39.0475,39.0475,38.96,38.985,10742
2022-04-12 11:20:00,38.9875,39.09,38.985,39.0301,17260
2022-04-12 11:25:00,39.04,39.07,39.035,39.05,9040
2022-04-12 11:30:00,39.07,39.07,39.025,39.035,13357
2022-04-12 11:35:00,39.04,39.0575,38.935,38.94,9652
2022-04-12 11:40:00,38.94,39.0,38.91,38.99,7684
2022-04-12 11:45:00,38.99,39.05,38.99,39.05,5336
2022-04-12 11:50:00,39.06,39.16,39.06,39.16,7274
2022-04-12 11:55:00,39.16,39.2168,39.14,39.145,11098
2022-04-12 12:00:00,39.15,39.19,39.14,39.17,10892
2022-04-12 12:05:00,39.17,39.2,39.16,39.18,7164
2022-04-12 12:10:00,39.175,39.18,39.14,39.155,6590
2022-04-12 12:15:00,39.155,39.22,39.155,39.16,7911
2022-04-12 12:20:00,39.15,39.175,39.13,39.13,6987
2022-04-12 12:25:00,39.13,39.13,39.1,39.11,9269
2022-04-12 12:30:00,39.1,39.115,39.075,39.08,13410
2022-04-12 12:35:00,39.0866,39.105,39.065,39.065,8472
2022-04-12 12:40:00,39.07,39.07,38.955,38.98,10702
2022-04-12 12:45:00,38.9775,39.03,38.975,39.025,14921
2022-04-12 12:50:00,39.03,39.07,39.025,39.04,12123
2022-04-12 12:55:00,39.04,39.055,39.02,39.02,7234
2022-04-12 13:00:00,39.025,39.04,39.0,39.0,14470
2022-04-12 13:05:00,39.0,39.01,38.945,38.955,10552
2022-04-12 13:10:00,38.955,39.06,38.955,39.035,15021
2022-04-12 13:15:00,39.03,39.07,39.03,39.03,11719
2022-04-12 13:20:00,39.01,39.035,38.99,39.035,14083
2022-04-12 13:25:00,39.035,39.035,39.005,39.02,12086
2022-04-12 13:30:00,39.01,39.1,38.98,39.085,16960
2022-04-12 13:35:00,39.0897,39.12,39.075,39.105,10626
2022-04-12 13:40:00,39.105,39.13,39.045,39.055,22411
2022-04-12 13:45:00,39.055,39.09,39.0,39.0,33075
2022-04-12 13:50:00,39.01,39.015,38.93,38.93,4954
2022-04-12 13:55:00,38.93,38.94,38.88,38.9,10402
2022-04-12 14:00:00,38.9,38.91,38.85,38.91,13680
2022-04-12 14:05:00,38.91,38.995,38.91,38.9928,11272
2022-04-12 14:10:00,39.01,39.04,39.0,39.03,13025
2022-04-12 14:15:00,39.035,39.04,38.98,39.005,12376
2022-04-12 14:20:00,39.01,39.07,39.005,39.07,9484
2022-04-12 14:25:00,39.06,39.105,39.05,39.08,12477
2022-04-12 14:30:00,39.075,39.105,39.0312,39.05,10954
2022-04-12 14:35:00,39.065,39.12,39.06,39.1,12737
2022-04-12 14:40:00,39.1,39.1,39.045,39.055,7597
2022-04-12 14:45:00,39.06,39.1,39.06,39.065,12360
2022-04-12 14:50:00,39.065,39.1,39.03,39.1,12410
2022-04-12 14:55:00,39.11,39.14,39.105,39.13,10419
2022-04-12 15:00:00,39.121,39.135,39.11,39.115,12337
2022-04-12 15:05:00,39.12,39.175,39.11,39.11,11858
2022-04-12 15:10:00,39.11,39.13,39.06,39.06,11010
2022-04-12 15:15:00,39.065,39.07,38.995,39.015,15786
2022-04-12 15:20:00,39.02,39.055,39.02,39.045,18758
2022-04-12 15:25:00,39.04,39.05,38.973,39.025,23617
2022-04-12 15:30:00,39.02,39.02,38.96,38.975,22219
2022-04-12 15:35:00,38.975,39.03,38.975,39.03,35481
2022-04-12 15:40:00,39.03,39.035,38.91,38.925,37605
2022-04-12 15:45:00,38.92,39.02,38.9,38.985,39805
2022-04-12 15:50:00,38.98,39.0,38.86,38.935,91872
2022-04-12 15:55:00,38.935,38.96,38.86,38.89,174650
2022-04-12 16:00:00,38.87,38.87,38.87,38.87,211566
2022-04-12 16:05:00,38.68,38.86,38.68,38.86,300
2022-04-12 19:45:00,38.81,38.81,38.81,38.81,100
2022-04-13 09:05:00,38.71,39.05,38.71,39.05,200
2022-04-13 09:30:00,38.73,38.97,38.67,38.93,23231
2022-04-13 09:35:00,38.9,38.9,38.77,38.86,15603
2022-04-13 09:40:00,38.86,39.01,38.83,38.83,5732
2022-04-13 09:45:00,38.85,38.93,38.83,38.92,3445
2022-04-13 09:50:00,38.95,38.98,38.865,38.9,11975
2022-04-13 09:55:00,38.905,38.91,38.81,38.86,7437
2022-04-13 10:00:00,38.84,38.87,38.81,38.825,7639
2022-04-13 10:05:00,38.829,38.87,38.78,38.78,16032
2022-04-13 10:10:00,38.77,38.79,38.7,38.7,7573
2022-04-13 10:15:00,38.69,38.71,38.62,38.65,18534
2022-04-13 10:20:00,38.67,38.745,38.63,38.65,8184
2022-04-13 10:25:00,38.65,38.65,38.55,38.56,8075
2022-04-13 10:30:00,38.53,38.539,38.4147,38.48,13435
2022-04-13 10:35:00,38.495,38.55,38.495,38.52,9984
2022-04-13 10:40:00,38.53,38.56,38.51,38.56,4670
2022-04-13 10:45:00,38.56,38.56,38.46,38.5,9434
2022-04-13 10:50:00,38.51,38.53,38.49,38.515,9129
2022-04-13 10:55:00,38.52,38.62,38.52,38.61,13412
2022-04-13 11:00:00,38.62,38.62,38.58,38.61,5277
2022-04-13 11:05:00,38.61,38.63,38.585,38.605,26204
2022-04-13 11:10:00,38.61,38.63,38.59,38.62,3526
2022-04-13 11:15:00,38.62,38.66,38.61,38.62,6042
2022-04-13 11:20:00,38.62,38.62,38.55,38.57,6833
2022-04-13 11:25:00,38.575,38.58,38.515,38.515,7321
2022-04-13 11:30:00,38.515,38.53,38.49,38.5,11692
2022-04-13 11:35:00,38.5,38.51,38.465,38.475,6516
2022-04-13 11:40:00,38.47,38.47,38.43,38.45,4017
2022-04-13 11:45:00,38.44,38.57,38.425,38.55,15034
2022-04-13 11:50:00,38.54,38.54,38.43,38.47,5097
2022-04-13 11:55:00,38.455,38.46,38.41,38.41,3858
2022-04-13 12:00:00,38.4,38.46,38.4,38.42,3771
2022-04-13 12:05:00,38.42,38.42,38.3,38.33,12524
2022-04-13 12:10:00,38.32,38.38,38.28,38.3,12030
2022-04-13 12:15:00,38.293,38.295,38.25,38.25,9091
2022-04-13 12:20:00,38.255,38.3,38.25,38.295,10099
2022-04-13 12:25:00,38.3,38.305,38.28,38.285,5699
2022-04-13 12:30:00,38.285,38.35,38.24,38.345,17863
2022-04-13 12:35:00,38.35,38.37,38.315,38.34,6398
2022-04-13 12:40:00,38.34,38.44,38.34,38.44,7318
2022-04-13 12:45:00,38.44,38.47,38.4,38.47,5590
2022-04-13 12:50:00,38.47,38.54,38.47,38.51,6839
2022-04-13 12:55:00,38.52,38.53,38.495,38.495,6073
2022-04-13 13:00:00,38.5,38.51,38.4818,38.51,5063
2022-04-13 13:05:00,38.5,38.57,38.5,38.57,17318
2022-04-13 13:10:00,38.565,38.615,38.55,38.6,6566
2022-04-13 13:15:00,38.59,38.625,38.54,38.625,8096
2022-04-13 13:20:00,38.625,38.665,38.625,38.65,7571
2022-04-13 13:25:00,38.64,38.64,38.59,38.59,9108
2022-04-13 13:30:00,38.58,38.5866,38.49,38.49,11523
2022-04-13 13:35:00,38.5,38.5,38.45,38.46,2705
2022-04-13 13:40:00,38.465,38.525,38.46,38.52,6964
2022-04-13 13:45:00,38.52,38.64,38.52,38.64,46962
2022-04-13 13:50:00,38.64,38.7,38.64,38.68,9360
2022-04-13 13:55:00,38.685,38.71,38.68,38.69,3490
2022-04-13 14:00:00,38.69,38.705,38.64,38.65,12753
2022-04-13 14:05:00,38.66,38.685,38.66,38.675,4798
2022-04-13 14:10:00,38.67,38.67,38.63,38.63,9612
2022-04-13 14:15:00,38.63,38.63,38.58,38.58,10564
2022-04-13 14:20:00,38.595,38.605,38.54,38.54,9215
2022-04-13 14:25:00,38.54,38.54,38.505,38.54,9250
2022-04-13 14:30:00,38.54,38.56,38.52,38.54,10330
2022-04-13 14:35:00,38.55,38.58,38.535,38.575,6984
2022-04-13 14:40:00,38.58,38.715,38.58,38.71,7412
2022-04-13 14:45:00,38.7,38.755,38.685,38.75,7447
2022-04-13 14:50:00,38.76,38.76,38.71,38.74,7461
2022-04-13 14:55:00,38.74,38.74,38.7,38.71,7735
2022-04-13 15:00:00,38.705,38.78,38.7,38.769,17591
2022-04-13 15:05:00,38.77,38.79,38.73,38.73,18548
2022-04-13 15:10:00,38.72,38.72,38.66,38.68,10119
2022-04-13 15:15:00,38.68,38.76,38.67,38.73,63179
2022-04-13 15:20:00,38.72,38.725,38.68,38.695,6345
2022-04-13 15:25:00,38.7,38.71,38.665,38.665,18527
2022-04-13 15:30:00,38.66,38.685,38.65,38.675,17942
2022-04-13 15:35:00,38.68,38.685,38.645,38.65,18487
2022-04-13 15:40:00,38.655,38.69,38.64,38.68,17768
2022-04-13 15:45:00,38.69,38.695,38.67,38.69,23184
2022-04-13 15:50:00,38.7,38.75,38.67,38.74,41062
2022-04-13 15:55:00,38.735,38.79,38.73,38.78,104325
2022-04-13 16:00:00,38.77,38.77,38.77,38.77,205903
2022-04-13 16:05:00,38.57,38.76,38.57,38.76,200
2022-04-14 09:30:00,38.85,39.1,38.85,38.9701,50054
2022-04-14 09:35:00,38.99,39.0,38.94,38.96,3775
2022-04-14 09:40:00,38.97,39.04,38.93,39.01,8411
2022-04-14 09:45:00,39.0,39.04,38.775,38.78,7274
2022-04-14 09:50:00,38.78,38.95,38.78,38.95,7385
2022-04-14 09:55:00,38.95,39.03,38.95,39.01,6186
2022-04-14 10:00:00,39.005,39.12,38.98,39.06,4972
2022-04-14 10:05:00,39.04,39.09,38.92,38.95,5420
2022-04-14 10:10:00,38.945,39.09,38.94,39.07,14256
2022-04-14 10:15:00,39.06,39.09,39.03,39.035,7267
2022-04-14 10:20:00,39.03,39.1,39.0,39.0,8178
2022-04-14 10:25:00,39.01,39.06,39.0,39.05,9116
2022-04-14 10:30:00,39.07,39.08,39.04,39.07,8619
2022-04-14 10:35:00,39.07,39.1,39.031,39.065,7057
2022-04-14 10:40:00,39.06,39.14,39.04,39.04,7738
2022-04-14 10:45:00,39.04,39.09,39.04,39.07,3905
2022-04-14 10:50:00,39.08,39.09,39.03,39.04,9717
2022-04-14 10:55:00,39.04,39.1,39.03,39.07,8488
2022-04-14 11:00:00,39.07,39.1,39.07,39.07,4142
2022-04-14 11:05:00,39.065,39.095,39.06,39.075,16759
2022-04-14 11:10:00,39.07,39.07,39.04,39.04,6213
2022-04-14 11:15:00,39.035,39.0354,38.97,38.97,5779
2022-04-14 11:20:00,38.98,38.98,38.945,38.97,8269
2022-04-14 11:25:00,38.97,39.01,38.97,38.99,12199
2022-04-14 11:30:00,39.0,39.02,39.0,39.01,6283
2022-04-14 11:35:00,39.0,39.02,38.995,38.995,8124
2022-04-14 11:40:00,38.995,38.995,38.94,38.96,7741
2022-04-14 11:45:00,38.96,38.979,38.94,38.975,9176
2022-04-14 11:50:00,38.975,38.98,38.95,38.97,7086
2022-04-14 11:55:00,38.97,39.025,38.97,39.025,10752
2022-04-14 12:00:00,39.02,39.0282,39.0,39.01,5393
2022-04-14 12:05:00,39.0,39.02,38.99,39.02,8368
2022-04-14 12:10:00,39.03,39.055,39.02,39.05,8099
2022-04-14 12:15:00,39.05,39.065,39.05,39.065,7361
2022-04-14 12:20:00,39.06,39.06,39.01,39.015,6283
2022-04-14 12:25:00,39.015,39.02,38.98,38.98,5701
2022-04-14 12:30:00,38.985,39.005,38.985,39.005,7600
2022-04-14 12:35:00,39.005,39.015,38.9719,38.975,9361
2022-04-14 12:40:00,38.975,38.985,38.95,38.975,12468
2022-04-14 12:45:00,38.975,39.005,38.97,39.0,11369
2022-04-14 12:50:00,38.995,39.02,38.985,38.985,6357
2022-04-14 12:55:00,38.985,39.015,38.98,39.01,10811
2022-04-14 13:00:00,39.02,39.02,38.975,38.985,15691
2022-04-14 13:05:00,38.98,39.0,38.96,38.99,17274
2022-04-14 13:10:00,38.995,39.005,38.99,38.995,7389
2022-04-14 13:15:00,38.995,39.015,38.99,39.01,5932
2022-04-14 13:20:00,39.01,39.025,39.01,39.025,13310
2022-04-14 13:25:00,39.03,39.05,39.03,39.04,23495
2022-04-14 13:30:00,39.0475,39.0475,38.99,38.99,20300
2022-04-14 13:35:00,38.99,39.0,38.98,38.995,25653
2022-04-14 13:40:00,38.995,39.06,38.985,39.06,51492
2022-04-14 13:45:00,39.06,39.095,39.05,39.095,10969
2022-04-14 13:50:00,39.095,39.095,39.03,39.03,17667
2022-04-14 13:55:00,39.02,39.15,39.02,39.15,14136
2022-04-14 14:00:00,39.15,39.27,39.15,39.17,23936
2022-04-14 14:05:00,39.17,39.17,39.105,39.1242,9028
2022-04-14 14:10:00,39.12,39.1214,39.09,39.09,7667
2022-04-14 14:15:00,39.0952,39.0952,39.05,39.05,4274
2022-04-14 14:20:00,39.05,39.055,39.04,39.05,4420
2022-04-14 14:25:00,39.05,39.1,39.05,39.1,5525
2022-04-14 14:30:00,39.14,39.145,39.07,39.085,7830
2022-04-14 14:35:00,39.07,39.13,39.07,39.08,4478
2022-04-14 14:40:00,39.085,39.11,39.05,39.065,5892
2022-04-14 14:45:00,39.065,39.09,39.055,39.06,6429
2022-04-14 14:50:00,39.07,39.07,39.01,39.07,14223
2022-04-14 14:55:00,39.07,39.08,39.04,39.06,12027
2022-04-14 15:00:00,39.06,39.2,39.06,39.17,17442
2022-04-14 15:05:00,39.15,39.17,39.075,39.075,17544
2022-04-14 15:10:00,39.085,39.18,39.065,39.17,15477
2022-04-14 15:15:00,39.16,39.25,39.16,39.22,18463
2022-04-14 15:20:00,39.225,39.245,39.22,39.2275,8578
2022-04-14 15:25:00,39.22,39.24,39.18,39.24,13890
2022-04-14 15:30:00,39.24,39.245,39.14,39.15,19485
2022-04-14 15:35:00,39.15,39.159,39.12,39.125,14217
2022-04-14 15:40:00,39.12,39.19,39.095,39.17,38383
2022-04-14 15:45:00,39.165,39.185,39.14,39.165,29570
2022-04-14 15:50:00,39.16,39.22,39.13,39.2,76320
2022-04-14 15:55:00,39.21,39.22,39.16,39.19,171885
2022-04-14 16:00:00,39.19,39.19,39.19,39.19,548437
2022-04-14 16:10:00,39.01,39.01,39.01,39.01,100
2022-04-14 16:15:00,39.18,39.18,39.18,39.18,100
