2022-04-01 09:30:00,45.98,45.98,45.98,45.98,1371
2022-04-01 09:35:00,46.4,46.42,46.21,46.42,1189
2022-04-01 09:40:00,46.28,46.37,46.26,46.35,1200
2022-04-01 09:45:00,46.59,46.745,46.52,46.745,1100
2022-04-01 09:50:00,46.64,46.64,46.53,46.53,400
2022-04-01 09:55:00,46.39,46.62,46.39,46.62,901
2022-04-01 10:00:00,46.52,46.69,46.5,46.56,1619
2022-04-01 10:05:00,46.29,46.425,46.26,46.26,300
2022-04-01 10:10:00,46.395,46.46,46.28,46.42,2563
2022-04-01 10:15:00,46.36,46.36,46.21,46.21,700
2022-04-01 10:20:00,46.08,46.08,45.95,45.95,1110
2022-04-01 10:25:00,45.99,46.065,45.99,46.045,300
2022-04-01 10:30:00,46.05,46.11,46.02,46.04,4861
2022-04-01 10:35:00,46.15,46.15,46.01,46.01,1386
2022-04-01 10:40:00,46.02,46.05,46.02,46.05,206
2022-04-01 10:45:00,46.09,46.19,46.09,46.09,2539
2022-04-01 10:50:00,46.09,46.175,46.09,46.16,500
2022-04-01 10:55:00,46.1925,46.1925,46.15,46.165,1933
2022-04-01 11:00:00,46.14,46.14,46.095,46.095,400
2022-04-01 11:05:00,46.14,46.25,46.1,46.24,911
2022-04-01 11:10:00,46.26,46.26,46.19,46.19,1800
2022-04-01 11:15:00,46.22,46.22,46.11,46.15,600
2022-04-01 11:20:00,46.22,46.23,46.19,46.19,1500
2022-04-01 11:25:00,46.2,46.22,46.1601,46.18,1368
2022-04-01 11:30:00,46.2075,46.24,46.19,46.19,963
2022-04-01 11:35:00,46.15,46.22,46.15,46.2,987
2022-04-01 11:40:00,46.17,46.17,46.14,46.145,800
2022-04-01 11:45:00,46.17,46.18,46.14,46.14,700
2022-04-01 11:50:00,46.14,46.155,46.14,46.155,300
2022-04-01 11:55:00,46.13,46.155,46.065,46.105,1458
2022-04-01 12:00:00,46.09,46.09,46.06,46.065,600
2022-04-01 12:05:00,46.055,46.055,46.02,46.03,1500
2022-04-01 12:10:00,46.08,46.12,46.04,46.12,428
2022-04-01 12:15:00,46.17,46.17,46.09,46.15,1000
2022-04-01 12:20:00,46.255,46.26,46.21,46.21,1100
2022-04-01 12:25:00,46.18,46.18,46.17,46.18,585
2022-04-01 12:30:00,46.18,46.23,46.18,46.23,500
2022-04-01 12:35:00,46.22,46.24,46.22,46.22,403
2022-04-01 12:40:00,46.31,46.38,46.31,46.38,415
2022-04-01 12:45:00,46.35,46.37,46.31,46.37,1000
2022-04-01 12:50:00,46.35,46.375,46.33,46.375,458
2022-04-01 12:55:00,46.415,46.435,46.4,46.41,700
2022-04-01 13:00:00,46.49,46.49,46.43,46.43,834
2022-04-01 13:05:00,46.47,46.49,46.47,46.49,413
2022-04-01 13:10:00,46.47,46.47,46.39,46.39,700
2022-04-01 13:15:00,46.36,46.46,46.36,46.46,1053
2022-04-01 13:20:00,46.42,46.42,46.42,46.42,500
2022-04-01 13:25:00,46.38,46.42,46.38,46.38,700
2022-04-01 13:30:00,46.35,46.39,46.35,46.36,697
2022-04-01 13:35:00,46.33,46.39,46.32,46.39,982
2022-04-01 13:40:00,46.5,46.5,46.46,46.46,332
2022-04-01 13:45:00,46.44,46.44,46.375,46.375,700
2022-04-01 13:50:00,46.34,46.36,46.26,46.26,1000
2022-04-01 13:55:00,46.28,46.2864,46.21,46.21,1871
2022-04-01 14:00:00,46.18,46.18,46.14,46.17,800
2022-04-01 14:05:00,46.09,46.09,46.075,46.075,300
2022-04-01 14:10:00,46.07,46.11,46.05,46.11,700
2022-04-01 14:15:00,46.125,46.135,46.09,46.09,1020
2022-04-01 14:20:00,46.09,46.09,46.03,46.09,684
2022-04-01 14:25:00,46.11,46.26,46.11,46.26,1200
2022-04-01 14:30:00,46.34,46.39,46.34,46.38,800
2022-04-01 14:35:00,46.385,46.4,46.33,46.35,1050
2022-04-01 14:40:00,46.35,46.35,46.29,46.29,400
2022-04-01 14:45:00,46.29,46.31,46.275,46.29,1381
2022-04-01 14:50:00,46.295,46.295,46.27,46.27,810
2022-04-01 14:55:00,46.31,46.35,46.25,46.29,1400
2022-04-01 15:00:00,46.42,46.42,46.42,46.42,100
2022-04-01 15:05:00,46.41,46.41,46.39,46.39,543
2022-04-01 15:10:00,46.38,46.38,46.38,46.38,400
2022-04-01 15:15:00,46.39,46.39,46.32,46.32,900
2022-04-01 15:20:00,46.295,46.32,46.275,46.28,800
2022-04-01 15:25:00,46.32,46.32,46.32,46.32,200
2022-04-01 15:30:00,46.34,46.44,46.34,46.44,2589
2022-04-01 15:35:00,46.44,46.44,46.41,46.415,400
2022-04-01 15:40:00,46.47,46.475,46.36,46.38,1361
2022-04-01 15:45:00,46.35,46.43,46.34,46.37,2168
2022-04-01 15:50:00,46.37,46.41,46.27,46.27,3051
2022-04-01 15:55:00,46.26,46.36,46.22,46.31,15758
2022-04-01 16:00:00,46.31,46.31,46.31,46.31,68810
2022-04-04 09:30:00,45.9,46.41,45.81,45.81,2651
2022-04-04 09:35:00,45.74,46.07,45.74,46.03,600
2022-04-04 09:40:00,45.845,46.03,45.845,46.02,400
2022-04-04 09:45:00,45.945,46.08,45.945,45.985,700
2022-04-04 09:55:00,46.21,46.29,46.05,46.05,500
2022-04-04 10:00:00,46.15,46.15,45.85,46.0,817
2022-04-04 10:05:00,45.86,46.07,45.81,45.87,500
2022-04-04 10:10:00,45.67,45.76,45.48,45.61,672
2022-04-04 10:15:00,45.48,45.58,45.25,45.25,400
2022-04-04 10:20:00,45.29,45.44,45.17,45.44,3798
2022-04-04 10:25:00,45.475,45.69,45.475,45.61,1600
2022-04-04 10:30:00,45.61,45.65,45.61,45.65,400
2022-04-04 10:35:00,45.69,45.71,45.545,45.575,1309
2022-04-04 10:40:00,45.64,45.86,45.64,45.86,1200
2022-04-04 10:45:00,45.86,46.05,45.83,45.975,1000
2022-04-04 10:50:00,46.05,46.19,46.05,46.19,1496
2022-04-04 10:55:00,46.15,46.26,46.15,46.26,1374
2022-04-04 11:00:00,46.23,46.23,46.18,46.22,1298
2022-04-04 11:05:00,46.21,46.29,46.2,46.2,1900
2022-04-04 11:10:00,46.21,46.44,46.185,46.44,2500
2022-04-04 11:15:00,46.51,46.51,46.425,46.495,900
2022-04-04 11:20:00,46.5,46.57,46.38,46.57,900
2022-04-04 11:25:00,46.51,46.54,46.47,46.54,594
2022-04-04 11:30:00,46.48,46.54,46.44,46.52,1052
2022-04-04 11:35:00,46.53,46.53,46.29,46.3,2200
2022-04-04 11:40:00,46.43,46.43,46.075,46.075,4535
2022-04-04 11:45:00,46.23,46.36,46.23,46.36,1700
2022-04-04 11:50:00,46.37,46.48,46.37,46.48,700
2022-04-04 11:55:00,46.55,46.56,46.53,46.54,600
2022-04-04 12:00:00,46.56,46.56,46.425,46.44,1000
2022-04-04 12:05:00,46.5,46.52,46.38,46.38,500
2022-04-04 12:10:00,46.48,46.48,46.41,46.44,400
2022-04-04 12:15:00,46.41,46.41,46.39,46.4,600
2022-04-04 12:20:00,46.43,46.5,46.42,46.48,800
2022-04-04 12:25:00,46.485,46.49,46.405,46.45,600
2022-04-04 12:30:00,46.45,46.45,46.39,46.43,1000
2022-04-04 12:35:00,46.41,46.45,46.4,46.405,1500
2022-04-04 12:40:00,46.45,46.45,46.31,46.33,900
2022-04-04 12:45:00,46.31,46.455,46.31,46.455,600
2022-04-04 12:50:00,46.47,46.52,46.47,46.48,500
2022-04-04 12:55:00,46.48,46.54,46.48,46.5,300
2022-04-04 13:00:00,46.405,46.45,46.28,46.28,811
2022-04-04 13:05:00,46.37,46.38,46.325,46.355,600
2022-04-04 13:10:00,46.32,46.34,46.31,46.34,400
2022-04-04 13:15:00,46.37,46.375,46.32,46.32,700
2022-04-04 13:20:00,46.38,46.38,46.24,46.35,1533
2022-04-04 13:25:00,46.3,46.32,46.2,46.2,1093
2022-04-04 13:30:00,46.28,46.32,46.28,46.32,400
2022-04-04 13:35:00,46.28,46.36,46.26,46.36,2371
2022-04-04 13:40:00,46.37,46.47,46.37,46.47,600
2022-04-04 13:45:00,46.48,46.52,46.45,46.52,500
2022-04-04 13:50:00,46.52,46.52,46.52,46.52,200
2022-04-04 13:55:00,46.51,46.53,46.47,46.49,800
2022-04-04 14:00:00,46.51,46.54,46.45,46.45,400
2022-04-04 14:05:00,46.47,46.47,46.39,46.39,678
2022-04-04 14:10:00,46.36,46.43,46.36,46.39,878
2022-04-04 14:15:00,46.38,46.4,46.31,46.33,1299
2022-04-04 14:20:00,46.33,46.33,46.24,46.26,400
2022-04-04 14:25:00,46.29,46.29,46.1,46.1,900
2022-04-04 14:30:00,46.195,46.2,46.15,46.15,903
2022-04-04 14:35:00,46.18,46.21,46.165,46.21,841
2022-04-04 14:40:00,46.31,46.31,46.29,46.29,300
2022-04-04 14:45:00,46.37,46.38,46.37,46.38,400
2022-04-04 14:50:00,46.4,46.4,46.32,46.32,400
2022-04-04 14:55:00,46.28,46.33,46.275,46.33,900
2022-04-04 15:00:00,46.4,46.4,46.4,46.4,100
2022-04-04 15:05:00,46.36,46.38,46.31,46.31,300
2022-04-04 15:10:00,46.36,46.36,46.245,46.28,900
2022-04-04 15:15:00,46.23,46.32,46.23,46.24,600
2022-04-04 15:20:00,46.31,46.33,46.24,46.32,600
2022-04-04 15:25:00,46.28,46.29,46.11,46.11,600
2022-04-04 15:30:00,46.16,46.21,46.11,46.2,1429
2022-04-04 15:35:00,46.21,46.24,46.2,46.215,800
2022-04-04 15:40:00,46.23,46.25,46.15,46.17,1724
2022-04-04 15:45:00,46.19,46.19,46.075,46.075,1319
2022-04-04 15:50:00,46.11,46.12,45.955,45.96,4500
2022-04-04 15:55:00,46.0,46.1,45.84,46.07,16542
2022-04-04 16:00:00,46.07,46.07,46.07,46.07,57902
2022-04-05 09:30:00,45.98,46.4,45.98,46.4,1717
2022-04-05 09:35:00,46.28,46.34,46.27,46.34,817
2022-04-05 09:40:00,46.43,46.59,46.38,46.38,2100
2022-04-05 09:45:00,46.22,46.22,46.22,46.22,100
2022-04-05 09:50:00,45.94,45.97,45.85,45.85,1805
2022-04-05 09:55:00,45.9,45.95,45.9,45.93,900
2022-04-05 10:00:00,46.02,46.18,45.97,46.18,1000
2022-04-05 10:05:00,46.12,46.12,45.67,45.67,1221
2022-04-05 10:10:00,45.69,45.69,45.53,45.53,700
2022-04-05 10:15:00,45.58,45.58,45.56,45.56,600
2022-04-05 10:20:00,45.5,45.56,45.45,45.56,3241
2022-04-05 10:25:00,45.4,45.61,45.4,45.61,900
2022-04-05 10:30:00,45.52,45.53,45.52,45.53,341
2022-04-05 10:35:00,45.595,45.595,45.41,45.5,962
2022-04-05 10:40:00,45.6,45.6,45.46,45.52,1840
2022-04-05 10:45:00,45.49,45.5,45.49,45.49,577
2022-04-05 10:50:00,45.49,45.49,45.4,45.49,1200
2022-04-05 10:55:00,45.5,45.55,45.48,45.48,1383
2022-04-05 11:00:00,45.49,45.61,45.38,45.38,1424
2022-04-05 11:05:00,45.34,45.37,45.34,45.35,300
2022-04-05 11:10:00,45.35,45.42,45.23,45.35,3166
2022-04-05 11:15:00,45.3401,45.3401,45.22,45.22,900
2022-04-05 11:20:00,45.25,45.25,45.24,45.24,640
2022-04-05 11:25:00,45.255,45.255,45.18,45.18,1110
2022-04-05 11:30:00,45.16,45.245,45.1006,45.245,1028
2022-04-05 11:35:00,45.25,45.25,45.12,45.12,800
2022-04-05 11:40:00,45.12,45.14,45.09,45.14,300
2022-04-05 11:45:00,45.12,45.12,45.12,45.12,100
2022-04-05 11:50:00,45.15,45.19,45.06,45.06,2100
2022-04-05 12:05:00,45.07,45.07,45.06,45.06,1835
2022-04-05 12:10:00,45.01,45.01,44.9,44.9,1300
2022-04-05 12:15:00,44.73,44.73,44.73,44.73,100
2022-04-05 12:20:00,44.78,44.78,44.78,44.78,100
2022-04-05 12:25:00,44.72,44.79,44.72,44.79,582
2022-04-05 12:30:00,44.8,44.8,44.78,44.78,1029
2022-04-05 12:40:00,44.733,44.733,44.7328,44.7328,385
2022-04-05 12:45:00,44.77,44.77,44.77,44.77,100
2022-04-05 12:50:00,44.77,44.9,44.77,44.89,400
2022-04-05 12:55:00,44.93,44.98,44.91,44.98,2235
2022-04-05 13:00:00,44.92,44.92,44.92,44.92,100
2022-04-05 13:05:00,44.95,45.1,44.95,45.1,823
2022-04-05 13:10:00,45.04,45.04,45.0,45.03,1200
2022-04-05 13:15:00,45.05,45.05,45.05,45.05,100
2022-04-05 13:20:00,45.08,45.09,45.08,45.09,800
2022-04-05 13:25:00,45.08,45.08,45.08,45.08,600
2022-04-05 13:30:00,45.06,45.06,45.06,45.06,100
2022-04-05 13:40:00,45.06,45.06,44.98,45.0,3500
2022-04-05 13:45:00,45.01,45.01,44.97,44.97,400
2022-04-05 13:50:00,44.96,44.96,44.85,44.91,700
2022-04-05 13:55:00,44.98,44.98,44.97,44.97,494
2022-04-05 14:00:00,44.995,44.995,44.87,44.89,1288
2022-04-05 14:05:00,44.88,44.88,44.88,44.88,100
2022-04-05 14:10:00,44.9,44.92,44.89,44.89,1015
2022-04-05 14:15:00,44.96,45.04,44.95,45.04,863
2022-04-05 14:20:00,45.05,45.05,45.02,45.02,608
2022-04-05 14:25:00,45.04,45.04,45.04,45.04,100
2022-04-05 14:30:00,45.0,45.0,44.97,44.97,300
2022-04-05 14:35:00,44.95,44.95,44.91,44.91,600
2022-04-05 14:40:00,44.93,45.04,44.93,45.0102,1543
2022-04-05 14:45:00,45.05,45.05,45.01,45.01,876
2022-04-05 14:50:00,44.99,45.06,44.99,45.04,500
2022-04-05 14:55:00,45.04,45.04,44.93,44.93,1705
2022-04-05 15:00:00,45.02,45.06,44.99,44.99,600
2022-04-05 15:05:00,44.92,44.95,44.92,44.95,435
2022-04-05 15:10:00,44.93,44.93,44.86,44.86,700
2022-04-05 15:15:00,44.95,44.95,44.9,44.9,603
2022-04-05 15:20:00,44.87,44.92,44.87,44.92,600
2022-04-05 15:25:00,44.93,44.96,44.93,44.94,682
2022-04-05 15:30:00,44.91,44.91,44.71,44.71,1682
2022-04-05 15:35:00,44.7,44.71,44.62,44.62,1701
2022-04-05 15:40:00,44.68,44.7699,44.68,44.72,2017
2022-04-05 15:45:00,44.75,44.7599,44.52,44.56,3079
2022-04-05 15:50:00,44.53,44.8,44.41,44.72,8056
2022-04-05 15:55:00,44.74,44.85,44.66,44.79,12797
2022-04-05 16:00:00,44.79,44.79,44.79,44.79,44898
2022-04-06 09:30:00,44.1,45.205,44.1,44.77,4310
2022-04-06 09:35:00,44.64,44.9,44.63,44.9,1074
2022-04-06 09:40:00,44.82,45.02,44.66,44.89,6227
2022-04-06 09:45:00,44.745,44.77,44.61,44.61,500
2022-04-06 09:50:00,44.68,44.68,44.58,44.58,630
2022-04-06 09:55:00,44.7475,44.84,44.7475,44.79,1032
2022-04-06 10:00:00,44.77,44.77,44.6,44.61,1713
2022-04-06 10:05:00,44.48,44.6,44.36,44.49,1999
2022-04-06 10:10:00,44.4,44.49,44.1,44.15,2600
2022-04-06 10:15:00,44.22,44.38,44.14,44.35,1580
2022-04-06 10:20:00,44.36,44.57,44.27,44.57,1491
2022-04-06 10:25:00,44.66,44.68,44.5317,44.5317,1897
2022-04-06 10:30:00,44.61,44.75,44.53,44.58,2620
2022-04-06 10:35:00,44.65,44.86,44.65,44.72,1600
2022-04-06 10:40:00,44.86,44.86,44.68,44.82,1690
2022-04-06 10:45:00,44.85,44.99,44.85,44.99,1100
2022-04-06 10:50:00,44.98,44.98,44.92,44.95,1909
2022-04-06 10:55:00,44.99,44.99,44.82,44.82,1400
2022-04-06 11:00:00,44.78,44.79,44.63,44.79,1500
2022-04-06 11:05:00,44.84,44.8825,44.83,44.8825,878
2022-04-06 11:10:00,44.91,44.91,44.81,44.9,1604
2022-04-06 11:15:00,44.92,44.94,44.89,44.92,1100
2022-04-06 11:20:00,44.97,44.98,44.8,44.98,1900
2022-04-06 11:25:00,44.95,44.95,44.86,44.92,600
2022-04-06 11:30:00,44.86,44.86,44.86,44.86,458
2022-04-06 11:35:00,44.75,44.795,44.73,44.78,563
2022-04-06 11:40:00,44.78,44.89,44.72,44.77,2959
2022-04-06 11:45:00,44.75,44.75,44.66,44.66,500
2022-04-06 11:50:00,44.76,44.8,44.69,44.69,600
2022-04-06 11:55:00,44.62,44.64,44.56,44.56,700
2022-04-06 12:00:00,44.62,44.625,44.58,44.58,482
2022-04-06 12:05:00,44.66,44.69,44.61,44.69,463
2022-04-06 12:10:00,44.66,44.7,44.61,44.7,686
2022-04-06 12:15:00,44.6875,44.71,44.67,44.7,800
2022-04-06 12:20:00,44.71,44.79,44.7,44.79,1400
2022-04-06 12:25:00,44.8,44.865,44.8,44.865,700
2022-04-06 12:30:00,44.94,44.96,44.91,44.95,919
2022-04-06 12:35:00,44.95,45.01,44.95,44.96,600
2022-04-06 12:40:00,45.0,45.0,44.93,44.93,1500
2022-04-06 12:45:00,44.94,44.955,44.91,44.95,1600
2022-04-06 12:50:00,44.92,44.94,44.86,44.92,1289
2022-04-06 12:55:00,44.96,45.03,44.955,45.03,500
2022-04-06 13:00:00,45.055,45.055,44.98,44.99,800
2022-04-06 13:05:00,44.99,44.99,44.86,44.88,300
2022-04-06 13:10:00,44.9,44.91,44.68,44.68,3183
2022-04-06 13:15:00,44.8,44.93,44.8,44.91,1353
2022-04-06 13:20:00,44.91,44.98,44.9,44.95,2528
2022-04-06 13:25:00,44.96,44.96,44.89,44.96,13763
2022-04-06 13:30:00,44.92,44.925,44.88,44.88,900
2022-04-06 13:35:00,44.88,44.94,44.79,44.855,1600
2022-04-06 13:40:00,44.89,44.95,44.89,44.92,2040
2022-04-06 13:45:00,44.94,44.94,44.83,44.905,800
2022-04-06 13:50:00,44.87,44.95,44.87,44.91,905
2022-04-06 13:55:00,44.9,44.9,44.83,44.83,881
2022-04-06 14:00:00,44.76,44.95,44.68,44.93,900
2022-04-06 14:05:00,44.79,44.79,44.63,44.63,900
2022-04-06 14:10:00,44.605,44.7,44.6,44.65,819
2022-04-06 14:15:00,44.56,44.61,44.56,44.6,1400
2022-04-06 14:20:00,44.65,44.82,44.65,44.81,1100
2022-04-06 14:25:00,44.85,44.855,44.76,44.8,1200
2022-04-06 14:30:00,44.84,44.95,44.81,44.95,1100
2022-04-06 14:35:00,44.95,44.95,44.87,44.87,1400
2022-04-06 14:40:00,44.87,44.905,44.85,44.905,900
2022-04-06 14:45:00,44.9,44.97,44.85,44.85,2208
2022-04-06 14:50:00,44.91,44.97,44.89,44.96,2545
2022-04-06 14:55:00,44.95,45.03,44.95,45.03,4260
2022-04-06 15:00:00,45.03,45.13,44.96,45.04,8470
2022-04-06 15:05:00,45.05,45.06,44.86,44.86,4730
2022-04-06 15:10:00,45.0,45.05,44.95,45.02,2284
2022-04-06 15:15:00,45.02,45.02,44.95,44.95,900
2022-04-06 15:20:00,44.94,44.94,44.86,44.88,2154
2022-04-06 15:25:00,44.92,44.94,44.86,44.94,2000
2022-04-06 15:30:00,44.89,44.95,44.89,44.91,2535
2022-04-06 15:35:00,44.89,45.06,44.89,45.0,2270
2022-04-06 15:40:00,45.0,45.0,44.95,44.99,2560
2022-04-06 15:45:00,44.98,45.04,44.95,44.98,4505
2022-04-06 15:50:00,45.0,45.0,44.85,44.86,8562
2022-04-06 15:55:00,44.87,44.96,44.854,44.88,19014
2022-04-06 16:00:00,44.88,44.88,44.88,44.88,60841
2022-04-07 09:30:00,45.06,45.06,44.75,44.75,1901
2022-04-07 09:35:00,45.33,45.33,45.1,45.1,900
2022-04-07 09:40:00,44.96,45.07,44.89,44.89,962
2022-04-07 09:45:00,44.93,44.975,44.86,44.86,982
2022-04-07 09:50:00,44.94,45.0,44.91,44.91,500
2022-04-07 09:55:00,44.92,44.92,44.91,44.91,200
2022-04-07 10:00:00,44.89,44.89,44.77,44.77,1389
2022-04-07 10:05:00,44.75,44.75,44.67,44.67,1100
2022-04-07 10:10:00,44.62,44.65,44.49,44.65,735
2022-04-07 10:15:00,44.62,44.62,44.46,44.46,1300
2022-04-07 10:20:00,44.45,44.45,44.44,44.44,400
2022-04-07 10:25:00,44.5,44.5,44.45,44.45,400
2022-04-07 10:30:00,44.53,44.65,44.46,44.65,1204
2022-04-07 10:35:00,44.73,44.73,44.56,44.56,1109
2022-04-07 10:40:00,44.51,44.51,44.42,44.42,600
2022-04-07 10:45:00,44.42,44.42,44.41,44.41,900
2022-04-07 10:50:00,44.45,44.52,44.43,44.43,1433
2022-04-07 10:55:00,44.5,44.5267,44.5,44.5267,250
2022-04-07 11:00:00,44.47,44.49,44.45,44.47,998
2022-04-07 11:05:00,44.46,44.48,44.37,44.4536,2967
2022-04-07 11:10:00,44.455,44.46,44.42,44.46,700
2022-04-07 11:15:00,44.42,44.42,44.39,44.39,400
2022-04-07 11:20:00,44.525,44.525,44.47,44.47,1450
2022-04-07 11:25:00,44.51,44.59,44.51,44.56,3172
2022-04-07 11:30:00,44.64,44.83,44.56,44.82,1690
2022-04-07 11:35:00,44.84,44.92,44.82,44.89,1404
2022-04-07 11:40:00,44.825,44.825,44.68,44.68,1200
2022-04-07 11:45:00,44.69,44.73,44.65,44.65,1427
2022-04-07 11:50:00,44.65,44.75,44.65,44.72,1000
2022-04-07 11:55:00,44.71,44.8,44.71,44.8,500
2022-04-07 12:00:00,44.84,44.84,44.73,44.82,1600
2022-04-07 12:05:00,44.72,44.765,44.69,44.69,2000
2022-04-07 12:10:00,44.71,44.765,44.7,44.7,1120
2022-04-07 12:15:00,44.75,44.755,44.75,44.755,1100
2022-04-07 12:20:00,44.785,44.84,44.785,44.825,1406
2022-04-07 12:25:00,44.89,44.89,44.77,44.78,929
2022-04-07 12:30:00,44.78,44.85,44.78,44.85,500
2022-04-07 12:35:00,44.82,44.865,44.8,44.8,1000
2022-04-07 12:40:00,44.77,44.77,44.76,44.76,400
2022-04-07 12:45:00,44.77,44.77,44.67,44.67,500
2022-04-07 12:50:00,44.73,44.79,44.73,44.77,600
2022-04-07 12:55:00,44.84,44.84,44.84,44.84,200
2022-04-07 13:00:00,44.87,44.87,44.87,44.87,100
2022-04-07 13:05:00,44.89,45.015,44.89,44.99,1165
2022-04-07 13:10:00,45.01,45.04,44.96,45.0,1200
2022-04-07 13:15:00,45.025,45.06,45.01,45.06,900
2022-04-07 13:20:00,45.04,45.12,45.04,45.095,1767
2022-04-07 13:25:00,45.1399,45.27,45.1399,45.16,4366
2022-04-07 13:30:00,45.205,45.26,45.15,45.17,1000
2022-04-07 13:35:00,45.145,45.145,45.145,45.145,100
2022-04-07 13:40:00,45.02,45.09,45.0,45.09,2080
2022-04-07 13:45:00,45.05,45.07,45.0,45.01,6251
2022-04-07 13:50:00,45.045,45.11,45.01,45.11,520
2022-04-07 13:55:00,45.2,45.2,45.12,45.17,400
2022-04-07 14:00:00,45.25,45.31,45.21,45.21,3100
2022-04-07 14:05:00,45.19,45.25,45.175,45.19,800
2022-04-07 14:10:00,45.19,45.2,45.18,45.2,725
2022-04-07 14:15:00,45.1,45.105,45.0459,45.06,850
2022-04-07 14:20:00,45.04,45.07,45.0,45.07,2813
2022-04-07 14:25:00,45.21,45.21,45.2,45.2,400
2022-04-07 14:30:00,45.14,45.14,45.1,45.1,300
2022-04-07 14:35:00,45.11,45.11,45.09,45.1,600
2022-04-07 14:40:00,45.2,45.2,45.17,45.17,272
2022-04-07 14:45:00,45.22,45.22,45.15,45.15,400
2022-04-07 14:50:00,45.18,45.33,45.18,45.33,1100
2022-04-07 14:55:00,45.34,45.42,45.32,45.385,1200
2022-04-07 15:00:00,45.36,45.57,45.36,45.495,1408
2022-04-07 15:05:00,45.45,45.59,45.44,45.59,9560
2022-04-07 15:10:00,45.54,45.58,45.53,45.53,400
2022-04-07 15:15:00,45.54,45.54,45.46,45.51,1681
2022-04-07 15:20:00,45.5,45.5,45.405,45.405,1792
2022-04-07 15:25:00,45.43,45.495,45.34,45.4,8900
2022-04-07 15:30:00,45.385,45.455,45.385,45.455,1184
2022-04-07 15:35:00,45.455,45.54,45.44,45.54,2249
2022-04-07 15:40:00,45.565,45.66,45.5,45.53,9847
2022-04-07 15:45:00,45.51,45.69,45.5,45.67,6425
2022-04-07 15:50:00,45.72,45.745,45.5168,45.67,10783
2022-04-07 15:55:00,45.67,45.67,45.48,45.62,10537
2022-04-07 16:00:00,45.63,45.71,45.63,45.63,116934
2022-04-08 09:25:00,45.79,45.79,45.79,45.79,100
2022-04-08 09:30:00,45.8,45.8,45.47,45.7,3361
2022-04-08 09:35:00,45.83,45.83,45.57,45.62,1552
2022-04-08 09:40:00,45.57,45.62,45.43,45.43,600
2022-04-08 09:45:00,45.33,45.5,45.33,45.37,585
2022-04-08 09:50:00,45.37,45.38,45.26,45.29,1400
2022-04-08 09:55:00,45.23,45.27,45.1216,45.1216,1143
2022-04-08 10:00:00,45.34,45.355,45.09,45.1,2000
2022-04-08 10:05:00,45.27,45.38,45.27,45.375,500
2022-04-08 10:10:00,45.27,45.27,45.27,45.27,100
2022-04-08 10:15:00,45.2,45.2,45.15,45.15,500
2022-04-08 10:20:00,45.26,45.38,45.26,45.38,554
2022-04-08 10:25:00,45.38,45.72,45.38,45.675,3832
2022-04-08 10:30:00,45.645,45.645,45.3439,45.42,2542
2022-04-08 10:35:00,45.43,45.62,45.415,45.615,742
2022-04-08 10:40:00,45.6,45.65,45.51,45.65,900
2022-04-08 10:45:00,45.56,45.585,45.425,45.48,5852
2022-04-08 10:50:00,45.65,46.05,45.6,46.05,998
2022-04-08 10:55:00,46.05,46.09,45.9,46.0,5043
2022-04-08 11:00:00,45.93,45.93,45.88,45.91,600
2022-04-08 11:05:00,45.995,46.06,45.995,46.0,300
2022-04-08 11:10:00,46.03,46.03,45.84,45.91,1700
2022-04-08 11:20:00,45.76,45.76,45.625,45.715,3041
2022-04-08 11:25:00,45.765,45.765,45.765,45.765,100
2022-04-08 11:30:00,45.65,45.87,45.65,45.81,1198
2022-04-08 11:35:00,45.64,45.64,45.55,45.55,300
2022-04-08 11:40:00,45.7,45.82,45.7,45.82,5700
2022-04-08 11:45:00,45.845,46.015,45.845,46.005,800
2022-04-08 11:50:00,45.965,46.02,45.815,45.815,1770
2022-04-08 11:55:00,45.785,45.825,45.65,45.8,3099
2022-04-08 12:00:00,45.795,45.855,45.685,45.75,6569
2022-04-08 12:05:00,45.75,45.75,45.72,45.72,400
2022-04-08 12:10:00,45.68,45.68,45.65,45.65,300
2022-04-08 12:15:00,45.6925,45.765,45.62,45.765,400
2022-04-08 12:20:00,45.8,45.8,45.68,45.78,1557
2022-04-08 12:25:00,45.93,46.09,45.93,45.995,2800
2022-04-08 12:30:00,45.98,45.98,45.85,45.94,600
2022-04-08 12:35:00,45.91,45.985,45.89,45.94,400
2022-04-08 12:40:00,45.96,45.96,45.775,45.79,2775
2022-04-08 12:45:00,45.69,45.79,45.69,45.77,2366
2022-04-08 12:50:00,45.765,45.765,45.67,45.67,300
2022-04-08 12:55:00,45.79,45.875,45.79,45.8,300
2022-04-08 13:00:00,45.795,45.795,45.775,45.775,202
2022-04-08 13:05:00,45.71,45.775,45.71,45.775,400
2022-04-08 13:10:00,45.71,45.76,45.69,45.76,750
2022-04-08 13:15:00,45.755,45.755,45.755,45.755,100
2022-04-08 13:20:00,45.74,45.76,45.66,45.66,1000
2022-04-08 13:25:00,45.745,45.745,45.64,45.65,500
2022-04-08 13:30:00,45.63,45.695,45.56,45.6,2210
2022-04-08 13:35:00,45.51,45.51,45.46,45.46,200
2022-04-08 13:40:00,45.605,45.605,45.555,45.555,200
2022-04-08 13:45:00,45.6,45.66,45.6,45.66,1284
2022-04-08 13:50:00,45.66,45.685,45.66,45.685,400
2022-04-08 14:00:00,45.73,45.78,45.63,45.63,1100
2022-04-08 14:05:00,45.755,45.755,45.655,45.74,1020
2022-04-08 14:10:00,45.84,45.84,45.84,45.84,100
2022-04-08 14:15:00,45.815,45.83,45.81,45.83,400
2022-04-08 14:20:00,45.885,45.93,45.79,45.79,1600
2022-04-08 14:25:00,45.76,45.76,45.5922,45.62,743
2022-04-08 14:30:00,45.68,45.68,45.68,45.68,100
2022-04-08 14:35:00,45.73,45.73,45.73,45.73,232
2022-04-08 14:40:00,45.71,45.73,45.65,45.73,834
2022-04-08 14:45:00,45.8,45.8,45.78,45.79,427
2022-04-08 14:50:00,45.81,45.86,45.81,45.85,300
2022-04-08 14:55:00,45.91,45.91,45.775,45.8,704
2022-04-08 15:00:00,45.8,45.8,45.73,45.73,947
2022-04-08 15:05:00,45.75,45.81,45.75,45.81,400
2022-04-08 15:10:00,45.79,45.8,45.71,45.77,1331
2022-04-08 15:15:00,45.75,45.8,45.73,45.76,1704
2022-04-08 15:20:00,45.75,45.77,45.6613,45.6613,1050
2022-04-08 15:25:00,45.64,45.75,45.64,45.69,2255
2022-04-08 15:30:00,45.74,45.74,45.63,45.63,1300
2022-04-08 15:35:00,45.64,45.67,45.64,45.64,700
2022-04-08 15:40:00,45.64,45.642,45.6,45.62,400
2022-04-08 15:45:00,45.64,45.65,45.49,45.505,5549
2022-04-08 15:50:00,45.48,45.54,45.44,45.54,4081
2022-04-08 15:55:00,45.545,45.58,45.455,45.51,15485
2022-04-08 16:00:00,45.5,45.5,45.5,45.5,40112
2022-04-11 09:30:00,45.53,45.76,45.28,45.53,3543
2022-04-11 09:35:00,45.72,46.0,45.72,45.84,3500
2022-04-11 09:45:00,46.01,46.33,46.01,46.08,2925
2022-04-11 09:50:00,46.23,46.25,46.23,46.25,200
2022-04-11 09:55:00,46.42,46.58,46.42,46.58,1918
2022-04-11 10:00:00,46.515,46.7,46.515,46.7,1301
2022-04-11 10:05:00,46.57,46.78,46.53,46.72,1300
2022-04-11 10:10:00,46.7,46.81,46.7,46.78,900
2022-04-11 10:15:00,46.9,47.01,46.865,46.92,4906
2022-04-11 10:20:00,46.98,47.09,46.98,47.08,1120
2022-04-11 10:25:00,47.11,47.13,46.87,46.87,1600
2022-04-11 10:30:00,46.875,47.14,46.875,47.05,3000
2022-04-11 10:35:00,47.05,47.07,47.01,47.01,1400
2022-04-11 10:40:00,47.01,47.14,47.0,47.06,1596
2022-04-11 10:50:00,47.2,47.21,47.135,47.18,1100
2022-04-11 10:55:00,47.03,47.05,46.89,46.89,2529
2022-04-11 11:00:00,46.7782,46.785,46.7782,46.785,500
2022-04-11 11:05:00,46.68,46.71,46.59,46.59,3700
2022-04-11 11:10:00,46.65,46.68,46.62,46.63,1100
2022-04-11 11:15:00,46.65,46.675,46.65,46.675,682
2022-04-11 11:20:00,46.68,46.68,46.53,46.53,1436
2022-04-11 11:25:00,46.49,46.49,46.415,46.415,692
2022-04-11 11:30:00,46.465,46.57,46.33,46.33,2600
2022-04-11 11:35:00,46.445,46.49,46.39,46.39,1550
2022-04-11 11:40:00,46.34,46.49,46.34,46.36,2295
2022-04-11 11:45:00,46.42,46.42,46.36,46.39,1597
2022-04-11 11:50:00,46.45,46.45,46.42,46.44,900
2022-04-11 11:55:00,46.43,46.45,46.42,46.43,800
2022-04-11 12:00:00,46.45,46.48,46.42,46.45,1727
2022-04-11 12:05:00,46.49,46.5,46.47,46.47,998
2022-04-11 12:10:00,46.47,46.57,46.4,46.4,2100
2022-04-11 12:15:00,46.415,46.48,46.415,46.45,800
2022-04-11 12:20:00,46.44,46.51,46.44,46.49,2382
2022-04-11 12:25:00,46.43,46.43,46.43,46.43,100
2022-04-11 12:30:00,46.39,46.39,46.24,46.24,400
2022-04-11 12:35:00,46.225,46.26,46.225,46.26,1021
2022-04-11 12:40:00,46.26,46.26,46.12,46.12,1600
2022-04-11 12:45:00,46.11,46.11,46.07,46.07,400
2022-04-11 12:50:00,46.085,46.135,46.0,46.0,1800
2022-04-11 12:55:00,46.0,46.01,46.0,46.0,400
2022-04-11 13:00:00,46.0,46.05,45.87,46.02,2214
2022-04-11 13:05:00,46.03,46.11,46.02,46.035,3500
2022-04-11 13:10:00,45.98,45.995,45.86,45.86,2000
2022-04-11 13:15:00,45.91,45.91,45.88,45.9,1317
2022-04-11 13:20:00,45.95,46.04,45.92,45.94,2909
2022-04-11 13:25:00,45.98,46.055,45.98,46.055,1630
2022-04-11 13:30:00,46.1,46.15,46.06,46.15,7475
2022-04-11 13:35:00,46.15,46.17,46.06,46.06,2059
2022-04-11 13:40:00,46.07,46.13,46.06,46.06,900
2022-04-11 13:45:00,46.04,46.08,46.01,46.05,1400
2022-04-11 13:50:00,46.1,46.1,46.08,46.08,1533
2022-04-11 13:55:00,46.1,46.1,46.0,46.05,995
2022-04-11 14:00:00,46.04,46.05,46.03,46.04,1800
2022-04-11 14:05:00,46.0,46.0,45.93,45.95,3154
2022-04-11 14:10:00,45.925,45.935,45.885,45.885,650
2022-04-11 14:15:00,45.85,45.855,45.82,45.82,800
2022-04-11 14:25:00,45.82,45.95,45.8,45.92,2140
2022-04-11 14:30:00,45.92,46.0,45.91,45.97,1600
2022-04-11 14:35:00,45.97,45.97,45.97,45.97,586
2022-04-11 14:40:00,45.97,45.97,45.94,45.955,900
2022-04-11 14:45:00,45.98,45.99,45.87,45.96,2934
2022-04-11 14:50:00,45.94,45.97,45.93,45.93,699
2022-04-11 14:55:00,46.0,46.0,45.9,45.9,3256
2022-04-11 15:00:00,45.87,45.91,45.81,45.82,1400
2022-04-11 15:05:00,45.78,45.8,45.72,45.72,2758
2022-04-11 15:10:00,45.725,45.75,45.63,45.67,2211
2022-04-11 15:15:00,45.65,45.655,45.6,45.63,1779
2022-04-11 15:20:00,45.6,45.6,45.59,45.59,300
2022-04-11 15:25:00,45.56,45.57,45.45,45.45,2865
2022-04-11 15:30:00,45.445,45.495,45.33,45.33,3017
2022-04-11 15:35:00,45.33,45.34,45.2,45.2,3600
2022-04-11 15:40:00,45.18,45.19,45.11,45.11,1790
2022-04-11 15:45:00,45.12,45.12,44.96,44.96,2600
2022-04-11 15:50:00,44.96,44.97,44.8,44.83,4135
2022-04-11 15:55:00,44.83,45.0,44.83,44.93,9652
2022-04-11 16:00:00,44.94,44.94,44.94,44.94,54144
2022-04-12 09:30:00,45.42,45.75,45.42,45.75,3935
2022-04-12 09:35:00,45.77,45.93,45.77,45.79,1570
2022-04-12 09:40:00,45.98,45.98,45.865,45.97,900
2022-04-12 09:45:00,46.0,46.14,45.95,46.0,4669
2022-04-12 09:50:00,46.0,46.21,45.95,46.2,2400
2022-04-12 09:55:00,46.2,46.22,46.15,46.15,1745
2022-04-12 10:00:00,46.08,46.32,46.05,46.13,3000
2022-04-12 10:05:00,46.13,46.3,46.13,46.21,2200
2022-04-12 10:10:00,46.21,46.41,46.21,46.37,1000
2022-04-12 10:15:00,46.245,46.25,46.23,46.25,1200
2022-04-12 10:20:00,46.25,46.25,46.02,46.18,1350
2022-04-12 10:25:00,46.18,46.18,46.06,46.13,1000
2022-04-12 10:30:00,46.01,46.05,46.01,46.05,700
2022-04-12 10:35:00,46.05,46.06,45.88,45.88,1000
2022-04-12 10:40:00,45.85,45.85,45.7,45.7,1199
2022-04-12 10:45:00,45.8,45.8,45.69,45.72,1400
2022-04-12 10:50:00,45.72,45.8,45.71,45.71,2232
2022-04-12 10:55:00,45.71,45.71,45.67,45.7,430
2022-04-12 11:00:00,45.69,45.69,45.61,45.61,571
2022-04-12 11:05:00,45.69,45.77,45.6,45.735,2296
2022-04-12 11:10:00,45.73,45.97,45.67,45.93,2300
2022-04-12 11:15:00,45.94,45.94,45.77,45.77,4678
2022-04-12 11:20:00,45.77,45.77,45.71,45.74,915
2022-04-12 11:25:00,45.77,45.77,45.67,45.67,800
2022-04-12 11:30:00,45.67,45.7,45.65,45.68,800
2022-04-12 11:35:00,45.7,45.7,45.57,45.575,500
2022-04-12 11:40:00,45.59,45.62,45.59,45.62,800
2022-04-12 11:45:00,45.67,45.68,45.66,45.68,700
2022-04-12 11:50:00,45.72,45.72,45.65,45.65,1700
2022-04-12 11:55:00,45.65,45.65,45.58,45.58,900
2022-04-12 12:00:00,45.51,45.51,45.4394,45.46,1112
2022-04-12 12:05:00,45.45,45.45,45.355,45.36,600
2022-04-12 12:10:00,45.32,45.37,45.32,45.32,805
2022-04-12 12:15:00,45.3,45.43,45.3,45.43,1114
2022-04-12 12:20:00,45.45,45.45,45.45,45.45,351
2022-04-12 12:25:00,45.35,45.35,45.275,45.28,500
2022-04-12 12:30:00,45.32,45.34,45.32,45.325,400
2022-04-12 12:35:00,45.36,45.5,45.36,45.5,1700
2022-04-12 12:40:00,45.56,45.63,45.55,45.63,795
2022-04-12 12:45:00,45.575,45.59,45.545,45.565,600
2022-04-12 12:50:00,45.59,45.59,45.49,45.49,1106
2022-04-12 12:55:00,45.42,45.435,45.41,45.41,700
2022-04-12 13:00:00,45.36,45.59,45.36,45.55,2761
2022-04-12 13:05:00,45.57,45.57,45.42,45.42,2769
2022-04-12 13:10:00,45.41,45.5,45.41,45.5,1500
2022-04-12 13:15:00,45.47,45.47,45.4,45.4,800
2022-04-12 13:20:00,45.46,45.5,45.46,45.46,800
2022-04-12 13:25:00,45.51,45.52,45.47,45.47,1799
2022-04-12 13:30:00,45.45,45.48,45.43,45.43,2400
2022-04-12 13:35:00,45.47,45.49,45.41,45.43,2121
2022-04-12 13:40:00,45.43,45.43,45.23,45.23,1812
2022-04-12 13:45:00,45.21,45.28,45.21,45.26,700
2022-04-12 13:50:00,45.23,45.33,45.23,45.29,962
2022-04-12 13:55:00,45.23,45.23,45.04,45.04,2100
2022-04-12 14:00:00,45.1699,45.1699,45.03,45.14,3971
2022-04-12 14:05:00,45.16,45.37,45.15,45.3,1100
2022-04-12 14:10:00,45.36,45.37,45.29,45.29,1300
2022-04-12 14:15:00,45.23,45.23,45.16,45.21,600
2022-04-12 14:20:00,45.23,45.23,45.14,45.14,1400
2022-04-12 14:25:00,45.14,45.14,45.05,45.05,800
2022-04-12 14:30:00,45.04,45.08,44.95,44.95,1346
2022-04-12 14:35:00,45.04,45.13,45.04,45.12,900
2022-04-12 14:40:00,45.08,45.08,44.93,44.93,821
2022-04-12 14:45:00,45.04,45.13,44.98,45.08,1401
2022-04-12 14:50:00,45.07,45.07,45.03,45.04,400
2022-04-12 14:55:00,45.1,45.17,45.1,45.1,899
2022-04-12 15:00:00,45.06,45.06,44.99,44.99,500
2022-04-12 15:05:00,44.915,44.915,44.87,44.88,3558
2022-04-12 15:10:00,44.9,45.13,44.9,45.13,700
2022-04-12 15:15:00,45.14,45.18,45.14,45.16,1300
2022-04-12 15:20:00,45.19,45.27,45.14,45.27,55979
2022-04-12 15:25:00,45.26,45.33,45.19,45.19,1800
2022-04-12 15:30:00,45.2,45.22,45.04,45.15,16195
2022-04-12 15:35:00,45.15,45.4,45.15,45.4,12865
2022-04-12 15:40:00,45.4,45.42,45.29,45.36,4166
2022-04-12 15:45:00,45.3,45.45,45.25,45.45,2127
2022-04-12 15:50:00,45.39,45.4,45.25,45.38,4894
2022-04-12 15:55:00,45.38,45.48,45.37,45.43,13185
2022-04-12 16:00:00,45.46,45.46,45.46,45.46,51750
2022-04-13 09:30:00,45.66,45.75,45.18,45.32,1631
2022-04-13 09:35:00,45.82,46.2,45.82,46.18,1400
2022-04-13 09:40:00,46.03,46.03,46.01,46.01,900
2022-04-13 09:45:00,46.1,46.1,45.895,45.895,700
2022-04-13 09:50:00,46.12,46.14,46.02,46.04,1200
2022-04-13 09:55:00,45.95,46.06,45.91,46.01,2019
2022-04-13 10:00:00,46.01,46.01,45.94,45.97,600
2022-04-13 10:05:00,45.93,45.93,45.66,45.66,800
2022-04-13 10:10:00,45.62,45.82,45.62,45.69,1700
2022-04-13 10:15:00,45.67,45.75,45.67,45.75,200
2022-04-13 10:20:00,45.74,45.81,45.74,45.81,200
2022-04-13 10:25:00,45.92,46.0,45.84,45.96,4640
2022-04-13 10:30:00,45.98,46.0,45.805,45.875,4527
2022-04-13 10:35:00,45.98,45.98,45.94,45.945,1478
2022-04-13 10:40:00,45.88,45.98,45.86,45.95,3427
2022-04-13 10:45:00,45.95,45.99,45.94,45.97,1400
2022-04-13 10:50:00,45.99,46.2,45.99,46.2,1710
2022-04-13 10:55:00,46.31,46.31,46.22,46.22,300
2022-04-13 11:00:00,46.22,46.33,46.19,46.33,2100
2022-04-13 11:05:00,46.27,46.27,46.27,46.27,100
2022-04-13 11:10:00,46.32,46.46,46.32,46.355,1930
2022-04-13 11:15:00,46.41,46.47,46.41,46.44,1500
2022-04-13 11:20:00,46.38,46.38,46.34,46.34,200
2022-04-13 11:25:00,46.33,46.33,46.2,46.2,1536
2022-04-13 11:30:00,46.24,46.25,46.2,46.2,1018
2022-04-13 11:35:00,46.24,46.27,46.23,46.23,756
2022-04-13 11:40:00,46.21,46.21,46.2,46.2,200
2022-04-13 11:45:00,46.25,46.26,46.25,46.26,200
2022-04-13 11:50:00,46.29,46.33,46.22,46.33,2887
2022-04-13 11:55:00,46.315,46.4,46.29,46.35,2464
2022-04-13 12:00:00,46.37,46.37,46.37,46.37,100
2022-04-13 12:05:00,46.41,46.42,46.35,46.42,1511
2022-04-13 12:10:00,46.43,46.465,46.43,46.465,500
2022-04-13 12:15:00,46.5,46.515,46.48,46.515,5264
2022-04-13 12:20:00,46.53,46.6025,46.53,46.5757,1612
2022-04-13 12:25:00,46.61,46.66,46.59,46.59,2655
2022-04-13 12:30:00,46.59,46.65,46.59,46.65,1197
2022-04-13 12:35:00,46.67,46.67,46.67,46.67,100
2022-04-13 12:45:00,46.77,46.85,46.77,46.81,2322
2022-04-13 12:55:00,46.78,46.8,46.78,46.8,780
2022-04-13 13:00:00,46.81,46.85,46.81,46.85,1000
2022-04-13 13:05:00,46.88,46.9,46.87,46.9,1361
2022-04-13 13:10:00,46.95,46.96,46.95,46.96,700
2022-04-13 13:15:00,46.97,47.08,46.97,47.04,6282
2022-04-13 13:20:00,47.06,47.07,47.06,47.07,500
2022-04-13 13:25:00,47.06,47.2,47.06,47.15,1392
2022-04-13 13:30:00,47.055,47.08,47.05,47.05,600
2022-04-13 13:35:00,47.04,47.04,47.0,47.002,3190
2022-04-13 13:40:00,46.96,46.96,46.79,46.81,1728
2022-04-13 13:45:00,46.77,46.87,46.76,46.8349,3411
2022-04-13 13:50:00,46.85,46.85,46.71,46.71,1380
2022-04-13 13:55:00,46.69,46.74,46.68,46.74,1300
2022-04-13 14:00:00,46.76,46.76,46.68,46.7,2210
2022-04-13 14:05:00,46.68,46.69,46.66,46.67,645
2022-04-13 14:10:00,46.67,46.67,46.55,46.59,1501
2022-04-13 14:15:00,46.56,46.6,46.51,46.51,1469
2022-04-13 14:20:00,46.46,46.53,46.46,46.5,2321
2022-04-13 14:25:00,46.505,46.63,46.46,46.63,1299
2022-04-13 14:30:00,46.61,46.645,46.61,46.635,700
2022-04-13 14:35:00,46.62,46.68,46.59,46.67,4676
2022-04-13 14:40:00,46.67,46.67,46.64,46.64,599
2022-04-13 14:45:00,46.67,46.72,46.67,46.72,2336
2022-04-13 14:50:00,46.69,46.725,46.69,46.7,700
2022-04-13 14:55:00,46.7,46.7,46.58,46.58,4139
2022-04-13 15:00:00,46.56,46.56,46.5,46.525,2400
2022-04-13 15:05:00,46.55,46.615,46.525,46.6,2200
2022-04-13 15:10:00,46.6,46.615,46.55,46.555,3224
2022-04-13 15:15:00,46.53,46.67,46.53,46.59,2346
2022-04-13 15:20:00,46.59,46.71,46.59,46.63,2106
2022-04-13 15:25:00,46.7,46.72,46.65,46.67,7333
2022-04-13 15:30:00,46.67,46.67,46.61,46.63,2736
2022-04-13 15:35:00,46.61,46.62,46.54,46.585,5058
2022-04-13 15:40:00,46.57,46.61,46.48,46.55,6402
2022-04-13 15:45:00,46.55,46.595,46.52,46.52,4800
2022-04-13 15:50:00,46.48,46.48,46.37,46.38,6485
2022-04-13 15:55:00,46.365,46.41,46.35,46.37,14193
2022-04-13 16:00:00,46.36,46.36,46.36,46.36,55877
2022-04-14 09:30:00,46.3,47.13,46.3,47.09,5196
2022-04-14 09:35:00,47.09,47.11,47.04,47.07,400
2022-04-14 09:50:00,46.68,46.68,46.66,46.68,500
2022-04-14 09:55:00,46.56,46.56,46.5,46.555,922
2022-04-14 10:05:00,46.75,46.83,46.69,46.78,800
2022-04-14 10:10:00,47.0,47.06,46.87,47.06,1985
2022-04-14 10:15:00,47.0,47.015,46.785,46.785,708
2022-04-14 10:25:00,46.73,46.825,46.73,46.825,600
2022-04-14 10:35:00,46.79,46.79,46.7502,46.7502,284
2022-04-14 10:40:00,46.835,46.835,46.74,46.74,603
2022-04-14 10:45:00,46.72,46.72,46.61,46.61,300
2022-04-14 10:50:00,46.58,46.625,46.58,46.625,200
2022-04-14 10:55:00,46.56,46.56,46.56,46.56,200
2022-04-14 11:00:00,46.5,46.65,46.49,46.65,1700
2022-04-14 11:05:00,46.58,46.58,46.58,46.58,400
2022-04-14 11:10:00,46.62,46.705,46.62,46.705,400
2022-04-14 11:15:00,46.58,46.58,46.53,46.58,300
2022-04-14 11:20:00,46.61,46.69,46.6,46.69,1300
2022-04-14 11:25:00,46.71,46.72,46.69,46.72,600
2022-04-14 11:30:00,46.78,46.78,46.7,46.73,579
2022-04-14 11:35:00,46.655,46.655,46.63,46.63,400
2022-04-14 11:40:00,46.5,46.5,46.46,46.47,1101
2022-04-14 11:45:00,46.49,46.49,46.49,46.49,100
2022-04-14 11:50:00,46.5,46.5,46.3718,46.415,2600
2022-04-14 11:55:00,46.38,46.48,46.38,46.48,2700
2022-04-14 12:00:00,46.35,46.37,46.3,46.3,300
2022-04-14 12:05:00,46.3,46.34,46.3,46.34,300
2022-04-14 12:10:00,46.505,46.515,46.46,46.46,300
2022-04-14 12:15:00,46.43,46.44,46.43,46.44,200
2022-04-14 12:20:00,46.36,46.39,46.35,46.35,800
2022-04-14 12:25:00,46.4,46.4,46.38,46.39,800
2022-04-14 12:30:00,46.38,46.4,46.38,46.4,200
2022-04-14 12:35:00,46.355,46.355,46.31,46.31,500
2022-04-14 12:40:00,46.24,46.24,46.1549,46.1549,2100
2022-04-14 12:45:00,46.18,46.34,46.18,46.34,2792
2022-04-14 12:50:00,46.38,46.38,46.34,46.35,800
2022-04-14 12:55:00,46.385,46.46,46.385,46.46,500
2022-04-14 13:00:00,46.46,46.46,46.46,46.46,200
2022-04-14 13:05:00,46.46,46.46,46.4189,46.4189,250
2022-04-14 13:10:00,46.52,46.52,46.47,46.47,200
2022-04-14 13:15:00,46.46,46.49,46.46,46.49,205
2022-04-14 13:20:00,46.31,46.31,46.31,46.31,202
2022-04-14 13:25:00,46.41,46.45,46.38,46.38,700
2022-04-14 13:30:00,46.46,46.46,46.45,46.45,200
2022-04-14 13:35:00,46.47,46.49,46.47,46.49,300
2022-04-14 13:45:00,46.57,46.66,46.57,46.66,800
2022-04-14 13:50:00,46.68,46.69,46.68,46.69,200
2022-04-14 13:55:00,46.715,46.82,46.65,46.82,3430
2022-04-14 14:00:00,46.82,46.91,46.815,46.89,3693
2022-04-14 14:05:00,46.89,46.89,46.86,46.89,507
2022-04-14 14:10:00,46.902,46.98,46.885,46.98,425
2022-04-14 14:15:00,46.98,46.98,46.94,46.97,600
2022-04-14 14:20:00,46.95,46.96,46.94,46.94,686
2022-04-14 14:25:00,46.94,46.94,46.85,46.85,4150
2022-04-14 14:30:00,46.85,46.93,46.83,46.83,1188
2022-04-14 14:35:00,46.84,46.85,46.835,46.835,600
2022-04-14 14:40:00,46.9,46.94,46.9,46.94,500
2022-04-14 14:45:00,46.94,46.94,46.87,46.87,700
2022-04-14 14:50:00,46.85,46.85,46.74,46.74,300
2022-04-14 14:55:00,46.62,46.63,46.585,46.595,1292
2022-04-14 15:00:00,46.595,46.625,46.585,46.625,600
2022-04-14 15:05:00,46.65,46.69,46.57,46.58,1400
2022-04-14 15:10:00,46.56,46.56,46.45,46.47,2243
2022-04-14 15:15:00,46.54,46.58,46.42,46.45,1300
2022-04-14 15:20:00,46.45,46.47,46.32,46.32,2800
2022-04-14 15:25:00,46.36,46.36,46.16,46.2,5100
2022-04-14 15:30:00,46.23,46.27,46.16,46.245,3472
2022-04-14 15:35:00,46.27,46.37,46.24,46.25,5618
2022-04-14 15:40:00,46.24,46.39,46.24,46.37,4672
2022-04-14 15:45:00,46.33,46.35,46.14,46.19,6910
2022-04-14 15:50:00,46.18,46.18,45.81,45.86,12740
2022-04-14 15:55:00,45.86,45.95,45.77,45.95,30527
2022-04-14 16:00:00,45.92,45.92,45.92,45.92,50998
