2022-04-01 04:50:00,82.7662,82.7662,82.6766,82.6766,700
2022-04-01 08:00:00,82.308,82.308,82.308,82.308,300
2022-04-01 08:30:00,82.6467,82.6467,82.6467,82.6467,200
2022-04-01 09:05:00,82.6766,82.6766,82.6766,82.6766,100
2022-04-01 09:30:00,82.7164,83.0352,82.6367,82.7015,128575
2022-04-01 09:35:00,82.7164,82.816,82.3628,82.4176,69963
2022-04-01 09:40:00,82.4176,82.5072,82.049,82.0914,102036
2022-04-01 09:45:00,82.0889,82.4076,81.9594,82.2781,268806
2022-04-01 09:50:00,82.2881,82.6965,82.2283,82.2582,122584
2022-04-01 09:55:00,82.2682,82.3379,82.0781,82.0889,54118
2022-04-01 10:00:00,82.0889,82.1088,81.9096,82.0939,59983
2022-04-01 10:05:00,82.1038,82.2383,82.0789,82.2084,36490
2022-04-01 10:10:00,82.2184,82.4375,82.1088,82.2084,183321
2022-04-01 10:15:00,82.2084,82.2931,82.0689,82.1127,72322
2022-04-01 10:20:00,82.1283,82.1287,81.9942,82.0391,53524
2022-04-01 10:25:00,82.049,82.1188,81.9395,82.1188,80981
2022-04-01 10:30:00,82.1188,82.1337,81.9992,82.0291,47144
2022-04-01 10:35:00,82.0092,82.0291,81.8996,81.8996,56395
2022-04-01 10:40:00,81.8697,81.8797,81.6356,81.7104,70888
2022-04-01 10:45:00,81.7104,81.9345,81.6805,81.9099,80353
2022-04-01 10:50:00,81.9245,81.9992,81.8598,81.9952,76546
2022-04-01 10:55:00,82.0092,82.0092,81.9096,81.9594,35510
2022-04-01 11:00:00,81.9295,81.9992,81.8598,81.9992,39172
2022-04-01 11:05:00,81.9893,82.0391,81.9096,81.9395,30806
2022-04-01 11:10:00,81.9345,82.0291,81.8996,82.0191,39758
2022-04-01 11:15:00,82.0191,82.1088,81.9893,82.0241,26494
2022-04-01 11:20:00,82.0191,82.0401,81.9494,81.9893,35632
2022-04-01 11:25:00,81.9843,81.9992,81.8598,81.8598,27455
2022-04-01 11:30:00,81.8598,81.8697,81.7203,81.7203,32445
2022-04-01 11:35:00,81.7104,81.7203,81.6456,81.6504,38197
2022-04-01 11:40:00,81.6406,81.6406,81.4613,81.4912,48589
2022-04-01 11:45:00,81.4763,81.5012,81.3916,81.4862,38771
2022-04-01 11:50:00,81.4713,81.5809,81.4414,81.5186,21850
2022-04-01 11:55:00,81.5111,81.5111,81.4016,81.4962,34207
2022-04-01 12:00:00,81.4912,81.5111,81.4016,81.4016,23700
2022-04-01 12:05:00,81.4085,81.4085,81.2023,81.3119,45228
2022-04-01 12:10:00,81.3119,81.3483,81.1924,81.2671,29626
2022-04-01 12:15:00,81.277,81.3816,81.2223,81.3219,39458
2022-04-01 12:20:00,81.3119,81.3816,81.292,81.3219,17460
2022-04-01 12:25:00,81.3318,81.3518,81.3019,81.3468,25470
2022-04-01 12:30:00,81.3318,81.3318,81.1625,81.2422,33636
2022-04-01 12:35:00,81.2263,81.2322,81.1525,81.2223,22366
2022-04-01 12:40:00,81.2023,81.3418,81.1625,81.3318,16933
2022-04-01 12:45:00,81.3318,81.3816,81.3019,81.3816,12969
2022-04-01 12:50:00,81.3816,81.4115,81.3019,81.3816,20159
2022-04-01 12:55:00,81.3717,81.4016,81.3019,81.3119,20426
2022-04-01 13:00:00,81.3219,81.39,81.3019,81.3617,17153
2022-04-01 13:05:00,81.3717,81.4514,81.3617,81.3927,21200
2022-04-01 13:10:00,81.3916,81.4016,81.3368,81.4016,19398
2022-04-01 13:15:00,81.3916,81.4215,81.3418,81.4115,16165
2022-04-01 13:20:00,81.4115,81.4215,81.292,81.3717,25498
2022-04-01 13:25:00,81.3617,81.3816,81.3219,81.3418,11226
2022-04-01 13:30:00,81.3318,81.3717,81.2721,81.282,14361
2022-04-01 13:35:00,81.292,81.3916,81.2853,81.3119,28535
2022-04-01 13:40:00,81.3019,81.3667,81.287,81.3119,24967
2022-04-01 13:45:00,81.3019,81.3916,81.282,81.3617,14901
2022-04-01 13:50:00,81.3418,81.4514,81.3418,81.4215,14415
2022-04-01 13:55:00,81.4215,81.4613,81.4016,81.4115,33540
2022-04-01 14:00:00,81.4016,81.5311,81.3916,81.5211,35336
2022-04-01 14:05:00,81.5211,81.5908,81.4912,81.5311,27831
2022-04-01 14:10:00,81.5311,81.551,81.4763,81.551,37928
2022-04-01 14:15:00,81.5609,81.5809,81.5012,81.5012,19666
2022-04-01 14:20:00,81.4862,81.541,81.4713,81.4713,27813
2022-04-01 14:25:00,81.4713,81.6107,81.4713,81.6008,37378
2022-04-01 14:30:00,81.5958,81.7104,81.5908,81.7004,28847
2022-04-01 14:35:00,81.7054,81.7203,81.6207,81.6307,18126
2022-04-01 14:40:00,81.6307,81.7004,81.6157,81.6805,26061
2022-04-01 14:45:00,81.6904,81.735,81.6406,81.6705,45637
2022-04-01 14:50:00,81.6655,81.6705,81.6058,81.6257,23536
2022-04-01 14:55:00,81.6307,81.6605,81.4812,81.5012,54214
2022-04-01 15:00:00,81.4912,81.6805,81.4812,81.6207,33850
2022-04-01 15:05:00,81.5908,81.6904,81.5809,81.6207,29135
2022-04-01 15:10:00,81.6207,81.6307,81.4613,81.4912,37739
2022-04-01 15:15:00,81.4962,81.541,81.3617,81.3617,46658
2022-04-01 15:20:00,81.3617,81.4165,81.3368,81.3518,37976
2022-04-01 15:25:00,81.3617,81.4414,81.3617,81.4115,44887
2022-04-01 15:30:00,81.4115,81.4315,81.297,81.3318,57225
2022-04-01 15:35:00,81.3318,81.3617,81.2621,81.2721,62708
2022-04-01 15:40:00,81.2721,81.3745,81.2139,81.2571,93275
2022-04-01 15:45:00,81.2521,81.297,81.1874,81.292,165719
2022-04-01 15:50:00,81.292,81.6605,81.292,81.6207,182324
2022-04-01 15:55:00,81.6107,81.8199,81.5908,81.6904,379404
2022-04-01 16:00:00,81.6904,81.6904,81.6904,81.6904,896960
2022-04-01 16:05:00,81.6905,81.6905,81.6905,81.6905,100
2022-04-01 16:20:00,81.6904,81.6904,81.6904,81.6904,100
2022-04-01 16:30:00,81.6517,81.6517,81.6517,81.6517,105
2022-04-01 16:35:00,81.6904,81.6904,81.6904,81.6904,5114
2022-04-01 19:50:00,81.6307,81.6307,81.6307,81.6307,240
2022-04-04 09:30:00,81.9295,82.4076,81.6805,82.3379,177535
2022-04-04 09:35:00,82.3777,82.7861,82.308,82.6965,98731
2022-04-04 09:40:00,82.6965,83.4137,82.6766,83.3938,134985
2022-04-04 09:45:00,83.4142,83.5531,83.2742,83.4236,100818
2022-04-04 09:50:00,83.4336,83.6029,83.3738,83.593,74038
2022-04-04 09:55:00,83.597,83.8022,83.5332,83.6229,129662
2022-04-04 10:00:00,83.6273,83.6627,83.4336,83.6129,59780
2022-04-04 10:05:00,83.6129,83.6328,83.3539,83.4187,64411
2022-04-04 10:10:00,83.4336,83.5531,83.3041,83.3041,71130
2022-04-04 10:15:00,83.3141,83.324,83.1049,83.1049,58543
2022-04-04 10:20:00,83.0949,83.3838,83.075,83.3141,63962
2022-04-04 10:25:00,83.324,83.3738,83.2543,83.2792,67119
2022-04-04 10:30:00,83.2942,83.3299,83.0949,83.1647,48663
2022-04-04 10:35:00,83.1647,83.2443,83.0949,83.1985,33802
2022-04-04 10:40:00,83.1995,83.2842,83.0949,83.0949,57957
2022-04-04 10:45:00,83.085,83.3738,83.0601,83.344,118916
2022-04-04 10:50:00,83.339,83.4037,83.3191,83.324,61701
2022-04-04 10:55:00,83.324,83.4635,83.3141,83.4635,56171
2022-04-04 11:00:00,83.4635,83.6029,83.4336,83.5531,82166
2022-04-04 11:05:00,83.5233,83.583,83.4635,83.5681,50047
2022-04-04 11:10:00,83.5693,83.7026,83.5432,83.6528,86152
2022-04-04 11:15:00,83.6627,83.7125,83.6528,83.6826,51347
2022-04-04 11:20:00,83.6777,83.7225,83.6677,83.7125,47087
2022-04-04 11:25:00,83.7175,83.8221,83.6328,83.7872,96056
2022-04-04 11:30:00,83.7872,83.7972,83.6528,83.6727,111831
2022-04-04 11:35:00,83.6826,83.7922,83.6428,83.7822,46002
2022-04-04 11:40:00,83.7822,83.7972,83.7324,83.7424,43323
2022-04-04 11:45:00,83.7524,83.8321,83.7431,83.7872,47427
2022-04-04 11:50:00,83.7822,83.8221,83.7324,83.8121,44335
2022-04-04 11:55:00,83.8221,83.8868,83.7872,83.857,31383
2022-04-04 12:00:00,83.842,83.8619,83.6677,83.6926,60624
2022-04-04 12:05:00,83.6976,83.9167,83.6727,83.8321,55208
2022-04-04 12:10:00,83.852,83.8719,83.7623,83.842,56635
2022-04-04 12:15:00,83.842,83.8819,83.8022,83.852,34301
2022-04-04 12:20:00,83.852,83.9317,83.842,83.9167,59457
2022-04-04 12:25:00,83.9217,83.9416,83.8719,83.9117,61369
2022-04-04 12:30:00,83.9217,83.9516,83.9018,83.9217,39702
2022-04-04 12:35:00,83.9217,83.9615,83.852,83.9217,70435
2022-04-04 12:40:00,83.9217,83.9317,83.7972,83.8819,89149
2022-04-04 12:45:00,83.8719,83.8769,83.7678,83.8719,52814
2022-04-04 12:50:00,83.8669,83.9416,83.852,83.9217,32458
2022-04-04 12:55:00,83.9267,83.9665,83.8819,83.9167,51786
2022-04-04 13:00:00,83.9117,83.9516,83.7922,83.8321,38794
2022-04-04 13:05:00,83.8221,83.8619,83.7822,83.8321,36994
2022-04-04 13:10:00,83.842,83.9068,83.8121,83.9068,20572
2022-04-04 13:15:00,83.9018,83.9267,83.8918,83.9217,21289
2022-04-04 13:20:00,83.9267,83.9416,83.8022,83.8022,36207
2022-04-04 13:25:00,83.7922,83.8221,83.7524,83.7585,65053
2022-04-04 13:30:00,83.7723,83.7723,83.6926,83.6976,75536
2022-04-04 13:35:00,83.6926,83.6926,83.583,83.6029,46293
2022-04-04 13:40:00,83.598,83.6826,83.5581,83.6727,16256
2022-04-04 13:45:00,83.6727,83.6926,83.6528,83.6677,22746
2022-04-04 13:50:00,83.6677,83.6876,83.6627,83.6777,20783
2022-04-04 13:55:00,83.6747,83.7075,83.6428,83.6627,34606
2022-04-04 14:00:00,83.6533,83.7275,83.6428,83.7275,23437
2022-04-04 14:05:00,83.7324,83.7623,83.4934,83.5233,44854
2022-04-04 14:10:00,83.5332,83.6129,83.5332,83.5631,19899
2022-04-04 14:15:00,83.5731,83.7026,83.5631,83.6328,31417
2022-04-04 14:20:00,83.6229,83.6627,83.593,83.6528,21483
2022-04-04 14:25:00,83.6577,83.6627,83.6129,83.6278,25233
2022-04-04 14:30:00,83.6229,83.6627,83.583,83.6577,39145
2022-04-04 14:35:00,83.6577,83.6627,83.583,83.6229,23556
2022-04-04 14:40:00,83.6328,83.6328,83.593,83.6029,26492
2022-04-04 14:45:00,83.6029,83.7225,83.588,83.6528,32009
2022-04-04 14:50:00,83.6627,83.6876,83.6229,83.6743,26572
2022-04-04 14:55:00,83.6777,83.6826,83.6129,83.6179,29382
2022-04-04 15:00:00,83.6229,83.7125,83.6029,83.6727,39025
2022-04-04 15:05:00,83.6727,83.7474,83.6528,83.7324,43226
2022-04-04 15:10:00,83.7324,83.7822,83.7026,83.7822,48617
2022-04-04 15:15:00,83.7773,83.7822,83.7324,83.7623,47503
2022-04-04 15:20:00,83.7723,83.842,83.7623,83.8121,55370
2022-04-04 15:25:00,83.8171,83.8271,83.7225,83.7473,52210
2022-04-04 15:30:00,83.7474,83.7723,83.7026,83.7324,56110
2022-04-04 15:35:00,83.7175,83.8221,83.6926,83.7524,99246
2022-04-04 15:40:00,83.7474,83.7922,83.588,83.588,79541
2022-04-04 15:45:00,83.583,83.6826,83.5731,83.6378,109794
2022-04-04 15:50:00,83.6328,83.7075,83.6129,83.6976,132961
2022-04-04 15:55:00,83.6926,83.7623,83.6229,83.7524,357332
2022-04-04 16:00:00,83.7424,83.7424,83.7324,83.7424,950965
2022-04-04 16:05:00,83.6229,83.6229,83.6229,83.6229,100
2022-04-04 16:10:00,83.7424,83.7424,83.324,83.324,5460
2022-04-04 16:20:00,83.6727,83.6727,83.6727,83.6727,160
2022-04-04 16:30:00,83.7424,83.7424,83.7424,83.7424,7398
2022-04-04 17:15:00,83.6727,83.6727,83.6727,83.6727,126
2022-04-04 17:55:00,83.7225,83.7225,83.7225,83.7225,130
2022-04-04 18:00:00,83.7424,83.8022,83.7324,83.7324,1027
2022-04-04 18:10:00,83.7324,83.7324,83.7324,83.7324,209
2022-04-04 18:25:00,83.842,83.842,83.842,83.842,137
2022-04-04 18:30:00,83.7325,83.7424,83.7325,83.7424,240
2022-04-04 18:50:00,83.7324,83.7324,83.7324,83.7324,134
2022-04-04 18:55:00,83.852,83.852,83.852,83.852,300
2022-04-04 19:30:00,83.6826,83.6826,83.6826,83.6826,200
2022-04-05 06:05:00,83.7424,83.7424,83.7424,83.7424,268
2022-04-05 09:00:00,83.4735,83.4735,83.4735,83.4735,100
2022-04-05 09:20:00,83.4236,83.4236,83.4236,83.4236,898
2022-04-05 09:25:00,83.4336,83.4336,83.0949,83.2842,1186
2022-04-05 09:30:00,83.075,83.7922,82.7577,83.5149,155538
2022-04-05 09:35:00,83.5133,83.7524,83.3838,83.6627,34508
2022-04-05 09:40:00,83.6428,83.773,83.4137,83.4735,32484
2022-04-05 09:45:00,83.4386,83.842,83.4386,83.7723,50084
2022-04-05 09:50:00,83.8022,83.9018,83.6129,83.8321,52573
2022-04-05 09:55:00,83.8285,83.9615,83.8221,83.9317,44134
2022-04-05 10:00:00,83.9117,84.1906,83.8619,84.0761,67491
2022-04-05 10:05:00,84.0811,84.1408,83.5631,83.6727,63901
2022-04-05 10:10:00,83.6528,83.7324,83.5432,83.583,72226
2022-04-05 10:15:00,83.5681,83.6229,83.4735,83.4834,66788
2022-04-05 10:20:00,83.4784,83.6029,83.3689,83.4436,40447
2022-04-05 10:25:00,83.4336,83.4735,83.2543,83.3091,52243
2022-04-05 10:30:00,83.3125,83.3639,83.1348,83.1547,44961
2022-04-05 10:35:00,83.1647,83.2543,82.9356,82.9953,82571
2022-04-05 10:40:00,82.9854,83.2244,82.9455,83.1049,45193
2022-04-05 10:45:00,83.0949,83.2244,83.0352,83.2244,55662
2022-04-05 10:50:00,83.2045,83.3938,83.1547,83.3639,43790
2022-04-05 10:55:00,83.3489,83.4735,83.2443,83.2742,56816
2022-04-05 11:00:00,83.2643,83.2643,83.0651,83.1348,47450
2022-04-05 11:05:00,83.1348,83.1746,83.0252,83.0551,25177
2022-04-05 11:10:00,83.075,83.2443,83.0651,83.1647,41449
2022-04-05 11:15:00,83.1647,83.1945,82.9754,83.0152,33810
2022-04-05 11:20:00,83.0252,83.0551,82.9156,82.9156,20381
2022-04-05 11:25:00,82.9156,82.9754,82.8858,82.9555,45497
2022-04-05 11:30:00,82.9455,83.2045,82.9156,83.1846,31698
2022-04-05 11:35:00,83.1547,83.1547,82.9754,83.0152,39427
2022-04-05 11:40:00,83.0053,83.1149,83.0053,83.08,23750
2022-04-05 11:45:00,83.075,83.1248,83.0053,83.0053,22558
2022-04-05 11:50:00,82.9854,83.0352,82.9455,82.9953,18554
2022-04-05 11:55:00,83.0053,83.0252,82.9057,82.9156,20843
2022-04-05 12:00:00,82.9256,82.9555,82.8858,82.9057,18943
2022-04-05 12:05:00,82.9057,82.9555,82.826,82.8658,28044
2022-04-05 12:10:00,82.8758,82.8858,82.816,82.8559,28467
2022-04-05 12:15:00,82.8559,82.9107,82.821,82.8758,24456
2022-04-05 12:20:00,82.8708,82.8858,82.7911,82.8061,28965
2022-04-05 12:25:00,82.7961,82.811,82.7264,82.7662,29805
2022-04-05 12:30:00,82.7662,82.7918,82.7065,82.7363,31850
2022-04-05 12:35:00,82.7264,82.7961,82.6865,82.7662,19369
2022-04-05 12:40:00,82.7463,82.8061,82.7363,82.7662,21990
2022-04-05 12:45:00,82.7861,82.8559,82.7563,82.8359,23239
2022-04-05 12:50:00,82.8459,82.9256,82.826,82.9213,16227
2022-04-05 12:55:00,82.9306,82.9754,82.9156,82.9455,15935
2022-04-05 13:00:00,82.9555,83.0152,82.9356,82.9854,16898
2022-04-05 13:05:00,82.9854,83.0451,82.9455,83.0352,17512
2022-04-05 13:10:00,83.0551,83.1149,83.0352,83.075,11879
2022-04-05 13:15:00,83.075,83.1149,83.0551,83.085,21567
2022-04-05 13:20:00,83.08,83.085,83.0152,83.0152,15712
2022-04-05 13:25:00,83.0202,83.0252,82.8858,82.9156,22991
2022-04-05 13:30:00,82.9057,82.9256,82.8658,82.8808,21483
2022-04-05 13:35:00,82.8858,82.9156,82.8359,82.8658,17741
2022-04-05 13:40:00,82.8559,82.8608,82.7861,82.816,25718
2022-04-05 13:45:00,82.8061,82.816,82.6965,82.7363,23778
2022-04-05 13:50:00,82.7363,82.7762,82.6666,82.6865,45128
2022-04-05 13:55:00,82.6965,82.7463,82.6766,82.6965,18784
2022-04-05 14:00:00,82.6865,82.7183,82.6118,82.6417,22972
2022-04-05 14:05:00,82.6367,82.7065,82.6068,82.6566,26073
2022-04-05 14:10:00,82.6517,82.7264,82.6517,82.6766,20148
2022-04-05 14:15:00,82.6761,82.7961,82.6566,82.7861,32607
2022-04-05 14:20:00,82.7812,82.7861,82.6965,82.7513,26416
2022-04-05 14:25:00,82.7513,82.8459,82.7363,82.7963,34879
2022-04-05 14:30:00,82.8061,82.8359,82.7712,82.7861,24931
2022-04-05 14:35:00,82.7861,82.8758,82.7861,82.7911,26008
2022-04-05 14:40:00,82.7961,82.826,82.7363,82.8061,23941
2022-04-05 14:45:00,82.7961,82.8608,82.7712,82.8559,80948
2022-04-05 14:50:00,82.8459,82.8758,82.7463,82.7662,33308
2022-04-05 14:55:00,82.7662,82.816,82.6566,82.6865,31761
2022-04-05 15:00:00,82.6865,82.7164,82.6268,82.6417,39178
2022-04-05 15:05:00,82.6467,82.6566,82.577,82.6218,34869
2022-04-05 15:10:00,82.6168,82.6467,82.4325,82.4724,49608
2022-04-05 15:15:00,82.4774,82.5172,82.4176,82.4774,48441
2022-04-05 15:20:00,82.4774,82.557,82.4275,82.5371,45071
2022-04-05 15:25:00,82.5321,82.6268,82.4574,82.6068,68907
2022-04-05 15:30:00,82.6019,82.6068,82.5222,82.5869,92226
2022-04-05 15:35:00,82.5869,82.674,82.5069,82.5371,56337
2022-04-05 15:40:00,82.5272,82.567,82.4873,82.5321,45936
2022-04-05 15:45:00,82.5371,82.5471,82.3578,82.3777,77093
2022-04-05 15:50:00,82.3877,82.6068,82.3479,82.5272,150340
2022-04-05 15:55:00,82.5321,82.6467,82.4674,82.6467,342818
2022-04-05 16:00:00,82.6168,82.6168,82.6168,82.6168,801306
2022-04-05 16:05:00,82.6107,82.6107,82.6107,82.6107,5425
2022-04-05 16:30:00,82.4873,82.567,82.4873,82.4873,1910
2022-04-05 16:40:00,82.6168,82.6168,82.6168,82.6168,4269
2022-04-05 16:50:00,82.4774,82.4774,82.4774,82.4774,441
2022-04-05 17:00:00,82.6268,82.6268,82.6268,82.6268,445
2022-04-05 17:05:00,82.5371,82.5371,82.5272,82.5272,400
2022-04-05 17:10:00,82.6168,82.6268,82.6168,82.6268,700
2022-04-05 17:30:00,82.6168,82.6168,82.6168,82.6168,260
2022-04-05 17:50:00,82.6168,82.6268,82.6168,82.6268,1400
2022-04-05 18:00:00,82.6168,82.6168,82.6168,82.6168,500
2022-04-06 06:20:00,81.9793,81.9793,81.9793,81.9793,100
2022-04-06 07:20:00,81.6307,81.6307,81.6307,81.6307,913
2022-04-06 07:30:00,81.6904,81.6904,81.6904,81.6904,850
2022-04-06 07:50:00,81.6904,81.6904,81.6705,81.6705,490
2022-04-06 07:55:00,81.6705,81.6904,81.6705,81.6805,1394
2022-04-06 08:00:00,81.6747,81.8,81.6747,81.6805,1325
2022-04-06 08:10:00,81.7104,81.9594,81.7104,81.9594,1383
2022-04-06 08:30:00,81.6805,81.6805,81.6805,81.6805,573
2022-04-06 08:40:00,81.6805,81.6904,81.6805,81.6904,815
2022-04-06 08:45:00,81.6805,81.6805,81.6805,81.6805,300
2022-04-06 08:50:00,81.7203,81.7203,81.4414,81.4414,2357
2022-04-06 09:00:00,81.541,81.541,81.541,81.541,5116
2022-04-06 09:10:00,81.551,81.551,81.551,81.551,900
2022-04-06 09:20:00,81.6805,81.9295,81.6805,81.9295,4327
2022-04-06 09:25:00,81.9295,81.9295,81.9295,81.9295,238
2022-04-06 09:30:00,81.6008,81.8249,81.3816,81.4165,179400
2022-04-06 09:35:00,81.4115,81.5759,81.053,81.4314,96831
2022-04-06 09:40:00,81.4514,81.4613,81.1725,81.2721,63893
2022-04-06 09:45:00,81.2671,81.541,81.1824,81.5261,60849
2022-04-06 09:50:00,81.536,81.79,81.3318,81.5908,82692
2022-04-06 09:55:00,81.5809,81.8398,81.4514,81.81,60989
2022-04-06 10:00:00,81.7851,81.8,81.4115,81.5609,49768
2022-04-06 10:05:00,81.551,81.7104,81.5211,81.6106,24872
2022-04-06 10:10:00,81.5311,81.81,81.4812,81.7701,44760
2022-04-06 10:15:00,81.7701,82.1486,81.7438,82.0689,64386
2022-04-06 10:20:00,82.0789,82.0889,81.8498,81.8797,38741
2022-04-06 10:25:00,81.8747,82.0391,81.6705,81.6705,23514
2022-04-06 10:30:00,81.6755,81.7203,81.5311,81.5908,22100
2022-04-06 10:35:00,81.6107,81.6904,81.551,81.5962,28704
2022-04-06 10:40:00,81.5609,81.7104,81.5311,81.6805,28308
2022-04-06 10:45:00,81.6605,81.81,81.6506,81.7203,31908
2022-04-06 10:50:00,81.7004,81.7203,81.5261,81.5858,26973
2022-04-06 10:55:00,81.5709,81.6406,81.5609,81.6008,16102
2022-04-06 11:00:00,81.6008,81.6904,81.551,81.6805,16909
2022-04-06 11:05:00,81.6885,81.6885,81.4314,81.4514,19792
2022-04-06 11:10:00,81.4514,81.551,81.4514,81.5111,21227
2022-04-06 11:15:00,81.5111,81.6107,81.4912,81.5161,19698
2022-04-06 11:20:00,81.5211,81.6307,81.5111,81.5759,22152
2022-04-06 11:25:00,81.5709,81.6356,81.5211,81.5809,20259
2022-04-06 11:30:00,81.6008,81.6008,81.4016,81.5211,27486
2022-04-06 11:35:00,81.5211,81.551,81.4563,81.4613,19623
2022-04-06 11:40:00,81.4613,81.5709,81.4414,81.5709,27076
2022-04-06 11:45:00,81.5784,81.7303,81.541,81.6904,33266
2022-04-06 11:50:00,81.6904,81.795,81.6904,81.7303,27321
2022-04-06 11:55:00,81.7203,81.7303,81.5908,81.6157,37635
2022-04-06 12:00:00,81.6107,81.7054,81.6008,81.6506,27889
2022-04-06 12:05:00,81.6625,81.6904,81.5709,81.6207,24888
2022-04-06 12:10:00,81.6107,81.6506,81.5111,81.5111,18065
2022-04-06 12:15:00,81.5012,81.5809,81.4314,81.551,36014
2022-04-06 12:20:00,81.541,81.6157,81.5261,81.551,57168
2022-04-06 12:25:00,81.5609,81.6805,81.556,81.6558,28884
2022-04-06 12:30:00,81.6506,81.7104,81.6157,81.6406,46031
2022-04-06 12:35:00,81.6307,81.6805,81.5709,81.6257,98505
2022-04-06 12:40:00,81.6307,81.7701,81.6307,81.7602,38750
2022-04-06 12:45:00,81.7502,81.7701,81.6307,81.6605,23929
2022-04-06 12:50:00,81.6605,81.6605,81.5906,81.6207,19098
2022-04-06 12:55:00,81.6107,81.6406,81.5709,81.6257,17726
2022-04-06 13:00:00,81.6207,81.6406,81.5014,81.5014,27042
2022-04-06 13:05:00,81.5211,81.6107,81.4713,81.5012,18459
2022-04-06 13:10:00,81.5111,81.5211,81.4812,81.4962,24347
2022-04-06 13:15:00,81.4912,81.6257,81.4812,81.6207,25550
2022-04-06 13:20:00,81.6107,81.7004,81.5809,81.6805,16394
2022-04-06 13:25:00,81.6705,81.7004,81.6356,81.6605,20890
2022-04-06 13:30:00,81.6556,81.7402,81.6406,81.7153,22998
2022-04-06 13:35:00,81.7104,81.8199,81.6904,81.8199,34280
2022-04-06 13:40:00,81.8199,81.9096,81.79,81.8697,26592
2022-04-06 13:45:00,81.8598,81.8797,81.7503,81.8199,29687
2022-04-06 13:50:00,81.81,81.8199,81.6904,81.7004,23718
2022-04-06 13:55:00,81.7004,81.7203,81.6556,81.6805,21774
2022-04-06 14:00:00,81.6705,81.9594,81.5809,81.81,79938
2022-04-06 14:05:00,81.81,81.81,81.4215,81.4912,40914
2022-04-06 14:10:00,81.4563,81.5311,81.3269,81.3418,28408
2022-04-06 14:15:00,81.3518,81.3518,81.2322,81.3368,31773
2022-04-06 14:20:00,81.3418,81.4713,81.3318,81.3717,26197
2022-04-06 14:25:00,81.4016,81.4912,81.287,81.3717,38854
2022-04-06 14:30:00,81.3816,81.7502,81.3418,81.6705,37155
2022-04-06 14:35:00,81.6805,81.7104,81.5311,81.5908,36163
2022-04-06 14:40:00,81.5809,81.7303,81.5609,81.6805,35950
2022-04-06 14:45:00,81.6904,81.79,81.6506,81.6755,40969
2022-04-06 14:50:00,81.7004,81.8498,81.6904,81.8199,41482
2022-04-06 14:55:00,81.8199,81.9693,81.8199,81.9693,29769
2022-04-06 15:00:00,81.9793,82.1084,81.9793,82.049,35140
2022-04-06 15:05:00,82.049,82.049,81.8299,81.8896,37273
2022-04-06 15:10:00,81.8797,81.9693,81.8398,81.8697,37519
2022-04-06 15:15:00,81.8797,81.9693,81.8398,81.8498,72220
2022-04-06 15:20:00,81.8448,81.8598,81.7104,81.7353,71318
2022-04-06 15:25:00,81.7402,81.7701,81.6406,81.6605,65180
2022-04-06 15:30:00,81.6406,81.7502,81.6307,81.6805,44565
2022-04-06 15:35:00,81.6904,81.8896,81.6506,81.8498,56834
2022-04-06 15:40:00,81.8498,81.9096,81.7701,81.8797,73394
2022-04-06 15:45:00,81.8697,82.0988,81.8498,82.0789,80631
2022-04-06 15:50:00,82.1387,82.1387,81.9006,81.9195,144819
2022-04-06 15:55:00,81.9195,81.9942,81.7502,81.81,346723
2022-04-06 16:00:00,82.5172,82.5172,81.8,81.8,949857
2022-04-06 16:20:00,81.8,81.8,81.8,81.8,2183
2022-04-06 16:30:00,81.8,81.8,81.8,81.8,1250
2022-04-06 18:25:00,81.5809,81.5809,81.5809,81.5809,717
2022-04-06 18:50:00,81.5809,81.5809,81.5809,81.5809,1000
2022-04-07 07:25:00,82.17,82.17,82.17,82.17,100
2022-04-07 08:10:00,82.35,82.35,82.35,82.35,334
2022-04-07 08:15:00,82.0,82.0,82.0,82.0,110
2022-04-07 09:05:00,81.55,81.55,81.55,81.55,200
2022-04-07 09:25:00,81.27,81.27,81.12,81.19,4094
2022-04-07 09:30:00,81.25,81.63,81.25,81.56,144309
2022-04-07 09:35:00,81.58,81.59,81.13,81.33,64882
2022-04-07 09:40:00,81.37,81.59,81.32,81.445,30122
2022-04-07 09:45:00,81.48,81.49,81.16,81.22,42813
2022-04-07 09:50:00,81.18,81.3,81.05,81.15,60892
2022-04-07 09:55:00,81.1616,81.4196,81.155,81.38,32251
2022-04-07 10:00:00,81.38,81.6297,81.33,81.44,43838
2022-04-07 10:05:00,81.42,81.55,81.33,81.44,28088
2022-04-07 10:10:00,81.44,81.67,81.38,81.64,27991
2022-04-07 10:15:00,81.62,81.63,81.49,81.61,28897
2022-04-07 10:20:00,81.59,81.6,81.39,81.51,34212
2022-04-07 10:25:00,81.51,81.51,81.23,81.27,67046
2022-04-07 10:30:00,81.25,81.41,81.09,81.14,89598
2022-04-07 10:35:00,81.15,81.23,80.98,81.04,79794
2022-04-07 10:40:00,81.05,81.05,80.92,81.03,126559
2022-04-07 10:45:00,81.04,81.23,81.02,81.23,33683
2022-04-07 10:50:00,81.22,81.36,81.22,81.3,19634
2022-04-07 10:55:00,81.31,81.3662,81.25,81.3662,14204
2022-04-07 11:00:00,81.39,81.555,81.39,81.555,45700
2022-04-07 11:05:00,81.55,81.61,81.52,81.54,28739
2022-04-07 11:10:00,81.53,81.675,81.455,81.48,44328
2022-04-07 11:15:00,81.48,81.5,81.31,81.365,43236
2022-04-07 11:20:00,81.37,81.55,81.37,81.51,79017
2022-04-07 11:25:00,81.51,81.56,81.31,81.38,87575
2022-04-07 11:30:00,81.38,81.4,81.27,81.35,61885
2022-04-07 11:35:00,81.365,81.445,81.32,81.35,22571
2022-04-07 11:40:00,81.35,81.38,81.25,81.3,33550
2022-04-07 11:45:00,81.29,81.32,81.13,81.2,91989
2022-04-07 11:50:00,81.195,81.27,81.1,81.13,33580
2022-04-07 11:55:00,81.125,81.21,81.11,81.205,45763
2022-04-07 12:00:00,81.21,81.36,81.21,81.275,32652
2022-04-07 12:05:00,81.28,81.39,81.275,81.33,42867
2022-04-07 12:10:00,81.34,81.41,81.304,81.39,37727
2022-04-07 12:15:00,81.4,81.41,81.21,81.24,99932
2022-04-07 12:20:00,81.25,81.34,81.19,81.26,51253
2022-04-07 12:25:00,81.265,81.3025,81.23,81.265,28856
2022-04-07 12:30:00,81.265,81.33,81.18,81.18,124693
2022-04-07 12:35:00,81.18,81.28,81.16,81.2682,27415
2022-04-07 12:40:00,81.26,81.26,81.1685,81.18,21017
2022-04-07 12:45:00,81.175,81.18,80.995,81.02,51317
2022-04-07 12:50:00,81.01,81.12,80.97,80.98,46191
2022-04-07 12:55:00,80.975,80.975,80.78,80.965,79176
2022-04-07 13:00:00,80.94,81.055,80.93,80.93,28063
2022-04-07 13:05:00,80.94,81.01,80.9101,80.945,30786
2022-04-07 13:10:00,80.95,81.18,80.945,81.0708,63822
2022-04-07 13:15:00,81.05,81.12,81.02,81.1,51212
2022-04-07 13:20:00,81.09,81.28,81.06,81.25,33583
2022-04-07 13:25:00,81.24,81.33,81.2,81.2643,56533
2022-04-07 13:30:00,81.25,81.31,81.1975,81.21,30864
2022-04-07 13:35:00,81.205,81.27,81.03,81.045,29979
2022-04-07 13:40:00,81.06,81.08,81.015,81.035,25603
2022-04-07 13:45:00,81.04,81.13,80.93,80.97,82167
2022-04-07 13:50:00,80.98,81.02,80.92,80.98,33644
2022-04-07 13:55:00,80.97,81.3,80.97,81.25,48356
2022-04-07 14:00:00,81.2427,81.27,81.03,81.1,128205
2022-04-07 14:05:00,81.11,81.16,81.03,81.13,49195
2022-04-07 14:10:00,81.135,81.17,81.12,81.13,76087
2022-04-07 14:15:00,81.15,81.16,81.04,81.05,34005
2022-04-07 14:20:00,81.05,81.13,81.05,81.12,47232
2022-04-07 14:25:00,81.11,81.2,81.07,81.08,82215
2022-04-07 14:30:00,81.08,81.14,81.075,81.1297,29493
2022-04-07 14:35:00,81.13,81.23,81.11,81.21,28177
2022-04-07 14:40:00,81.2,81.36,81.165,81.35,50521
2022-04-07 14:45:00,81.34,81.39,81.23,81.34,41476
2022-04-07 14:50:00,81.33,81.41,81.29,81.35,38430
2022-04-07 14:55:00,81.345,81.59,81.345,81.545,48859
2022-04-07 15:00:00,81.53,81.72,81.51,81.685,42706
2022-04-07 15:05:00,81.67,81.72,81.6,81.665,58316
2022-04-07 15:10:00,81.665,81.855,81.65,81.83,48353
2022-04-07 15:15:00,81.85,81.87,81.73,81.73,36934
2022-04-07 15:20:00,81.735,81.735,81.55,81.62,52677
2022-04-07 15:25:00,81.62,81.67,81.57,81.62,41784
2022-04-07 15:30:00,81.63,81.78,81.575,81.74,46991
2022-04-07 15:35:00,81.76,81.855,81.71,81.85,63363
2022-04-07 15:40:00,81.855,81.92,81.795,81.9,80603
2022-04-07 15:45:00,81.895,82.01,81.8,81.89,153911
2022-04-07 15:50:00,81.9,81.925,81.68,81.72,193402
2022-04-07 15:55:00,81.71,81.72,81.53,81.57,512825
2022-04-07 16:00:00,81.54,81.54,81.54,81.54,1211290
2022-04-07 16:20:00,81.54,81.54,81.54,81.54,500
2022-04-07 16:25:00,81.54,81.54,81.54,81.54,600
2022-04-07 16:30:00,81.54,81.54,81.54,81.54,500
2022-04-07 17:20:00,81.6,81.75,81.6,81.7499,3103
2022-04-07 17:25:00,81.75,81.83,81.75,81.83,7384
2022-04-07 17:40:00,81.69,81.69,81.68,81.68,295
2022-04-07 17:45:00,81.69,81.69,81.69,81.69,100
2022-04-07 18:00:00,81.6,81.6,81.6,81.6,100
2022-04-07 19:05:00,81.5,81.5,81.5,81.5,518
2022-04-07 19:55:00,81.52,81.52,81.52,81.52,180
2022-04-08 06:10:00,81.86,81.86,81.86,81.86,240
2022-04-08 07:25:00,81.56,81.57,81.56,81.57,521
2022-04-08 08:15:00,81.8,81.8,81.8,81.8,500
2022-04-08 08:30:00,81.8,81.8,81.8,81.8,300
2022-04-08 08:40:00,81.9,81.9,81.9,81.9,1000
2022-04-08 08:45:00,81.56,81.56,81.56,81.56,291
2022-04-08 08:50:00,81.65,81.65,81.65,81.65,1000
2022-04-08 08:55:00,81.63,81.63,81.63,81.63,200
2022-04-08 09:00:00,81.5,81.5,81.5,81.5,100
2022-04-08 09:25:00,81.66,81.66,81.66,81.66,195
2022-04-08 09:30:00,81.71,81.77,81.0,81.09,120383
2022-04-08 09:35:00,81.08,81.12,80.81,80.97,107844
2022-04-08 09:40:00,80.965,81.1,80.26,80.665,135229
2022-04-08 09:45:00,80.68,81.06,80.63,81.05,66734
2022-04-08 09:50:00,81.03,81.04,80.87,80.88,53966
2022-04-08 09:55:00,80.87,80.93,80.72,80.885,47066
2022-04-08 10:00:00,80.85,81.13,80.795,81.09,32168
2022-04-08 10:05:00,81.08,81.5399,81.06,81.37,60363
2022-04-08 10:10:00,81.32,81.36,81.18,81.31,36280
2022-04-08 10:15:00,81.33,81.33,81.06,81.17,23113
2022-04-08 10:20:00,81.19,81.364,81.19,81.3,41214
2022-04-08 10:25:00,81.325,81.37,81.25,81.36,38430
2022-04-08 10:30:00,81.36,81.55,81.35,81.42,48125
2022-04-08 10:35:00,81.42,81.445,81.3,81.325,29656
2022-04-08 10:40:00,81.3243,81.42,81.29,81.41,21775
2022-04-08 10:45:00,81.4,81.44,81.33,81.37,24368
2022-04-08 10:50:00,81.37,81.6,81.35,81.525,34427
2022-04-08 10:55:00,81.53,81.83,81.53,81.82,31189
2022-04-08 11:00:00,81.81,81.82,81.75,81.76,35473
2022-04-08 11:05:00,81.75,81.77,81.67,81.69,32725
2022-04-08 11:10:00,81.6806,81.75,81.62,81.75,28173
2022-04-08 11:15:00,81.73,81.78,81.67,81.71,20112
2022-04-08 11:20:00,81.71,81.76,81.6,81.6548,41239
2022-04-08 11:25:00,81.65,81.71,81.6,81.65,34669
2022-04-08 11:30:00,81.65,81.71,81.62,81.64,14823
2022-04-08 11:35:00,81.635,81.635,81.53,81.61,37746
2022-04-08 11:40:00,81.61,81.65,81.585,81.6,30095
2022-04-08 11:45:00,81.56,81.57,81.49,81.49,51004
2022-04-08 11:50:00,81.4813,81.565,81.465,81.465,30547
2022-04-08 11:55:00,81.465,81.47,81.31,81.3832,105045
2022-04-08 12:00:00,81.39,81.44,81.26,81.27,63287
2022-04-08 12:05:00,81.27,81.44,81.25,81.43,87518
2022-04-08 12:10:00,81.43,81.64,81.43,81.51,45692
2022-04-08 12:15:00,81.512,81.53,81.4262,81.51,27443
2022-04-08 12:20:00,81.515,81.67,81.515,81.6651,21459
2022-04-08 12:25:00,81.677,81.7759,81.63,81.68,33973
2022-04-08 12:30:00,81.68,81.68,81.52,81.54,21474
2022-04-08 12:35:00,81.55,81.56,81.5,81.55,21960
2022-04-08 12:40:00,81.55,81.63,81.54,81.58,32958
2022-04-08 12:45:00,81.58,81.62,81.515,81.515,15027
2022-04-08 12:50:00,81.51,81.56,81.5,81.55,16150
2022-04-08 12:55:00,81.55,81.61,81.54,81.5933,16266
2022-04-08 13:00:00,81.595,81.6,81.51,81.54,17859
2022-04-08 13:05:00,81.545,81.59,81.51,81.56,13353
2022-04-08 13:10:00,81.56,81.57,81.51,81.53,28093
2022-04-08 13:15:00,81.53,81.56,81.46,81.48,34967
2022-04-08 13:20:00,81.5,81.59,81.49,81.4901,18074
2022-04-08 13:25:00,81.49,81.54,81.475,81.53,17772
2022-04-08 13:30:00,81.5186,81.52,81.47,81.51,16966
2022-04-08 13:35:00,81.5,81.62,81.4807,81.57,19915
2022-04-08 13:40:00,81.58,81.61,81.46,81.485,32556
2022-04-08 13:45:00,81.49,81.5,81.415,81.42,30643
2022-04-08 13:50:00,81.42,81.43,81.34,81.375,51788
2022-04-08 13:55:00,81.375,81.41,81.28,81.34,24992
2022-04-08 14:00:00,81.33,81.38,81.25,81.26,33929
2022-04-08 14:05:00,81.25,81.315,81.23,81.285,27363
2022-04-08 14:10:00,81.28,81.315,81.24,81.26,24980
2022-04-08 14:15:00,81.27,81.3029,81.24,81.26,23556
2022-04-08 14:20:00,81.265,81.29,81.09,81.105,24625
2022-04-08 14:25:00,81.09,81.09,80.95,81.0,44212
2022-04-08 14:30:00,81.0,81.0,80.9201,80.965,19845
2022-04-08 14:35:00,80.96,81.0731,80.92,81.04,26898
2022-04-08 14:40:00,81.03,81.07,81.0,81.005,19532
2022-04-08 14:45:00,81.01,81.0999,80.99,81.09,22126
2022-04-08 14:50:00,81.09,81.2,81.07,81.12,61758
2022-04-08 14:55:00,81.11,81.13,81.04,81.065,29124
2022-04-08 15:00:00,81.065,81.13,81.05,81.09,53644
2022-04-08 15:05:00,81.08,81.12,80.99,81.02,66453
2022-04-08 15:10:00,81.02,81.23,80.9816,81.11,45970
2022-04-08 15:15:00,81.12,81.22,81.07,81.09,32750
2022-04-08 15:20:00,81.065,81.15,81.065,81.111,29007
2022-04-08 15:25:00,81.11,81.165,81.07,81.1196,44817
2022-04-08 15:30:00,81.13,81.23,81.07,81.09,55021
2022-04-08 15:35:00,81.09,81.1,81.025,81.06,57789
2022-04-08 15:40:00,81.06,81.14,81.02,81.14,110793
2022-04-08 15:45:00,81.14,81.175,81.01,81.03,98622
2022-04-08 15:50:00,81.02,81.07,80.9,81.005,178112
2022-04-08 15:55:00,81.0,81.02,80.8,80.97,473184
2022-04-08 16:00:00,80.94,80.94,80.94,80.94,987666
2022-04-08 16:15:00,80.94,80.94,80.94,80.94,2408
2022-04-08 16:20:00,80.9398,80.94,80.56,80.94,50968
2022-04-08 16:25:00,80.94,80.94,80.94,80.94,200
2022-04-08 16:55:00,80.8,80.9,80.8,80.9,300
2022-04-08 17:05:00,80.94,80.94,80.94,80.94,475
2022-04-08 17:30:00,80.9,80.9,80.9,80.9,100
2022-04-08 17:55:00,80.88,80.88,80.88,80.88,100
2022-04-08 18:55:00,80.92,80.92,80.92,80.92,100
2022-04-08 19:10:00,80.94,80.94,80.94,80.94,152
2022-04-08 19:40:00,80.94,80.94,80.94,80.94,100
2022-04-11 07:10:00,80.77,80.77,80.77,80.77,100
2022-04-11 08:00:00,80.3999,80.4,80.2659,80.4,1400
2022-04-11 08:05:00,80.4,80.4,80.4,80.4,103
2022-04-11 08:15:00,80.14,80.14,80.14,80.14,100
2022-04-11 08:25:00,80.14,80.14,80.13,80.13,491
2022-04-11 09:10:00,80.16,80.16,80.16,80.16,100
2022-04-11 09:15:00,80.55,80.55,80.55,80.55,100
2022-04-11 09:30:00,80.63,81.13,80.55,80.94,157940
2022-04-11 09:35:00,80.9,80.92,80.605,80.7,70911
2022-04-11 09:40:00,80.715,80.8,80.54,80.59,42396
2022-04-11 09:45:00,80.55,80.62,80.3774,80.51,51139
2022-04-11 09:50:00,80.5,80.52,80.26,80.45,47291
2022-04-11 09:55:00,80.44,80.595,80.35,80.58,38974
2022-04-11 10:00:00,80.56,80.61,80.455,80.555,47337
2022-04-11 10:05:00,80.58,80.72,80.5,80.66,31614
2022-04-11 10:10:00,80.64,80.88,80.64,80.88,25085
2022-04-11 10:15:00,80.89,80.955,80.79,80.8051,64442
2022-04-11 10:20:00,80.8,80.99,80.76,80.94,92975
2022-04-11 10:25:00,80.95,80.98,80.76,80.8,41525
2022-04-11 10:30:00,80.79,80.85,80.75,80.81,44326
2022-04-11 10:35:00,80.8,80.9,80.77,80.87,49624
2022-04-11 10:40:00,80.85,81.0,80.8198,80.99,72290
2022-04-11 10:45:00,80.985,81.11,80.89,80.945,62207
2022-04-11 10:50:00,80.95,80.95,80.71,80.8,42217
2022-04-11 10:55:00,80.79,80.83,80.64,80.68,44993
2022-04-11 11:00:00,80.67,80.74,80.585,80.605,17149
2022-04-11 11:05:00,80.61,80.72,80.53,80.625,31651
2022-04-11 11:10:00,80.61,80.67,80.545,80.558,22118
2022-04-11 11:15:00,80.54,80.55,80.465,80.55,16215
2022-04-11 11:20:00,80.55,80.5712,80.495,80.495,18843
2022-04-11 11:25:00,80.49,80.56,80.48,80.53,16694
2022-04-11 11:30:00,80.53,80.71,80.5034,80.68,21995
2022-04-11 11:35:00,80.68,80.68,80.57,80.57,17889
2022-04-11 11:40:00,80.57,80.6,80.5212,80.58,24420
2022-04-11 11:45:00,80.59,80.7,80.55,80.57,19605
2022-04-11 11:50:00,80.555,80.555,80.46,80.485,26281
2022-04-11 11:55:00,80.48,80.48,80.335,80.343,18084
2022-04-11 12:00:00,80.34,80.355,80.27,80.29,29854
2022-04-11 12:05:00,80.3,80.38,80.3,80.34,17502
2022-04-11 12:10:00,80.35,80.38,80.33,80.345,11526
2022-04-11 12:15:00,80.34,80.36,80.3,80.34,15919
2022-04-11 12:20:00,80.36,80.3875,80.275,80.29,16359
2022-04-11 12:25:00,80.28,80.2947,80.23,80.235,10961
2022-04-11 12:30:00,80.235,80.25,80.166,80.19,19042
2022-04-11 12:35:00,80.2,80.2,80.05,80.075,31041
2022-04-11 12:40:00,80.08,80.1,80.01,80.04,52816
2022-04-11 12:45:00,80.04,80.1197,80.02,80.08,34425
2022-04-11 12:50:00,80.09,80.15,80.06,80.075,42475
2022-04-11 12:55:00,80.07,80.25,80.04,80.25,48374
2022-04-11 13:00:00,80.25,80.44,80.25,80.43,26339
2022-04-11 13:05:00,80.42,80.5,80.35,80.415,34278
2022-04-11 13:10:00,80.41,80.48,80.38,80.43,22692
2022-04-11 13:15:00,80.44,80.455,80.345,80.36,28324
2022-04-11 13:20:00,80.36,80.38,80.29,80.31,30574
2022-04-11 13:25:00,80.31,80.33,80.215,80.235,19732
2022-04-11 13:30:00,80.2346,80.38,80.2346,80.38,29050
2022-04-11 13:35:00,80.36,80.38,80.2418,80.31,19563
2022-04-11 13:40:00,80.31,80.475,80.31,80.4,37434
2022-04-11 13:45:00,80.38,80.39,80.27,80.292,26891
2022-04-11 13:50:00,80.29,80.2945,80.235,80.235,19343
2022-04-11 13:55:00,80.23,80.27,80.2,80.25,12492
2022-04-11 14:00:00,80.24,80.26,80.1,80.17,19000
2022-04-11 14:05:00,80.18,80.3,80.17,80.29,26267
2022-04-11 14:10:00,80.28,80.32,80.17,80.2011,35144
2022-04-11 14:15:00,80.2,80.28,80.17,80.245,21347
2022-04-11 14:20:00,80.25,80.29,80.21,80.23,22457
2022-04-11 14:25:00,80.235,80.27,80.15,80.16,25072
2022-04-11 14:30:00,80.15,80.185,80.1,80.18,35905
2022-04-11 14:35:00,80.18,80.205,80.1647,80.19,20978
2022-04-11 14:40:00,80.18,80.2,80.1,80.175,29869
2022-04-11 14:45:00,80.18,80.33,80.18,80.33,33019
2022-04-11 14:50:00,80.33,80.435,80.275,80.29,43422
2022-04-11 14:55:00,80.29,80.33,80.26,80.33,21283
2022-04-11 15:00:00,80.31,80.34,80.19,80.2,27879
2022-04-11 15:05:00,80.2,80.21,80.16,80.18,22793
2022-04-11 15:10:00,80.19,80.21,80.095,80.1,30711
2022-04-11 15:15:00,80.1,80.1,80.02,80.08,41179
2022-04-11 15:20:00,80.065,80.09,80.01,80.015,30953
2022-04-11 15:25:00,80.015,80.015,79.88,79.96,73443
2022-04-11 15:30:00,79.96,80.025,79.92,79.925,48527
2022-04-11 15:35:00,79.925,80.0,79.91,80.0,63161
2022-04-11 15:40:00,80.0,80.07,79.965,80.03,62762
2022-04-11 15:45:00,80.02,80.02,79.94,79.955,99812
2022-04-11 15:50:00,79.96,80.065,79.79,79.82,173316
2022-04-11 15:55:00,79.81,79.86,79.7,79.85,405853
2022-04-11 16:00:00,79.76,79.76,79.76,79.76,1372478
2022-04-11 16:10:00,79.76,79.76,79.76,79.76,2185
2022-04-11 16:30:00,79.76,79.76,79.76,79.76,1655
2022-04-11 16:50:00,79.76,79.76,79.76,79.76,3377
2022-04-11 17:10:00,79.76,79.76,79.76,79.76,104
2022-04-11 17:20:00,80.0,80.0,80.0,80.0,437
2022-04-11 17:35:00,79.67,79.67,79.67,79.67,100
2022-04-11 18:00:00,80.0,80.0,80.0,80.0,1000
2022-04-11 18:45:00,79.68,79.68,79.67,79.67,702
2022-04-12 07:25:00,79.55,79.55,79.55,79.55,566
2022-04-12 08:05:00,79.76,79.76,79.76,79.76,800
2022-04-12 08:30:00,80.09,80.09,80.09,80.09,100
2022-04-12 08:45:00,80.35,80.35,80.35,80.35,1157
2022-04-12 09:05:00,80.55,80.55,80.55,80.55,940
2022-04-12 09:10:00,80.45,80.45,79.52,79.73,1351
2022-04-12 09:25:00,79.73,79.73,79.72,79.72,300
2022-04-12 09:30:00,79.95,80.5,79.83,80.35,122702
2022-04-12 09:35:00,80.35,80.635,80.24,80.495,58964
2022-04-12 09:40:00,80.48,80.675,80.32,80.6,73728
2022-04-12 09:45:00,80.62,80.83,80.56,80.81,70897
2022-04-12 09:50:00,80.81,80.99,80.76,80.8826,45725
2022-04-12 09:55:00,80.88,80.88,80.59,80.67,64399
2022-04-12 10:00:00,80.67,80.77,80.52,80.68,40801
2022-04-12 10:05:00,80.69,80.77,80.6,80.76,41933
2022-04-12 10:10:00,80.78,80.85,80.66,80.7001,48588
2022-04-12 10:15:00,80.69,80.7,80.32,80.35,49914
2022-04-12 10:20:00,80.345,80.43,80.325,80.36,64193
2022-04-12 10:25:00,80.38,80.41,80.217,80.2337,32303
2022-04-12 10:30:00,80.25,80.39,80.16,80.36,108006
2022-04-12 10:35:00,80.36,80.49,80.36,80.4,58852
2022-04-12 10:40:00,80.4,80.51,80.27,80.32,56855
2022-04-12 10:45:00,80.29,80.42,80.2871,80.35,42944
2022-04-12 10:50:00,80.345,80.52,80.275,80.49,48725
2022-04-12 10:55:00,80.48,80.48,80.31,80.355,37114
2022-04-12 11:00:00,80.35,80.47,80.28,80.43,24624
2022-04-12 11:05:00,80.43,80.46,80.3,80.32,22258
2022-04-12 11:10:00,80.31,80.49,80.27,80.49,37083
2022-04-12 11:15:00,80.49,80.63,80.46,80.63,37704
2022-04-12 11:20:00,80.64,80.72,80.59,80.59,80812
2022-04-12 11:25:00,80.6,80.6,80.44,80.545,66519
2022-04-12 11:30:00,80.55,80.58,80.485,80.5,44542
2022-04-12 11:35:00,80.51,80.52,80.37,80.41,42415
2022-04-12 11:40:00,80.42,80.46,80.36,80.415,55420
2022-04-12 11:45:00,80.42,80.42,80.2958,80.335,51580
2022-04-12 11:50:00,80.34,80.465,80.24,80.43,63151
2022-04-12 11:55:00,80.42,80.46,80.34,80.365,46357
2022-04-12 12:00:00,80.36,80.48,80.35,80.44,47606
2022-04-12 12:05:00,80.43,80.47,80.32,80.33,32613
2022-04-12 12:10:00,80.35,80.35,80.175,80.25,40102
2022-04-12 12:15:00,80.25,80.425,80.22,80.36,29198
2022-04-12 12:20:00,80.35,80.35,80.137,80.137,32294
2022-04-12 12:25:00,80.1599,80.1599,79.97,80.06,64114
2022-04-12 12:30:00,80.06,80.155,80.05,80.08,24880
2022-04-12 12:35:00,80.08,80.14,80.08,80.1,18249
2022-04-12 12:40:00,80.1,80.14,80.03,80.07,27303
2022-04-12 12:45:00,80.075,80.125,80.03,80.11,25860
2022-04-12 12:50:00,80.105,80.19,80.08,80.085,28203
2022-04-12 12:55:00,80.08,80.11,80.02,80.05,27616
2022-04-12 13:00:00,80.04,80.08,79.9362,79.99,41669
2022-04-12 13:05:00,79.99,80.04,79.89,79.95,18752
2022-04-12 13:10:00,79.94,80.135,79.94,80.08,29882
2022-04-12 13:15:00,80.065,80.16,80.04,80.1559,25366
2022-04-12 13:20:00,80.15,80.25,80.08,80.12,39348
2022-04-12 13:25:00,80.14,80.14,80.01,80.01,18274
2022-04-12 13:30:00,80.01,80.02,79.93,79.9634,46598
2022-04-12 13:35:00,79.96,79.99,79.8713,79.8713,31397
2022-04-12 13:40:00,79.87,79.9,79.79,79.8,15400
2022-04-12 13:45:00,79.8,79.8,79.73,79.755,19181
2022-04-12 13:50:00,79.75,79.765,79.65,79.68,42145
2022-04-12 13:55:00,79.675,79.675,79.575,79.61,20991
2022-04-12 14:00:00,79.6,79.7,79.5844,79.7,34062
2022-04-12 14:05:00,79.71,79.79,79.67,79.7065,24827
2022-04-12 14:10:00,79.7,79.7,79.57,79.57,32533
2022-04-12 14:15:00,79.55,79.56,79.445,79.4719,28214
2022-04-12 14:20:00,79.46,79.52,79.405,79.41,18057
2022-04-12 14:25:00,79.405,79.445,79.37,79.38,29040
2022-04-12 14:30:00,79.37,79.395,79.2459,79.33,33205
2022-04-12 14:35:00,79.33,79.42,79.31,79.315,27904
2022-04-12 14:40:00,79.3212,79.33,79.25,79.32,57353
2022-04-12 14:45:00,79.31,79.48,79.3,79.45,84496
2022-04-12 14:50:00,79.45,79.49,79.36,79.42,51022
2022-04-12 14:55:00,79.425,79.48,79.35,79.38,43338
2022-04-12 15:00:00,79.375,79.4,79.14,79.1453,33171
2022-04-12 15:05:00,79.1471,79.295,79.1471,79.26,127194
2022-04-12 15:10:00,79.265,79.405,79.25,79.3,183883
2022-04-12 15:15:00,79.3,79.33,79.19,79.27,61697
2022-04-12 15:20:00,79.28,79.365,79.23,79.24,35277
2022-04-12 15:25:00,79.23,79.23,79.02,79.0899,52567
2022-04-12 15:30:00,79.08,79.155,79.045,79.055,35986
2022-04-12 15:35:00,79.06,79.24,79.02,79.22,56931
2022-04-12 15:40:00,79.21,79.27,79.14,79.17,89490
2022-04-12 15:45:00,79.16,79.35,79.11,79.31,96042
2022-04-12 15:50:00,79.34,79.36,79.165,79.22,149907
2022-04-12 15:55:00,79.22,79.46,79.22,79.33,355443
2022-04-12 16:00:00,79.33,79.33,79.33,79.33,852603
2022-04-12 16:05:00,79.33,79.33,79.33,79.33,279
2022-04-12 16:10:00,79.33,79.33,79.33,79.33,100
2022-04-12 16:15:00,79.0,79.0,79.0,79.0,111
2022-04-12 16:20:00,79.33,79.33,79.33,79.33,2733
2022-04-13 08:00:00,79.44,79.44,79.44,79.44,100
2022-04-13 09:30:00,79.26,79.26,78.98,79.23,58110
2022-04-13 09:35:00,79.24,79.25,79.06,79.08,26515
2022-04-13 09:40:00,79.07,79.215,78.95,79.165,47203
2022-04-13 09:45:00,79.15,79.29,79.07,79.22,31931
2022-04-13 09:50:00,79.19,79.2,78.9101,78.99,38514
2022-04-13 09:55:00,79.0696,79.14,78.95,79.05,45882
2022-04-13 10:00:00,79.035,79.07,78.76,78.765,55281
2022-04-13 10:05:00,78.75,78.83,78.6449,78.69,42556
2022-04-13 10:10:00,78.7,78.82,78.63,78.8,35480
2022-04-13 10:15:00,78.81,79.0,78.81,78.97,24313
2022-04-13 10:20:00,78.96,79.0,78.9,78.985,19470
2022-04-13 10:25:00,78.99,79.13,78.94,79.035,33055
2022-04-13 10:30:00,79.02,79.2398,79.01,79.06,115353
2022-04-13 10:35:00,79.06,79.13,79.01,79.04,19147
2022-04-13 10:40:00,79.03,79.1,78.94,79.1,18040
2022-04-13 10:45:00,79.12,79.135,79.03,79.03,17640
2022-04-13 10:50:00,79.05,79.11,79.01,79.04,14827
2022-04-13 10:55:00,79.04,79.115,78.96,78.96,38284
2022-04-13 11:00:00,78.96,79.33,78.95,79.295,30575
2022-04-13 11:05:00,79.295,79.31,79.21,79.235,18597
2022-04-13 11:10:00,79.25,79.45,79.24,79.45,34279
2022-04-13 11:15:00,79.4552,79.509,79.42,79.48,34447
2022-04-13 11:20:00,79.47,79.59,79.44,79.59,34804
2022-04-13 11:25:00,79.58,79.6,79.48,79.53,34446
2022-04-13 11:30:00,79.55,79.55,79.44,79.5,29921
2022-04-13 11:35:00,79.5,79.5,79.39,79.41,36615
2022-04-13 11:40:00,79.41,79.41,79.325,79.35,18437
2022-04-13 11:45:00,79.345,79.35,79.26,79.34,25010
2022-04-13 11:50:00,79.344,79.39,79.33,79.36,24185
2022-04-13 11:55:00,79.35,79.35,79.245,79.26,26179
2022-04-13 12:00:00,79.26,79.31,79.2,79.2902,32298
2022-04-13 12:05:00,79.28,79.36,79.28,79.33,12347
2022-04-13 12:10:00,79.32,79.36,79.25,79.3588,39161
2022-04-13 12:15:00,79.36,79.389,79.33,79.37,20055
2022-04-13 12:20:00,79.36,79.47,79.35,79.375,32128
2022-04-13 12:25:00,79.37,79.4,79.3,79.37,21123
2022-04-13 12:30:00,79.37,79.37,79.295,79.33,22631
2022-04-13 12:35:00,79.3266,79.38,79.3266,79.34,29995
2022-04-13 12:40:00,79.34,79.42,79.3,79.35,29419
2022-04-13 12:45:00,79.34,79.36,79.3,79.31,15838
2022-04-13 12:50:00,79.32,79.38,79.28,79.286,27183
2022-04-13 12:55:00,79.295,79.31,79.22,79.23,24300
2022-04-13 13:00:00,79.225,79.29,79.2073,79.29,19806
2022-04-13 13:05:00,79.28,79.325,79.27,79.32,17280
2022-04-13 13:10:00,79.31,79.375,79.28,79.29,31057
2022-04-13 13:15:00,79.28,79.33,79.27,79.29,13928
2022-04-13 13:20:00,79.285,79.35,79.285,79.32,23233
2022-04-13 13:25:00,79.31,79.31,79.26,79.2859,25764
2022-04-13 13:30:00,79.29,79.31,79.24,79.29,47789
2022-04-13 13:35:00,79.305,79.34,79.24,79.32,76719
2022-04-13 13:40:00,79.31,79.325,79.275,79.3099,18989
2022-04-13 13:45:00,79.31,79.345,79.25,79.3,42023
2022-04-13 13:50:00,79.3,79.325,79.265,79.2697,15827
2022-04-13 13:55:00,79.27,79.31,79.24,79.31,19699
2022-04-13 14:00:00,79.305,79.325,79.28,79.32,18259
2022-04-13 14:05:00,79.32,79.36,79.3023,79.335,36642
2022-04-13 14:10:00,79.33,79.44,79.29,79.435,35670
2022-04-13 14:15:00,79.435,79.55,79.415,79.55,27980
2022-04-13 14:20:00,79.55,79.598,79.49,79.54,54816
2022-04-13 14:25:00,79.54,79.59,79.48,79.54,40351
2022-04-13 14:30:00,79.54,79.56,79.47,79.5,43999
2022-04-13 14:35:00,79.495,79.645,79.495,79.615,35938
2022-04-13 14:40:00,79.62,79.72,79.605,79.71,27923
2022-04-13 14:45:00,79.7,79.71,79.63,79.67,24162
2022-04-13 14:50:00,79.67,79.7,79.63,79.67,25188
2022-04-13 14:55:00,79.67,79.72,79.64,79.67,23714
2022-04-13 15:00:00,79.67,79.685,79.6288,79.68,33410
2022-04-13 15:05:00,79.67,79.85,79.67,79.84,30717
2022-04-13 15:10:00,79.84,79.87,79.81,79.85,64855
2022-04-13 15:15:00,79.85,79.91,79.83,79.885,49617
2022-04-13 15:20:00,79.88,79.94,79.88,79.91,58443
2022-04-13 15:25:00,79.905,79.96,79.88,79.95,70206
2022-04-13 15:30:00,79.95,79.96,79.85,79.92,77544
2022-04-13 15:35:00,79.92,79.92,79.83,79.84,68572
2022-04-13 15:40:00,79.845,79.85,79.755,79.775,64801
2022-04-13 15:45:00,79.775,79.83,79.7599,79.815,66240
2022-04-13 15:50:00,79.83,79.84,79.66,79.685,85852
2022-04-13 15:55:00,79.68,79.8,79.63,79.76,302986
2022-04-13 16:00:00,79.75,79.75,79.75,79.75,686199
2022-04-13 16:15:00,79.7,79.7,79.7,79.7,240
2022-04-13 16:45:00,79.75,79.75,79.75,79.75,1677
2022-04-13 16:55:00,79.65,79.65,79.65,79.65,100
2022-04-13 18:25:00,79.69,79.69,79.69,79.69,103
2022-04-13 19:15:00,79.69,79.69,79.69,79.69,249
2022-04-14 06:00:00,79.52,79.52,79.52,79.52,119
2022-04-14 07:10:00,79.6,79.6,79.6,79.6,100
2022-04-14 07:55:00,79.7,79.7,79.7,79.7,118
2022-04-14 08:00:00,79.5001,79.5001,79.5001,79.5001,185
2022-04-14 08:35:00,79.7,79.7,79.7,79.7,881
2022-04-14 08:45:00,79.68,79.68,79.68,79.68,500
2022-04-14 08:50:00,79.99,79.99,79.8,79.8,2855
2022-04-14 08:55:00,79.6,79.61,79.6,79.6,1450
2022-04-14 09:00:00,79.6,79.6,79.6,79.6,100
2022-04-14 09:20:00,79.7,79.74,79.69,79.69,1159
2022-04-14 09:30:00,79.83,80.06,79.77,80.06,238377
2022-04-14 09:35:00,80.07,80.36,80.03,80.22,32763
2022-04-14 09:40:00,80.23,80.28,80.015,80.015,79404
2022-04-14 09:45:00,80.0,80.12,79.93,80.05,52236
2022-04-14 09:50:00,80.06,80.18,79.995,80.105,66484
2022-04-14 09:55:00,80.11,80.12,79.91,79.925,29405
2022-04-14 10:00:00,79.925,80.05,79.86,79.89,40612
2022-04-14 10:05:00,79.89,79.8912,79.56,79.64,29652
2022-04-14 10:10:00,79.64,79.75,79.54,79.64,63547
2022-04-14 10:15:00,79.64,79.66,79.54,79.62,40458
2022-04-14 10:20:00,79.62,79.62,79.46,79.525,41961
2022-04-14 10:25:00,79.5,79.71,79.5,79.65,22685
2022-04-14 10:30:00,79.645,79.73,79.6082,79.7,16131
2022-04-14 10:35:00,79.71,79.79,79.58,79.6,24244
2022-04-14 10:40:00,79.595,79.67,79.52,79.59,17182
2022-04-14 10:45:00,79.58,79.7,79.53,79.617,19375
2022-04-14 10:50:00,79.59,79.6,79.45,79.47,24776
2022-04-14 10:55:00,79.465,79.7,79.435,79.66,81645
2022-04-14 11:00:00,79.6631,79.76,79.605,79.75,29520
2022-04-14 11:05:00,79.74,79.875,79.74,79.85,31288
2022-04-14 11:10:00,79.855,79.99,79.85,79.93,39736
2022-04-14 11:15:00,79.92,79.98,79.85,79.9,22485
2022-04-14 11:20:00,79.92,80.0,79.84,80.0,27907
2022-04-14 11:25:00,80.01,80.09,80.0,80.04,30282
2022-04-14 11:30:00,80.03,80.11,79.99,80.075,41971
2022-04-14 11:35:00,80.065,80.08,79.99,80.02,25957
2022-04-14 11:40:00,80.03,80.03,79.85,79.85,29877
2022-04-14 11:45:00,79.865,79.96,79.85,79.92,49958
2022-04-14 11:50:00,79.92,79.995,79.92,79.95,39383
2022-04-14 11:55:00,79.95,79.9911,79.94,79.94,26526
2022-04-14 12:00:00,79.94,79.98,79.88,79.88,47586
2022-04-14 12:05:00,79.88,79.95,79.875,79.93,42420
2022-04-14 12:10:00,79.935,79.94,79.795,79.795,12757
2022-04-14 12:15:00,79.8,79.84,79.76,79.81,18817
2022-04-14 12:20:00,79.81,79.81,79.68,79.69,25417
2022-04-14 12:25:00,79.7,79.74,79.66,79.67,18823
2022-04-14 12:30:00,79.67,79.68,79.581,79.585,20249
2022-04-14 12:35:00,79.59,79.595,79.48,79.51,31608
2022-04-14 12:40:00,79.4922,79.4922,79.43,79.4372,14430
2022-04-14 12:45:00,79.43,79.455,79.33,79.33,29644
2022-04-14 12:50:00,79.32,79.47,79.32,79.3943,16290
2022-04-14 12:55:00,79.39,79.55,79.39,79.53,23506
2022-04-14 13:00:00,79.54,79.567,79.49,79.555,13604
2022-04-14 13:05:00,79.555,79.645,79.47,79.485,31445
2022-04-14 13:10:00,79.49,79.51,79.435,79.46,27415
2022-04-14 13:15:00,79.49,79.565,79.48,79.54,17148
2022-04-14 13:20:00,79.5305,79.565,79.46,79.4701,30845
2022-04-14 13:25:00,79.485,79.5137,79.485,79.51,9862
2022-04-14 13:30:00,79.52,79.64,79.52,79.61,15754
2022-04-14 13:35:00,79.61,79.69,79.59,79.65,21744
2022-04-14 13:40:00,79.64,79.68,79.63,79.66,12262
2022-04-14 13:45:00,79.665,79.77,79.655,79.74,14243
2022-04-14 13:50:00,79.73,79.735,79.685,79.72,29330
2022-04-14 13:55:00,79.72,79.8,79.72,79.8,23857
2022-04-14 14:00:00,79.8,79.89,79.76,79.89,51668
2022-04-14 14:05:00,79.9,79.98,79.84,79.8731,41527
2022-04-14 14:10:00,79.88,79.94,79.81,79.88,28404
2022-04-14 14:15:00,79.9,79.935,79.81,79.84,23693
2022-04-14 14:20:00,79.82,79.82,79.745,79.745,16226
2022-04-14 14:25:00,79.745,79.88,79.72,79.875,60694
2022-04-14 14:30:00,79.88,79.94,79.73,79.79,29085
2022-04-14 14:35:00,79.78,79.815,79.75,79.795,15446
2022-04-14 14:40:00,79.795,79.85,79.79,79.815,18419
2022-04-14 14:45:00,79.82,79.925,79.79,79.87,34692
2022-04-14 14:50:00,79.875,79.89,79.71,79.753,28734
2022-04-14 14:55:00,79.755,79.77,79.7,79.76,33172
2022-04-14 15:00:00,79.76,79.78,79.69,79.725,44224
2022-04-14 15:05:00,79.725,79.81,79.72,79.73,47205
2022-04-14 15:10:00,79.74,79.77,79.68,79.72,47422
2022-04-14 15:15:00,79.72,79.84,79.72,79.84,36987
2022-04-14 15:20:00,79.84,79.84,79.74,79.78,30340
2022-04-14 15:25:00,79.78,79.79,79.73,79.755,86915
2022-04-14 15:30:00,79.76,79.77,79.635,79.68,130338
2022-04-14 15:35:00,79.68,79.78,79.67,79.765,173839
2022-04-14 15:40:00,79.765,79.8,79.71,79.795,91677
2022-04-14 15:45:00,79.8,79.82,79.73,79.765,110800
2022-04-14 15:50:00,79.77,79.795,79.605,79.67,211101
2022-04-14 15:55:00,79.67,79.7,79.405,79.46,385644
2022-04-14 16:00:00,79.48,79.48,79.45,79.45,1009135
2022-04-14 16:45:00,79.45,79.45,79.45,79.45,15400
2022-04-14 18:35:00,79.45,79.45,79.45,79.45,119
