2022-04-01 07:05:00,11.92,11.96,11.86,11.86,13564
2022-04-01 09:05:00,11.99,11.99,11.99,11.99,469
2022-04-01 09:20:00,12.01,12.01,12.01,12.01,500
2022-04-01 09:25:00,12.0,12.0,12.0,12.0,410
2022-04-01 09:30:00,11.97,12.0,11.88,11.885,135526
2022-04-01 09:35:00,11.89,11.91,11.87,11.9,115896
2022-04-01 09:40:00,11.9,11.93,11.88,11.895,82035
2022-04-01 09:45:00,11.895,11.94,11.89,11.915,87773
2022-04-01 09:50:00,11.915,11.94,11.905,11.92,52546
2022-04-01 09:55:00,11.92,11.94,11.905,11.93,66915
2022-04-01 10:00:00,11.935,11.98,11.935,11.97,50433
2022-04-01 10:05:00,11.969,11.98,11.94,11.945,55150
2022-04-01 10:10:00,11.95,11.97,11.945,11.965,76237
2022-04-01 10:15:00,11.97,11.97,11.9,11.9,123462
2022-04-01 10:20:00,11.905,11.91,11.86,11.8871,96638
2022-04-01 10:25:00,11.89,11.91,11.88,11.9,71526
2022-04-01 10:30:00,11.9,11.9,11.87,11.895,85041
2022-04-01 10:35:00,11.895,11.9,11.88,11.9,76337
2022-04-01 10:40:00,11.895,11.91,11.85,11.86,66344
2022-04-01 10:45:00,11.86,11.895,11.86,11.86,407884
2022-04-01 10:50:00,11.865,11.88,11.86,11.8794,32241
2022-04-01 10:55:00,11.88,11.89,11.86,11.865,54463
2022-04-01 11:00:00,11.865,11.89,11.865,11.88,77291
2022-04-01 11:05:00,11.875,11.88,11.84,11.865,445162
2022-04-01 11:10:00,11.865,11.89,11.85,11.885,40081
2022-04-01 11:15:00,11.89,11.895,11.88,11.88,68469
2022-04-01 11:20:00,11.885,11.92,11.885,11.915,57495
2022-04-01 11:25:00,11.92,11.93,11.91,11.915,90873
2022-04-01 11:30:00,11.915,11.915,11.88,11.9095,238412
2022-04-01 11:35:00,11.91,11.92,11.905,11.915,36106
2022-04-01 11:40:00,11.915,11.915,11.9,11.905,30236
2022-04-01 11:45:00,11.9,11.9099,11.9,11.905,8061
2022-04-01 11:50:00,11.9,11.95,11.9,11.945,92956
2022-04-01 11:55:00,11.945,11.95,11.94,11.9498,23605
2022-04-01 12:00:00,11.95,11.95,11.94,11.95,16949
2022-04-01 12:05:00,11.95,11.95,11.93,11.945,87455
2022-04-01 12:10:00,11.95,11.97,11.9498,11.955,83356
2022-04-01 12:15:00,11.955,11.96,11.945,11.96,25293
2022-04-01 12:20:00,11.96,11.97,11.96,11.965,23165
2022-04-01 12:25:00,11.97,12.007,11.9698,12.007,37781
2022-04-01 12:30:00,12.0,12.005,11.985,11.985,73829
2022-04-01 12:35:00,11.99,11.99,11.97,11.98,23367
2022-04-01 12:40:00,11.975,11.995,11.97,11.995,29934
2022-04-01 12:45:00,12.0,12.005,11.99,11.9952,56712
2022-04-01 12:50:00,11.995,12.0061,11.995,12.005,39162
2022-04-01 12:55:00,12.0057,12.015,12.0,12.005,51165
2022-04-01 13:00:00,12.005,12.01,11.995,12.005,38574
2022-04-01 13:05:00,12.005,12.02,11.99,11.99,220151
2022-04-01 13:10:00,11.995,12.03,11.995,12.03,96306
2022-04-01 13:15:00,12.03,12.03,12.01,12.015,59551
2022-04-01 13:20:00,12.015,12.02,12.01,12.015,15345
2022-04-01 13:25:00,12.02,12.04,12.015,12.035,72834
2022-04-01 13:30:00,12.035,12.04,12.03,12.04,14818
2022-04-01 13:35:00,12.035,12.07,12.033,12.07,50656
2022-04-01 13:40:00,12.07,12.08,12.0601,12.08,58965
2022-04-01 13:45:00,12.075,12.08,12.05,12.05,113346
2022-04-01 13:50:00,12.05,12.055,12.045,12.045,21498
2022-04-01 13:55:00,12.045,12.06,12.0349,12.055,47645
2022-04-01 14:00:00,12.055,12.065,12.05,12.065,112509
2022-04-01 14:05:00,12.065,12.07,12.05,12.065,127118
2022-04-01 14:10:00,12.07,12.075,12.06,12.065,82888
2022-04-01 14:15:00,12.065,12.07,12.06,12.06,36752
2022-04-01 14:20:00,12.065,12.085,12.05,12.075,154635
2022-04-01 14:25:00,12.08,12.12,12.0701,12.12,108172
2022-04-01 14:30:00,12.115,12.13,12.115,12.125,39537
2022-04-01 14:35:00,12.13,12.13,12.11,12.11,21253
2022-04-01 14:40:00,12.12,12.135,12.115,12.135,65132
2022-04-01 14:45:00,12.14,12.14,12.12,12.125,29973
2022-04-01 14:50:00,12.125,12.135,12.115,12.13,72194
2022-04-01 14:55:00,12.135,12.14,12.125,12.125,43032
2022-04-01 15:00:00,12.13,12.165,12.125,12.165,105804
2022-04-01 15:05:00,12.165,12.18,12.16,12.18,325912
2022-04-01 15:10:00,12.18,12.19,12.165,12.18,119145
2022-04-01 15:15:00,12.18,12.185,12.14,12.145,153400
2022-04-01 15:20:00,12.1491,12.1491,12.13,12.135,66085
2022-04-01 15:25:00,12.135,12.16,12.135,12.16,94785
2022-04-01 15:30:00,12.155,12.17,12.15,12.165,66459
2022-04-01 15:35:00,12.17,12.175,12.15,12.1669,176851
2022-04-01 15:40:00,12.165,12.18,12.165,12.175,68989
2022-04-01 15:45:00,12.175,12.21,12.17,12.205,255269
2022-04-01 15:50:00,12.21,12.25,12.205,12.25,578808
2022-04-01 15:55:00,12.245,12.285,12.2301,12.28,1192173
2022-04-01 16:00:00,12.27,12.27,12.0,12.27,1657888
2022-04-01 16:05:00,12.27,12.27,12.27,12.27,795
2022-04-01 16:20:00,12.2,12.2,12.2,12.2,100
2022-04-01 16:25:00,12.2001,12.2001,12.2001,12.2001,200
2022-04-01 16:35:00,12.27,12.27,12.27,12.27,20547
2022-04-01 16:55:00,12.2,12.2,12.2,12.2,1000
2022-04-01 19:55:00,12.27,12.27,12.27,12.27,300
2022-04-04 08:40:00,12.2,12.2,12.2,12.2,680
2022-04-04 09:25:00,12.23,12.27,12.23,12.27,972
2022-04-04 09:30:00,12.2,12.27,12.16,12.1998,188437
2022-04-04 09:35:00,12.2,12.205,12.115,12.13,226009
2022-04-04 09:40:00,12.12,12.135,12.075,12.115,1165059
2022-04-04 09:45:00,12.12,12.135,12.07,12.1,143224
2022-04-04 09:50:00,12.11,12.13,12.065,12.09,359887
2022-04-04 09:55:00,12.09,12.1191,12.085,12.11,118383
2022-04-04 10:00:00,12.11,12.12,12.09,12.105,90607
2022-04-04 10:05:00,12.105,12.109,12.06,12.08,97143
2022-04-04 10:10:00,12.08,12.08,12.04,12.07,143114
2022-04-04 10:15:00,12.075,12.08,12.06,12.075,70085
2022-04-04 10:20:00,12.08,12.08,12.05,12.05,114689
2022-04-04 10:25:00,12.048,12.048,11.985,12.005,487719
2022-04-04 10:30:00,12.005,12.025,11.965,11.965,209434
2022-04-04 10:35:00,11.965,11.98,11.95,11.965,113830
2022-04-04 10:40:00,11.965,11.98,11.95,11.95,116881
2022-04-04 10:45:00,11.95,11.96,11.925,11.945,200046
2022-04-04 10:50:00,11.9463,11.9479,11.925,11.935,126810
2022-04-04 10:55:00,11.935,11.94,11.905,11.915,578751
2022-04-04 11:00:00,11.915,12.02,11.9,12.01,300875
2022-04-04 11:05:00,12.015,12.015,11.99,11.995,177151
2022-04-04 11:10:00,11.99,11.995,11.96,11.985,163704
2022-04-04 11:15:00,11.985,12.04,11.975,12.025,409949
2022-04-04 11:20:00,12.02,12.035,12.0101,12.0257,86279
2022-04-04 11:25:00,12.025,12.03,12.015,12.02,73400
2022-04-04 11:30:00,12.025,12.07,12.02,12.045,125556
2022-04-04 11:35:00,12.045,12.055,12.035,12.055,85339
2022-04-04 11:40:00,12.05,12.055,12.03,12.035,79157
2022-04-04 11:45:00,12.035,12.05,12.03,12.045,119358
2022-04-04 11:50:00,12.04,12.045,12.0,12.005,102124
2022-04-04 11:55:00,12.01,12.03,12.005,12.015,95119
2022-04-04 12:00:00,12.015,12.015,11.99,11.995,104534
2022-04-04 12:05:00,12.0,12.005,11.98,11.995,253649
2022-04-04 12:10:00,11.99,12.0,11.99,12.0,30290
2022-04-04 12:15:00,11.996,12.015,11.98,11.985,126834
2022-04-04 12:20:00,11.985,11.985,11.975,11.975,47262
2022-04-04 12:25:00,11.975,11.98,11.97,11.98,48518
2022-04-04 12:30:00,11.975,11.985,11.965,11.97,137409
2022-04-04 12:35:00,11.97,11.97,11.94,11.95,79167
2022-04-04 12:40:00,11.95,11.96,11.94,11.955,60406
2022-04-04 12:45:00,11.9571,11.96,11.935,11.94,106624
2022-04-04 12:50:00,11.945,11.9479,11.92,11.93,118052
2022-04-04 12:55:00,11.935,11.95,11.92,11.92,71993
2022-04-04 13:00:00,11.925,11.93,11.915,11.925,68870
2022-04-04 13:05:00,11.925,11.96,11.92,11.955,100594
2022-04-04 13:10:00,11.96,11.98,11.955,11.97,130346
2022-04-04 13:15:00,11.965,11.995,11.96,11.99,122796
2022-04-04 13:20:00,11.99,12.0,11.98,11.985,52522
2022-04-04 13:25:00,11.98,12.005,11.98,12.005,68540
2022-04-04 13:30:00,12.005,12.01,12.0,12.005,30913
2022-04-04 13:35:00,12.005,12.03,12.0,12.015,108783
2022-04-04 13:40:00,12.0158,12.025,12.0133,12.02,54336
2022-04-04 13:45:00,12.02,12.04,12.02,12.035,43796
2022-04-04 13:50:00,12.035,12.04,12.03,12.04,29272
2022-04-04 13:55:00,12.035,12.075,12.03,12.055,122498
2022-04-04 14:00:00,12.055,12.07,12.05,12.05,172510
2022-04-04 14:05:00,12.055,12.06,12.045,12.055,149889
2022-04-04 14:10:00,12.055,12.06,12.05,12.055,45394
2022-04-04 14:15:00,12.055,12.09,12.05,12.09,101784
2022-04-04 14:20:00,12.09,12.1,12.085,12.095,34449
2022-04-04 14:25:00,12.1,12.1,12.06,12.065,191211
2022-04-04 14:30:00,12.065,12.065,12.05,12.055,76204
2022-04-04 14:35:00,12.055,12.055,12.04,12.04,67595
2022-04-04 14:40:00,12.045,12.07,12.03,12.065,139069
2022-04-04 14:45:00,12.07,12.095,12.06,12.08,374599
2022-04-04 14:50:00,12.085,12.085,12.07,12.08,56516
2022-04-04 14:55:00,12.075,12.09,12.07,12.085,90596
2022-04-04 15:00:00,12.08,12.08,12.065,12.075,99252
2022-04-04 15:05:00,12.075,12.08,12.065,12.07,102297
2022-04-04 15:10:00,12.075,12.085,12.07,12.0702,110012
2022-04-04 15:15:00,12.075,12.075,12.05,12.07,152226
2022-04-04 15:20:00,12.07,12.07,12.06,12.065,46609
2022-04-04 15:25:00,12.06,12.07,12.05,12.06,126366
2022-04-04 15:30:00,12.065,12.085,12.055,12.075,344674
2022-04-04 15:35:00,12.07,12.085,12.06,12.07,254049
2022-04-04 15:40:00,12.075,12.085,12.06,12.065,204663
2022-04-04 15:45:00,12.065,12.0853,12.06,12.08,312883
2022-04-04 15:50:00,12.08,12.11,12.075,12.105,643019
2022-04-04 15:55:00,12.105,12.1053,12.05,12.06,1006209
2022-04-04 16:00:00,12.07,12.07,12.07,12.07,1106140
2022-04-04 16:25:00,12.03,12.03,12.03,12.03,5995
2022-04-04 16:55:00,12.09,12.1,12.09,12.1,1998
2022-04-04 17:00:00,12.03,12.1,12.03,12.1,3100
2022-04-04 17:25:00,12.09,12.1,12.09,12.1,799
2022-04-04 17:30:00,12.1,12.1,12.1,12.1,800
2022-04-04 19:30:00,12.02,12.02,12.02,12.02,1248
2022-04-05 09:00:00,12.02,12.02,12.02,12.02,100
2022-04-05 09:20:00,12.0816,12.0816,12.0816,12.0816,1200
2022-04-05 09:25:00,12.1,12.11,12.1,12.11,2500
2022-04-05 09:30:00,12.11,12.14,12.035,12.125,488802
2022-04-05 09:35:00,12.125,12.18,12.11,12.16,615978
2022-04-05 09:40:00,12.16,12.23,12.155,12.22,560435
2022-04-05 09:45:00,12.22,12.22,12.155,12.175,162617
2022-04-05 09:50:00,12.18,12.2,12.15,12.195,185787
2022-04-05 09:55:00,12.19,12.19,12.145,12.165,137160
2022-04-05 10:00:00,12.165,12.2,12.165,12.2,151545
2022-04-05 10:05:00,12.1989,12.2,12.16,12.1698,243986
2022-04-05 10:10:00,12.17,12.195,12.1515,12.195,229919
2022-04-05 10:15:00,12.19,12.21,12.17,12.185,130981
2022-04-05 10:20:00,12.18,12.19,12.16,12.185,224812
2022-04-05 10:25:00,12.19,12.21,12.165,12.185,1211975
2022-04-05 10:30:00,12.18,12.265,12.18,12.245,172540
2022-04-05 10:35:00,12.25,12.25,12.2,12.2,192238
2022-04-05 10:40:00,12.2,12.23,12.185,12.195,231007
2022-04-05 10:45:00,12.195,12.23,12.19,12.225,123414
2022-04-05 10:50:00,12.22,12.255,12.22,12.245,90466
2022-04-05 10:55:00,12.245,12.245,12.22,12.235,157654
2022-04-05 11:00:00,12.23,12.2399,12.21,12.2147,123891
2022-04-05 11:05:00,12.21,12.215,12.19,12.2,80941
2022-04-05 11:10:00,12.195,12.23,12.19,12.23,156412
2022-04-05 11:15:00,12.23,12.23,12.19,12.195,314505
2022-04-05 11:20:00,12.195,12.22,12.19,12.19,134282
2022-04-05 11:25:00,12.195,12.215,12.19,12.21,131679
2022-04-05 11:30:00,12.21,12.225,12.2,12.215,82014
2022-04-05 11:35:00,12.215,12.22,12.205,12.205,74580
2022-04-05 11:40:00,12.205,12.21,12.18,12.205,173701
2022-04-05 11:45:00,12.21,12.215,12.18,12.185,318503
2022-04-05 11:50:00,12.185,12.19,12.175,12.175,95987
2022-04-05 11:55:00,12.17,12.19,12.13,12.135,167715
2022-04-05 12:00:00,12.135,12.135,12.09,12.115,182863
2022-04-05 12:05:00,12.11,12.15,12.11,12.145,140244
2022-04-05 12:10:00,12.145,12.17,12.14,12.17,85189
2022-04-05 12:15:00,12.165,12.2,12.165,12.18,99760
2022-04-05 12:20:00,12.185,12.2077,12.18,12.19,80923
2022-04-05 12:25:00,12.185,12.19,12.16,12.16,77944
2022-04-05 12:30:00,12.16,12.18,12.16,12.165,77819
2022-04-05 12:35:00,12.165,12.19,12.16,12.19,92290
2022-04-05 12:40:00,12.185,12.19,12.18,12.185,48501
2022-04-05 12:45:00,12.185,12.19,12.17,12.175,95857
2022-04-05 12:50:00,12.17,12.205,12.17,12.195,123300
2022-04-05 12:55:00,12.195,12.2,12.18,12.2,72172
2022-04-05 13:00:00,12.19,12.2,12.17,12.175,63995
2022-04-05 13:05:00,12.18,12.21,12.18,12.21,84008
2022-04-05 13:10:00,12.21,12.21,12.19,12.1902,76445
2022-04-05 13:15:00,12.195,12.22,12.19,12.205,93312
2022-04-05 13:20:00,12.21,12.225,12.205,12.215,93504
2022-04-05 13:25:00,12.21,12.22,12.185,12.185,50968
2022-04-05 13:30:00,12.185,12.19,12.175,12.19,104308
2022-04-05 13:35:00,12.19,12.21,12.1825,12.205,57709
2022-04-05 13:40:00,12.205,12.21,12.18,12.2,109110
2022-04-05 13:45:00,12.195,12.2,12.18,12.19,57184
2022-04-05 13:50:00,12.185,12.19,12.16,12.185,145923
2022-04-05 13:55:00,12.185,12.2,12.185,12.2,46079
2022-04-05 14:00:00,12.195,12.2,12.18,12.185,66922
2022-04-05 14:05:00,12.185,12.19,12.17,12.19,115153
2022-04-05 14:10:00,12.19,12.19,12.17,12.175,75896
2022-04-05 14:15:00,12.175,12.18,12.16,12.165,65017
2022-04-05 14:20:00,12.165,12.17,12.16,12.17,53711
2022-04-05 14:25:00,12.165,12.2,12.165,12.175,151362
2022-04-05 14:30:00,12.17,12.18,12.15,12.155,72475
2022-04-05 14:35:00,12.155,12.17,12.155,12.17,81391
2022-04-05 14:40:00,12.17,12.17,12.15,12.15,73430
2022-04-05 14:45:00,12.15,12.16,12.14,12.16,116118
2022-04-05 14:50:00,12.16,12.19,12.16,12.17,144118
2022-04-05 14:55:00,12.175,12.18,12.16,12.16,62038
2022-04-05 15:00:00,12.16,12.17,12.15,12.155,99020
2022-04-05 15:05:00,12.155,12.18,12.15,12.175,124491
2022-04-05 15:10:00,12.18,12.19,12.16,12.165,113303
2022-04-05 15:15:00,12.16,12.17,12.15,12.17,94781
2022-04-05 15:20:00,12.16,12.19,12.16,12.19,132793
2022-04-05 15:25:00,12.19,12.19,12.18,12.185,57019
2022-04-05 15:30:00,12.18,12.19,12.15,12.16,201172
2022-04-05 15:35:00,12.15,12.16,12.12,12.125,225626
2022-04-05 15:40:00,12.12,12.13,12.105,12.11,208699
2022-04-05 15:45:00,12.11,12.12,12.07,12.07,364798
2022-04-05 15:50:00,12.07,12.11,12.07,12.1,376039
2022-04-05 15:55:00,12.095,12.11,12.05,12.05,1317809
2022-04-05 16:00:00,12.05,12.05,12.05,12.05,1527437
2022-04-05 16:30:00,12.05,12.05,12.05,12.05,17023
2022-04-05 17:00:00,12.1,12.15,12.1,12.15,10297
2022-04-06 07:15:00,12.11,12.11,12.11,12.11,199
2022-04-06 07:30:00,12.05,12.05,12.03,12.03,800
2022-04-06 08:00:00,11.9501,12.0101,11.9501,12.0101,2379
2022-04-06 08:45:00,12.05,12.05,12.03,12.03,600
2022-04-06 08:50:00,12.01,12.01,12.01,12.01,150
2022-04-06 09:00:00,12.03,12.03,12.03,12.03,1500
2022-04-06 09:05:00,12.04,12.04,12.04,12.04,100
2022-04-06 09:10:00,12.03,12.03,12.01,12.01,1562
2022-04-06 09:15:00,11.95,11.95,11.95,11.95,3998
2022-04-06 09:30:00,12.03,12.05,11.9,11.9597,234372
2022-04-06 09:35:00,11.96,11.98,11.94,11.9795,82527
2022-04-06 09:40:00,11.98,12.0,11.95,12.0,75860
2022-04-06 09:45:00,12.01,12.03,12.005,12.025,58658
2022-04-06 09:50:00,12.025,12.085,12.02,12.085,157963
2022-04-06 09:55:00,12.08,12.0862,12.05,12.05,115036
2022-04-06 10:00:00,12.055,12.06,12.035,12.045,48607
2022-04-06 10:05:00,12.05,12.05,11.985,11.99,72994
2022-04-06 10:10:00,11.985,12.02,11.97,11.975,115656
2022-04-06 10:15:00,11.98,12.01,11.97,12.005,62230
2022-04-06 10:20:00,12.005,12.04,11.9924,12.035,319603
2022-04-06 10:25:00,12.035,12.045,12.005,12.03,214568
2022-04-06 10:30:00,12.02,12.03,12.0,12.005,58692
2022-04-06 10:35:00,12.005,12.065,12.005,12.05,77811
2022-04-06 10:40:00,12.055,12.07,12.04,12.05,69050
2022-04-06 10:45:00,12.05,12.07,12.025,12.065,131967
2022-04-06 10:50:00,12.065,12.07,12.04,12.045,50456
2022-04-06 10:55:00,12.04,12.09,12.04,12.09,44943
2022-04-06 11:00:00,12.08,12.1,12.08,12.085,64647
2022-04-06 11:05:00,12.09,12.1,12.08,12.08,63411
2022-04-06 11:10:00,12.085,12.13,12.08,12.125,273796
2022-04-06 11:15:00,12.12,12.13,12.1,12.115,59718
2022-04-06 11:20:00,12.12,12.125,12.08,12.085,64746
2022-04-06 11:25:00,12.0801,12.095,12.07,12.08,104401
2022-04-06 11:30:00,12.075,12.1061,12.075,12.09,78362
2022-04-06 11:35:00,12.095,12.12,12.095,12.105,78400
2022-04-06 11:40:00,12.105,12.14,12.105,12.115,93565
2022-04-06 11:45:00,12.1101,12.15,12.1101,12.135,75013
2022-04-06 11:50:00,12.13,12.14,12.115,12.115,87693
2022-04-06 11:55:00,12.12,12.135,12.11,12.125,122159
2022-04-06 12:00:00,12.125,12.13,12.095,12.105,73603
2022-04-06 12:05:00,12.105,12.12,12.09,12.09,42950
2022-04-06 12:10:00,12.095,12.1,12.065,12.065,52247
2022-04-06 12:15:00,12.065,12.07,12.0515,12.065,38639
2022-04-06 12:20:00,12.065,12.08,12.06,12.075,34842
2022-04-06 12:25:00,12.075,12.08,12.07,12.075,46688
2022-04-06 12:30:00,12.08,12.09,12.07,12.089,38757
2022-04-06 12:35:00,12.09,12.1,12.085,12.095,62570
2022-04-06 12:40:00,12.095,12.11,12.09,12.1054,67629
2022-04-06 12:45:00,12.105,12.115,12.07,12.075,90588
2022-04-06 12:50:00,12.07,12.075,12.04,12.055,190547
2022-04-06 12:55:00,12.06,12.09,12.0501,12.08,85791
2022-04-06 13:00:00,12.075,12.08,12.05,12.06,163646
2022-04-06 13:05:00,12.05,12.05,12.035,12.035,48999
2022-04-06 13:10:00,12.035,12.06,12.0325,12.06,78972
2022-04-06 13:15:00,12.06,12.06,12.03,12.03,91521
2022-04-06 13:20:00,12.03,12.04,12.02,12.04,65661
2022-04-06 13:25:00,12.035,12.0463,12.03,12.03,42093
2022-04-06 13:30:00,12.0325,12.07,12.03,12.0606,54319
2022-04-06 13:35:00,12.065,12.07,12.0522,12.07,37957
2022-04-06 13:40:00,12.07,12.07,12.05,12.07,59169
2022-04-06 13:45:00,12.065,12.075,12.035,12.035,71972
2022-04-06 13:50:00,12.04,12.07,12.035,12.06,61647
2022-04-06 13:55:00,12.06,12.07,12.04,12.05,40183
2022-04-06 14:00:00,12.04,12.095,12.025,12.08,89346
2022-04-06 14:05:00,12.07,12.075,12.025,12.025,42194
2022-04-06 14:10:00,12.025,12.03,12.01,12.01,66296
2022-04-06 14:15:00,12.01,12.01,11.99,12.005,58194
2022-04-06 14:20:00,12.01,12.04,12.01,12.02,52392
2022-04-06 14:25:00,12.015,12.05,12.015,12.045,66096
2022-04-06 14:30:00,12.05,12.07,12.03,12.065,74417
2022-04-06 14:35:00,12.065,12.07,12.03,12.045,156319
2022-04-06 14:40:00,12.04,12.05,12.025,12.035,47332
2022-04-06 14:45:00,12.04,12.06,12.04,12.045,42324
2022-04-06 14:50:00,12.045,12.07,12.04,12.065,46284
2022-04-06 14:55:00,12.07,12.09,12.06,12.07,90960
2022-04-06 15:00:00,12.065,12.09,12.061,12.085,77383
2022-04-06 15:05:00,12.085,12.085,12.06,12.07,45278
2022-04-06 15:10:00,12.07,12.08,12.06,12.06,69443
2022-04-06 15:15:00,12.06,12.095,12.06,12.06,443858
2022-04-06 15:20:00,12.065,12.07,12.02,12.02,109519
2022-04-06 15:25:00,12.02,12.03,12.01,12.015,184697
2022-04-06 15:30:00,12.015,12.04,12.01,12.035,384920
2022-04-06 15:35:00,12.04,12.055,12.03,12.055,150421
2022-04-06 15:40:00,12.06,12.07,12.05,12.055,131264
2022-04-06 15:45:00,12.05,12.09,12.05,12.075,270093
2022-04-06 15:50:00,12.08,12.09,12.07,12.085,308066
2022-04-06 15:55:00,12.085,12.1,12.08,12.09,631318
2022-04-06 16:00:00,12.09,12.1006,12.09,12.09,449339
2022-04-06 17:05:00,12.09,12.09,12.09,12.09,12224
2022-04-06 19:55:00,12.1,12.1,12.1,12.1,250
2022-04-07 08:00:00,12.05,12.05,12.05,12.05,1518
2022-04-07 09:05:00,12.1,12.1,12.1,12.1,1000
2022-04-07 09:20:00,12.1,12.1,12.1,12.1,10300
2022-04-07 09:25:00,12.11,12.17,12.11,12.15,10841
2022-04-07 09:30:00,12.14,12.19,12.1,12.15,372189
2022-04-07 09:35:00,12.145,12.19,12.14,12.165,220179
2022-04-07 09:40:00,12.16,12.22,12.16,12.19,219231
2022-04-07 09:45:00,12.19,12.35,12.19,12.29,1828497
2022-04-07 09:50:00,12.295,12.3,12.1709,12.1709,231474
2022-04-07 09:55:00,12.1715,12.175,12.15,12.155,142737
2022-04-07 10:00:00,12.155,12.18,12.14,12.145,337232
2022-04-07 10:05:00,12.15,12.17,12.14,12.15,151839
2022-04-07 10:10:00,12.16,12.17,12.14,12.155,116250
2022-04-07 10:15:00,12.155,12.235,12.15,12.205,325316
2022-04-07 10:20:00,12.205,12.225,12.2,12.205,77859
2022-04-07 10:25:00,12.205,12.21,12.18,12.18,96223
2022-04-07 10:30:00,12.18,12.22,12.175,12.22,259970
2022-04-07 10:35:00,12.22,12.29,12.215,12.285,295979
2022-04-07 10:40:00,12.2815,12.285,12.22,12.225,369598
2022-04-07 10:45:00,12.222,12.225,12.185,12.205,122600
2022-04-07 10:50:00,12.21,12.235,12.2,12.22,191167
2022-04-07 10:55:00,12.215,12.2575,12.215,12.235,88096
2022-04-07 11:00:00,12.235,12.27,12.23,12.235,68183
2022-04-07 11:05:00,12.235,12.235,12.19,12.215,132034
2022-04-07 11:10:00,12.215,12.225,12.205,12.22,120145
2022-04-07 11:15:00,12.22,12.24,12.22,12.24,51606
2022-04-07 11:20:00,12.24,12.255,12.2347,12.24,111737
2022-04-07 11:25:00,12.25,12.26,12.2407,12.25,286468
2022-04-07 11:30:00,12.255,12.26,12.22,12.25,125357
2022-04-07 11:35:00,12.25,12.265,12.24,12.24,335103
2022-04-07 11:40:00,12.24,12.2459,12.215,12.2357,134794
2022-04-07 11:45:00,12.235,12.24,12.222,12.235,58225
2022-04-07 11:50:00,12.23,12.25,12.21,12.235,136351
2022-04-07 11:55:00,12.235,12.24,12.225,12.225,52153
2022-04-07 12:00:00,12.225,12.24,12.2243,12.235,47915
2022-04-07 12:05:00,12.24,12.26,12.235,12.245,104922
2022-04-07 12:10:00,12.25,12.25,12.23,12.25,100632
2022-04-07 12:15:00,12.25,12.25,12.2417,12.245,33789
2022-04-07 12:20:00,12.24,12.245,12.22,12.23,151571
2022-04-07 12:25:00,12.23,12.24,12.225,12.235,108013
2022-04-07 12:30:00,12.23,12.245,12.23,12.24,86659
2022-04-07 12:35:00,12.24,12.24,12.23,12.235,47198
2022-04-07 12:40:00,12.235,12.255,12.235,12.25,105598
2022-04-07 12:45:00,12.25,12.25,12.233,12.245,123329
2022-04-07 12:50:00,12.245,12.245,12.22,12.225,83153
2022-04-07 12:55:00,12.225,12.23,12.19,12.21,130737
2022-04-07 13:00:00,12.205,12.22,12.2,12.205,91571
2022-04-07 13:05:00,12.21,12.21,12.19,12.195,93141
2022-04-07 13:10:00,12.195,12.26,12.195,12.25,216626
2022-04-07 13:15:00,12.245,12.26,12.245,12.245,41324
2022-04-07 13:20:00,12.245,12.25,12.24,12.245,83309
2022-04-07 13:25:00,12.245,12.25,12.23,12.245,73476
2022-04-07 13:30:00,12.25,12.27,12.245,12.245,220341
2022-04-07 13:35:00,12.245,12.26,12.24,12.255,127396
2022-04-07 13:40:00,12.255,12.2577,12.24,12.25,32292
2022-04-07 13:45:00,12.245,12.27,12.235,12.27,103422
2022-04-07 13:50:00,12.265,12.265,12.245,12.245,64817
2022-04-07 13:55:00,12.25,12.275,12.235,12.275,74120
2022-04-07 14:00:00,12.275,12.29,12.275,12.285,106976
2022-04-07 14:05:00,12.285,12.31,12.275,12.305,550137
2022-04-07 14:10:00,12.31,12.35,12.295,12.345,806987
2022-04-07 14:15:00,12.35,12.36,12.2801,12.2801,298928
2022-04-07 14:20:00,12.29,12.33,12.29,12.325,392517
2022-04-07 14:25:00,12.325,12.35,12.32,12.335,48517
2022-04-07 14:30:00,12.33,12.35,12.32,12.335,126553
2022-04-07 14:35:00,12.34,12.36,12.34,12.345,75251
2022-04-07 14:40:00,12.35,12.35,12.325,12.34,68107
2022-04-07 14:45:00,12.34,12.355,12.33,12.34,197589
2022-04-07 14:50:00,12.335,12.345,12.31,12.31,153454
2022-04-07 14:55:00,12.315,12.32,12.27,12.28,179140
2022-04-07 15:00:00,12.28,12.31,12.265,12.295,316341
2022-04-07 15:05:00,12.295,12.31,12.28,12.31,592841
2022-04-07 15:10:00,12.31,12.32,12.2933,12.315,195291
2022-04-07 15:15:00,12.315,12.326,12.29,12.3,154386
2022-04-07 15:20:00,12.3,12.3,12.265,12.275,461452
2022-04-07 15:25:00,12.275,12.28,12.27,12.275,114155
2022-04-07 15:30:00,12.28,12.335,12.275,12.325,667342
2022-04-07 15:35:00,12.3292,12.335,12.3,12.32,598470
2022-04-07 15:40:00,12.32,12.32,12.295,12.315,350657
2022-04-07 15:45:00,12.315,12.33,12.3,12.3,846700
2022-04-07 15:50:00,12.3,12.31,12.265,12.295,2698269
2022-04-07 15:55:00,12.3,12.35,12.2947,12.35,1278250
2022-04-07 16:00:00,12.35,12.36,12.31,12.34,3395752
2022-04-07 16:15:00,12.35,12.35,12.35,12.35,200
2022-04-07 17:05:00,12.35,12.35,12.3499,12.3499,2600
2022-04-07 17:10:00,12.35,12.35,12.35,12.35,1000
2022-04-07 17:20:00,12.2105,12.2105,12.21,12.21,398
2022-04-07 17:25:00,12.35,12.35,12.35,12.35,145
2022-04-07 19:30:00,12.25,12.25,12.25,12.25,125
2022-04-08 08:00:00,12.3999,12.3999,12.3999,12.3999,200
2022-04-08 09:15:00,12.34,12.34,12.27,12.32,2217
2022-04-08 09:20:00,12.32,12.33,12.32,12.33,300
2022-04-08 09:25:00,12.31,12.31,12.28,12.28,2104
2022-04-08 09:30:00,12.37,12.4,12.29,12.37,385378
2022-04-08 09:35:00,12.375,12.41,12.34,12.405,196698
2022-04-08 09:40:00,12.4084,12.44,12.36,12.375,629213
2022-04-08 09:45:00,12.375,12.39,12.32,12.325,242910
2022-04-08 09:50:00,12.325,12.37,12.325,12.37,115447
2022-04-08 09:55:00,12.36,12.4,12.35,12.39,154007
2022-04-08 10:00:00,12.385,12.4,12.33,12.38,222079
2022-04-08 10:05:00,12.38,12.425,12.3721,12.41,156632
2022-04-08 10:10:00,12.4,12.4,12.35,12.375,167005
2022-04-08 10:15:00,12.375,12.3777,12.345,12.37,128341
2022-04-08 10:20:00,12.3777,12.4,12.365,12.3777,100267
2022-04-08 10:25:00,12.375,12.4,12.36,12.395,313777
2022-04-08 10:30:00,12.4,12.44,12.39,12.42,124719
2022-04-08 10:35:00,12.425,12.46,12.425,12.4599,143089
2022-04-08 10:40:00,12.46,12.48,12.44,12.48,209301
2022-04-08 10:45:00,12.475,12.5,12.465,12.5,318738
2022-04-08 10:50:00,12.5,12.52,12.493,12.52,362968
2022-04-08 10:55:00,12.52,12.55,12.5,12.535,477233
2022-04-08 11:00:00,12.535,12.61,12.5301,12.61,831691
2022-04-08 11:05:00,12.6082,12.64,12.59,12.605,578232
2022-04-08 11:10:00,12.61,12.645,12.6,12.635,152920
2022-04-08 11:15:00,12.635,12.7,12.635,12.685,570491
2022-04-08 11:20:00,12.68,12.71,12.65,12.7,732360
2022-04-08 11:25:00,12.705,12.73,12.685,12.695,851616
2022-04-08 11:30:00,12.7,12.7092,12.665,12.68,537242
2022-04-08 11:35:00,12.685,12.685,12.645,12.675,169766
2022-04-08 11:40:00,12.675,12.69,12.64,12.67,173218
2022-04-08 11:45:00,12.67,12.685,12.655,12.68,233874
2022-04-08 11:50:00,12.68,12.695,12.66,12.66,188582
2022-04-08 11:55:00,12.6601,12.68,12.66,12.675,44367
2022-04-08 12:00:00,12.68,12.7,12.675,12.68,114581
2022-04-08 12:05:00,12.685,12.69,12.67,12.69,85502
2022-04-08 12:10:00,12.685,12.705,12.67,12.685,111479
2022-04-08 12:15:00,12.68,12.695,12.675,12.685,68159
2022-04-08 12:20:00,12.685,12.7,12.685,12.7,102624
2022-04-08 12:25:00,12.69,12.72,12.68,12.71,100702
2022-04-08 12:30:00,12.705,12.71,12.69,12.7,80588
2022-04-08 12:35:00,12.6999,12.705,12.69,12.695,121791
2022-04-08 12:40:00,12.695,12.7,12.665,12.69,354214
2022-04-08 12:45:00,12.695,12.725,12.69,12.705,520364
2022-04-08 12:50:00,12.7,12.7299,12.7,12.725,136577
2022-04-08 12:55:00,12.72,12.81,12.72,12.805,444477
2022-04-08 13:00:00,12.81,12.85,12.8,12.84,385442
2022-04-08 13:05:00,12.835,12.835,12.8,12.835,402745
2022-04-08 13:10:00,12.835,12.85,12.83,12.845,109547
2022-04-08 13:15:00,12.845,12.86,12.82,12.855,178184
2022-04-08 13:20:00,12.855,12.94,12.85,12.93,1006672
2022-04-08 13:25:00,12.935,12.96,12.915,12.92,470749
2022-04-08 13:30:00,12.915,12.94,12.915,12.9201,232804
2022-04-08 13:35:00,12.925,12.95,12.915,12.925,223594
2022-04-08 13:40:00,12.9232,12.98,12.91,12.98,1184615
2022-04-08 13:45:00,12.97,13.05,12.97,13.015,670793
2022-04-08 13:50:00,13.02,13.02,12.95,12.955,390919
2022-04-08 13:55:00,12.955,12.96,12.885,12.895,240506
2022-04-08 14:00:00,12.895,12.905,12.79,12.795,307556
2022-04-08 14:05:00,12.795,12.795,12.75,12.785,144858
2022-04-08 14:10:00,12.79,12.82,12.74,12.81,428908
2022-04-08 14:15:00,12.81,12.85,12.8,12.845,199970
2022-04-08 14:20:00,12.845,12.87,12.835,12.835,109664
2022-04-08 14:25:00,12.83,12.84,12.805,12.825,261630
2022-04-08 14:30:00,12.825,12.85,12.805,12.845,106964
2022-04-08 14:35:00,12.845,12.89,12.84,12.89,192850
2022-04-08 14:40:00,12.88,12.885,12.85,12.855,62548
2022-04-08 14:45:00,12.855,12.9,12.85,12.89,178600
2022-04-08 14:50:00,12.895,12.91,12.89,12.9067,158116
2022-04-08 14:55:00,12.905,12.92,12.895,12.905,165072
2022-04-08 15:00:00,12.9053,12.925,12.8823,12.9,150060
2022-04-08 15:05:00,12.895,12.916,12.865,12.875,284918
2022-04-08 15:10:00,12.875,12.92,12.875,12.9183,155767
2022-04-08 15:15:00,12.915,12.92,12.9,12.91,274085
2022-04-08 15:20:00,12.91,12.92,12.9,12.915,114932
2022-04-08 15:25:00,12.91,12.915,12.89,12.89,290414
2022-04-08 15:30:00,12.895,12.9,12.86,12.87,342026
2022-04-08 15:35:00,12.87,12.875,12.83,12.835,313352
2022-04-08 15:40:00,12.835,12.88,12.83,12.875,713744
2022-04-08 15:45:00,12.875,12.875,12.84,12.85,507850
2022-04-08 15:50:00,12.86,12.87,12.81,12.81,734142
2022-04-08 15:55:00,12.81,12.85,12.8,12.85,2099681
2022-04-08 16:00:00,12.84,12.84,12.84,12.84,1466825
2022-04-08 16:15:00,12.75,12.75,12.75,12.75,1999
2022-04-08 17:55:00,12.82,12.82,12.82,12.82,150
2022-04-08 18:15:00,12.76,12.76,12.75,12.75,1600
2022-04-08 19:15:00,12.81,12.81,12.81,12.81,1000
2022-04-08 19:25:00,12.75,12.75,12.75,12.75,550
2022-04-08 19:40:00,12.7,12.7,12.7,12.7,500
2022-04-11 07:10:00,12.8,12.8,12.8,12.8,400
2022-04-11 09:05:00,12.82,12.82,12.8,12.8,1200
2022-04-11 09:10:00,12.8,12.81,12.8,12.81,4900
2022-04-11 09:15:00,12.81,12.81,12.8,12.8,596
2022-04-11 09:20:00,12.8,12.8,12.8,12.8,899
2022-04-11 09:30:00,12.76,12.8,12.67,12.735,292656
2022-04-11 09:35:00,12.735,12.755,12.675,12.685,137736
2022-04-11 09:40:00,12.685,12.695,12.62,12.625,195593
2022-04-11 09:45:00,12.62,12.63,12.45,12.505,1878854
2022-04-11 09:50:00,12.5,12.545,12.47,12.515,256826
2022-04-11 09:55:00,12.52,12.535,12.45,12.47,220963
2022-04-11 10:00:00,12.47,12.475,12.375,12.39,258242
2022-04-11 10:05:00,12.391,12.4189,12.36,12.41,206362
2022-04-11 10:10:00,12.4,12.405,12.37,12.4,171583
2022-04-11 10:15:00,12.4,12.41,12.355,12.375,183432
2022-04-11 10:20:00,12.37,12.4,12.355,12.355,225256
2022-04-11 10:25:00,12.355,12.36,12.34,12.345,95357
2022-04-11 10:30:00,12.34,12.34,12.27,12.275,219503
2022-04-11 10:35:00,12.275,12.28,12.24,12.27,184529
2022-04-11 10:40:00,12.28,12.31,12.26,12.265,209534
2022-04-11 10:45:00,12.265,12.29,12.265,12.275,128468
2022-04-11 10:50:00,12.275,12.29,12.22,12.24,140687
2022-04-11 10:55:00,12.235,12.24,12.2,12.22,193577
2022-04-11 11:00:00,12.225,12.225,12.18,12.195,129604
2022-04-11 11:05:00,12.195,12.22,12.185,12.22,168502
2022-04-11 11:10:00,12.215,12.25,12.21,12.215,143013
2022-04-11 11:15:00,12.215,12.225,12.19,12.195,199710
2022-04-11 11:20:00,12.195,12.22,12.19,12.218,236675
2022-04-11 11:25:00,12.21,12.22,12.19,12.19,93751
2022-04-11 11:30:00,12.19,12.19,12.17,12.185,138674
2022-04-11 11:35:00,12.185,12.23,12.18,12.225,156461
2022-04-11 11:40:00,12.225,12.285,12.225,12.24,371683
2022-04-11 11:45:00,12.244,12.25,12.19,12.19,103842
2022-04-11 11:50:00,12.19,12.1966,12.165,12.173,136547
2022-04-11 11:55:00,12.18,12.2,12.175,12.18,98340
2022-04-11 12:00:00,12.1817,12.208,12.18,12.185,106125
2022-04-11 12:05:00,12.185,12.21,12.18,12.2,147521
2022-04-11 12:10:00,12.2,12.21,12.185,12.185,72545
2022-04-11 12:15:00,12.185,12.19,12.17,12.185,37643
2022-04-11 12:20:00,12.19,12.23,12.175,12.225,172299
2022-04-11 12:25:00,12.22,12.275,12.22,12.26,326716
2022-04-11 12:30:00,12.2665,12.365,12.26,12.33,865575
2022-04-11 12:35:00,12.33,12.365,12.305,12.315,241569
2022-04-11 12:40:00,12.315,12.33,12.28,12.28,283408
2022-04-11 12:45:00,12.285,12.3,12.21,12.215,157703
2022-04-11 12:50:00,12.215,12.23,12.17,12.17,173385
2022-04-11 12:55:00,12.175,12.19,12.17,12.175,87543
2022-04-11 13:00:00,12.175,12.21,12.14,12.145,268891
2022-04-11 13:05:00,12.1444,12.155,12.12,12.135,142995
2022-04-11 13:10:00,12.135,12.18,12.13,12.15,184025
2022-04-11 13:15:00,12.145,12.16,12.14,12.155,106592
2022-04-11 13:20:00,12.16,12.16,12.135,12.135,76455
2022-04-11 13:25:00,12.1391,12.14,12.11,12.115,114604
2022-04-11 13:30:00,12.115,12.145,12.1,12.135,133213
2022-04-11 13:35:00,12.135,12.14,12.1,12.14,145001
2022-04-11 13:40:00,12.13,12.17,12.13,12.17,200500
2022-04-11 13:45:00,12.17,12.185,12.165,12.175,113681
2022-04-11 13:50:00,12.175,12.18,12.16,12.16,56931
2022-04-11 13:55:00,12.16,12.18,12.15,12.18,74465
2022-04-11 14:00:00,12.175,12.185,12.15,12.155,147799
2022-04-11 14:05:00,12.155,12.18,12.15,12.17,132903
2022-04-11 14:10:00,12.17,12.18,12.13,12.135,50491
2022-04-11 14:15:00,12.13,12.14,12.12,12.12,53714
2022-04-11 14:20:00,12.125,12.16,12.12,12.155,148279
2022-04-11 14:25:00,12.15,12.17,12.145,12.165,100030
2022-04-11 14:30:00,12.165,12.17,12.145,12.1697,115702
2022-04-11 14:35:00,12.16,12.18,12.15,12.18,135340
2022-04-11 14:40:00,12.1745,12.185,12.15,12.15,73450
2022-04-11 14:45:00,12.15,12.1674,12.14,12.165,91133
2022-04-11 14:50:00,12.165,12.185,12.16,12.175,90717
2022-04-11 14:55:00,12.175,12.185,12.17,12.175,61784
2022-04-11 15:00:00,12.175,12.18,12.145,12.15,141582
2022-04-11 15:05:00,12.15,12.15,12.12,12.125,250717
2022-04-11 15:10:00,12.13,12.16,12.12,12.155,169636
2022-04-11 15:15:00,12.155,12.17,12.14,12.15,403360
2022-04-11 15:20:00,12.145,12.16,12.14,12.155,81726
2022-04-11 15:25:00,12.16,12.17,12.15,12.155,129088
2022-04-11 15:30:00,12.155,12.155,12.13,12.135,263237
2022-04-11 15:35:00,12.135,12.14,12.13,12.135,160189
2022-04-11 15:40:00,12.14,12.14,12.13,12.14,332255
2022-04-11 15:45:00,12.14,12.175,12.13,12.17,462384
2022-04-11 15:50:00,12.17,12.18,12.14,12.165,709453
2022-04-11 15:55:00,12.165,12.165,12.13,12.14,1132011
2022-04-11 16:00:00,12.15,12.15,12.15,12.15,996044
2022-04-12 04:00:00,12.43,12.43,12.43,12.43,400
2022-04-12 07:50:00,12.39,12.39,12.39,12.39,130
2022-04-12 07:55:00,12.3,12.3,12.3,12.3,194
2022-04-12 08:10:00,12.39,12.39,12.39,12.39,100
2022-04-12 08:15:00,12.21,12.21,12.18,12.18,210
2022-04-12 08:20:00,12.25,12.25,12.25,12.25,100
2022-04-12 08:35:00,12.395,12.4,12.395,12.4,400
2022-04-12 09:00:00,12.29,12.29,12.29,12.29,400
2022-04-12 09:05:00,12.29,12.29,12.24,12.26,4500
2022-04-12 09:10:00,12.26,12.28,12.26,12.28,2229
2022-04-12 09:15:00,12.28,12.28,12.28,12.28,703
2022-04-12 09:20:00,12.29,12.29,12.29,12.29,200
2022-04-12 09:25:00,12.357,12.357,12.22,12.22,350
2022-04-12 09:30:00,12.25,12.42,12.22,12.3502,451512
2022-04-12 09:35:00,12.359,12.415,12.35,12.39,232736
2022-04-12 09:40:00,12.39,12.3999,12.355,12.355,198831
2022-04-12 09:45:00,12.36,12.43,12.3599,12.43,267828
2022-04-12 09:50:00,12.425,12.44,12.4,12.435,205026
2022-04-12 09:55:00,12.435,12.54,12.42,12.53,333575
2022-04-12 10:00:00,12.525,12.595,12.505,12.585,324928
2022-04-12 10:05:00,12.585,12.585,12.49,12.4913,205718
2022-04-12 10:10:00,12.5,12.51,12.44,12.45,197346
2022-04-12 10:15:00,12.445,12.465,12.43,12.455,206377
2022-04-12 10:20:00,12.455,12.495,12.45,12.45,240226
2022-04-12 10:25:00,12.45,12.48,12.41,12.4157,197618
2022-04-12 10:30:00,12.4193,12.455,12.39,12.4,824807
2022-04-12 10:35:00,12.405,12.42,12.385,12.39,83525
2022-04-12 10:40:00,12.39,12.41,12.37,12.395,162552
2022-04-12 10:45:00,12.395,12.5,12.395,12.4988,180272
2022-04-12 10:50:00,12.495,12.59,12.495,12.59,224654
2022-04-12 10:55:00,12.5896,12.62,12.57,12.58,175876
2022-04-12 11:00:00,12.575,12.6,12.56,12.57,116171
2022-04-12 11:05:00,12.575,12.5986,12.553,12.565,130361
2022-04-12 11:10:00,12.57,12.57,12.53,12.56,112459
2022-04-12 11:15:00,12.5609,12.57,12.525,12.555,127379
2022-04-12 11:20:00,12.56,12.57,12.545,12.56,151715
2022-04-12 11:25:00,12.555,12.565,12.53,12.55,141916
2022-04-12 11:30:00,12.545,12.585,12.545,12.58,106964
2022-04-12 11:35:00,12.58,12.58,12.535,12.55,126672
2022-04-12 11:40:00,12.545,12.56,12.54,12.5401,92022
2022-04-12 11:45:00,12.55,12.55,12.53,12.53,37396
2022-04-12 11:50:00,12.535,12.58,12.53,12.57,100467
2022-04-12 11:55:00,12.565,12.58,12.52,12.52,129817
2022-04-12 12:00:00,12.52,12.55,12.52,12.55,44219
2022-04-12 12:05:00,12.545,12.57,12.535,12.56,88960
2022-04-12 12:10:00,12.555,12.56,12.54,12.545,24137
2022-04-12 12:15:00,12.55,12.57,12.53,12.535,52157
2022-04-12 12:20:00,12.53,12.55,12.51,12.53,96252
2022-04-12 12:25:00,12.53,12.54,12.505,12.52,96757
2022-04-12 12:30:00,12.5299,12.535,12.51,12.535,59374
2022-04-12 12:35:00,12.535,12.54,12.52,12.535,65124
2022-04-12 12:40:00,12.535,12.535,12.475,12.495,62736
2022-04-12 12:45:00,12.495,12.53,12.495,12.525,98041
2022-04-12 12:50:00,12.52,12.54,12.515,12.525,77258
2022-04-12 12:55:00,12.52,12.54,12.495,12.495,126344
2022-04-12 13:00:00,12.49,12.495,12.465,12.465,136038
2022-04-12 13:05:00,12.47,12.5,12.465,12.49,151825
2022-04-12 13:10:00,12.495,12.5,12.48,12.485,54800
2022-04-12 13:15:00,12.485,12.535,12.481,12.515,122945
2022-04-12 13:20:00,12.515,12.54,12.51,12.535,51817
2022-04-12 13:25:00,12.54,12.54,12.52,12.525,99733
2022-04-12 13:30:00,12.525,12.53,12.505,12.53,72063
2022-04-12 13:35:00,12.53,12.54,12.515,12.525,130068
2022-04-12 13:40:00,12.53,12.54,12.51,12.52,98631
2022-04-12 13:45:00,12.515,12.535,12.495,12.5,132619
2022-04-12 13:50:00,12.495,12.51,12.49,12.51,72049
2022-04-12 13:55:00,12.51,12.51,12.485,12.505,132993
2022-04-12 14:00:00,12.51,12.53,12.48,12.53,89615
2022-04-12 14:05:00,12.53,12.54,12.51,12.53,97535
2022-04-12 14:10:00,12.53,12.54,12.525,12.535,71391
2022-04-12 14:15:00,12.54,12.54,12.5,12.51,115358
2022-04-12 14:20:00,12.51,12.54,12.51,12.54,133032
2022-04-12 14:25:00,12.54,12.545,12.535,12.54,148699
2022-04-12 14:30:00,12.54,12.54,12.525,12.535,230096
2022-04-12 14:35:00,12.535,12.55,12.51,12.52,145699
2022-04-12 14:40:00,12.515,12.53,12.51,12.52,135652
2022-04-12 14:45:00,12.515,12.55,12.51,12.545,124146
2022-04-12 14:50:00,12.55,12.56,12.535,12.535,154236
2022-04-12 14:55:00,12.535,12.57,12.5325,12.565,118992
2022-04-12 15:00:00,12.565,12.57,12.5425,12.545,126812
2022-04-12 15:05:00,12.55,12.56,12.51,12.51,433896
2022-04-12 15:10:00,12.515,12.54,12.5,12.515,244626
2022-04-12 15:15:00,12.52,12.53,12.51,12.53,170127
2022-04-12 15:20:00,12.53,12.56,12.53,12.55,165309
2022-04-12 15:25:00,12.545,12.55,12.51,12.525,155890
2022-04-12 15:30:00,12.525,12.53,12.5,12.525,179929
2022-04-12 15:35:00,12.53,12.55,12.5217,12.545,220862
2022-04-12 15:40:00,12.54,12.55,12.52,12.525,250223
2022-04-12 15:45:00,12.52,12.55,12.515,12.55,261626
2022-04-12 15:50:00,12.54,12.56,12.5,12.5,883372
2022-04-12 15:55:00,12.505,12.55,12.5001,12.525,995258
2022-04-12 16:00:00,12.53,12.53,12.53,12.53,766065
2022-04-12 16:05:00,12.53,12.56,12.53,12.56,353
2022-04-12 16:10:00,12.57,12.57,12.57,12.57,5000
2022-04-12 17:15:00,12.57,12.57,12.57,12.57,425
2022-04-12 18:05:00,12.57,12.57,12.57,12.57,389
2022-04-12 19:00:00,12.5,12.5,12.5,12.5,100
2022-04-12 19:05:00,12.6,12.6,12.6,12.6,850
2022-04-12 19:10:00,12.6,12.6,12.6,12.6,500
2022-04-12 19:45:00,12.6,12.6,12.6,12.6,1500
2022-04-13 08:00:00,12.4,12.4,12.4,12.4,100
2022-04-13 08:35:00,12.65,12.65,12.65,12.65,200
2022-04-13 09:30:00,12.55,12.66,12.55,12.66,385798
2022-04-13 09:35:00,12.66,12.665,12.605,12.65,189001
2022-04-13 09:40:00,12.645,12.68,12.61,12.61,456289
2022-04-13 09:45:00,12.61,12.62,12.56,12.6099,171501
2022-04-13 09:50:00,12.605,12.6084,12.55,12.57,123261
2022-04-13 09:55:00,12.57,12.5799,12.515,12.525,113774
2022-04-13 10:00:00,12.52,12.525,12.48,12.5,133977
2022-04-13 10:05:00,12.5,12.56,12.495,12.555,181796
2022-04-13 10:10:00,12.55,12.58,12.55,12.555,161717
2022-04-13 10:15:00,12.56,12.58,12.55,12.57,103155
2022-04-13 10:20:00,12.575,12.6,12.57,12.595,173959
2022-04-13 10:25:00,12.6,12.61,12.58,12.585,174162
2022-04-13 10:30:00,12.59,12.605,12.58,12.5924,162777
2022-04-13 10:35:00,12.59,12.6,12.572,12.572,102286
2022-04-13 10:40:00,12.58,12.605,12.57,12.6,107891
2022-04-13 10:45:00,12.595,12.61,12.59,12.605,50374
2022-04-13 10:50:00,12.605,12.615,12.59,12.595,56080
2022-04-13 10:55:00,12.595,12.605,12.59,12.6,50854
2022-04-13 11:00:00,12.595,12.61,12.58,12.61,113570
2022-04-13 11:05:00,12.605,12.62,12.595,12.62,93470
2022-04-13 11:10:00,12.61,12.635,12.61,12.625,58871
2022-04-13 11:15:00,12.63,12.65,12.625,12.65,44437
2022-04-13 11:20:00,12.645,12.655,12.64,12.65,88827
2022-04-13 11:25:00,12.65,12.685,12.645,12.665,276241
2022-04-13 11:30:00,12.665,12.665,12.64,12.65,69763
2022-04-13 11:35:00,12.65,12.67,12.64,12.67,75153
2022-04-13 11:40:00,12.665,12.675,12.66,12.675,51143
2022-04-13 11:45:00,12.68,12.69,12.645,12.645,345970
2022-04-13 11:50:00,12.64,12.655,12.635,12.64,88624
2022-04-13 11:55:00,12.635,12.645,12.62,12.64,248972
2022-04-13 12:00:00,12.64,12.65,12.63,12.645,43638
2022-04-13 12:05:00,12.65,12.655,12.64,12.6508,48131
2022-04-13 12:10:00,12.65,12.66,12.64,12.655,130766
2022-04-13 12:15:00,12.655,12.6799,12.6515,12.665,46817
2022-04-13 12:20:00,12.665,12.695,12.66,12.685,228086
2022-04-13 12:25:00,12.68,12.7,12.67,12.6946,355750
2022-04-13 12:30:00,12.695,12.71,12.69,12.71,77806
2022-04-13 12:35:00,12.71,12.73,12.71,12.715,89547
2022-04-13 12:40:00,12.715,12.73,12.71,12.7112,90169
2022-04-13 12:45:00,12.7164,12.745,12.71,12.74,112539
2022-04-13 12:50:00,12.74,12.76,12.73,12.76,201189
2022-04-13 12:55:00,12.76,12.765,12.745,12.75,253193
2022-04-13 13:00:00,12.755,12.77,12.735,12.755,355934
2022-04-13 13:05:00,12.755,12.77,12.75,12.77,88004
2022-04-13 13:10:00,12.765,12.78,12.76,12.77,59395
2022-04-13 13:15:00,12.775,12.79,12.76,12.79,60852
2022-04-13 13:20:00,12.79,12.8,12.78,12.79,263746
2022-04-13 13:25:00,12.78,12.79,12.755,12.76,96273
2022-04-13 13:30:00,12.76,12.76,12.75,12.755,79997
2022-04-13 13:35:00,12.755,12.76,12.75,12.75,104314
2022-04-13 13:40:00,12.755,12.77,12.75,12.77,68613
2022-04-13 13:45:00,12.77,12.78,12.76,12.775,44752
2022-04-13 13:50:00,12.78,12.79,12.775,12.7846,22601
2022-04-13 13:55:00,12.785,12.79,12.775,12.79,55630
2022-04-13 14:00:00,12.79,12.795,12.765,12.78,199792
2022-04-13 14:05:00,12.78,12.81,12.775,12.805,98871
2022-04-13 14:10:00,12.805,12.85,12.8,12.85,345562
2022-04-13 14:15:00,12.85,12.855,12.825,12.825,229969
2022-04-13 14:20:00,12.83,12.835,12.8228,12.83,70076
2022-04-13 14:25:00,12.83,12.85,12.82,12.84,268611
2022-04-13 14:30:00,12.84,12.87,12.82,12.835,317908
2022-04-13 14:35:00,12.8398,12.85,12.835,12.835,71222
2022-04-13 14:40:00,12.84,12.87,12.835,12.865,159048
2022-04-13 14:45:00,12.865,12.87,12.85,12.86,53728
2022-04-13 14:50:00,12.86,12.865,12.83,12.8499,102244
2022-04-13 14:55:00,12.85,12.865,12.84,12.845,213774
2022-04-13 15:00:00,12.85,12.86,12.84,12.845,290177
2022-04-13 15:05:00,12.845,12.85,12.82,12.845,268179
2022-04-13 15:10:00,12.845,12.86,12.84,12.86,54554
2022-04-13 15:15:00,12.86,12.875,12.85,12.85,136455
2022-04-13 15:20:00,12.855,12.86,12.83,12.83,237618
2022-04-13 15:25:00,12.835,12.86,12.83,12.845,230366
2022-04-13 15:30:00,12.845,12.86,12.84,12.855,152347
2022-04-13 15:35:00,12.855,12.855,12.82,12.825,377302
2022-04-13 15:40:00,12.825,12.83,12.82,12.83,203073
2022-04-13 15:45:00,12.83,12.83,12.82,12.82,198348
2022-04-13 15:50:00,12.82,12.86,12.82,12.85,734014
2022-04-13 15:55:00,12.85,12.87,12.85,12.85,698237
2022-04-13 16:00:00,12.85,12.85,12.85,12.85,675978
2022-04-13 16:50:00,12.8,12.8,12.8,12.8,200
2022-04-13 17:15:00,12.81,12.81,12.81,12.81,900
2022-04-13 17:25:00,12.81,12.81,12.8,12.8,2920
2022-04-13 17:45:00,12.81,12.81,12.8001,12.8001,315
2022-04-14 07:20:00,12.73,12.73,12.28,12.3,45695
2022-04-14 07:25:00,12.27,12.3,12.25,12.25,4820
2022-04-14 07:30:00,12.2,12.21,12.15,12.2,13822
2022-04-14 07:35:00,12.21,12.21,12.1,12.1,11200
2022-04-14 07:45:00,12.06,12.06,12.0,12.06,4007
2022-04-14 07:50:00,12.15,12.15,12.14,12.14,200
2022-04-14 07:55:00,12.16,12.16,12.16,12.16,400
2022-04-14 08:00:00,12.1,12.48,12.1,12.15,7550
2022-04-14 08:05:00,12.15,12.18,12.1,12.1,2304
2022-04-14 08:10:00,12.11,12.11,12.1,12.11,16700
2022-04-14 08:15:00,12.1,12.11,12.06,12.1,11239
2022-04-14 08:20:00,12.1,12.11,12.09,12.1,17417
2022-04-14 08:25:00,12.09,12.1,12.07,12.1,27091
2022-04-14 08:30:00,12.1,12.1,12.07,12.1,36122
2022-04-14 08:35:00,12.1,12.1,12.09,12.1,6800
2022-04-14 08:40:00,12.1,12.1,12.09,12.09,54723
2022-04-14 08:45:00,12.08,12.1,12.05,12.09,27754
2022-04-14 08:50:00,12.09,12.14,12.08,12.13,101385
2022-04-14 08:55:00,12.13,12.16,12.12,12.16,48273
2022-04-14 09:00:00,12.16,12.16,12.14,12.14,6305
2022-04-14 09:05:00,12.15,12.16,12.15,12.16,9930
2022-04-14 09:10:00,12.16,12.18,12.16,12.17,27106
2022-04-14 09:15:00,12.18,12.19,12.17,12.18,41332
2022-04-14 09:20:00,12.19,12.2,12.19,12.2,11762
2022-04-14 09:25:00,12.2,12.2,12.15,12.15,45383
2022-04-14 09:30:00,12.15,12.21,12.07,12.105,2585922
2022-04-14 09:35:00,12.105,12.17,12.09,12.145,1688346
2022-04-14 09:40:00,12.145,12.18,12.12,12.16,1505987
2022-04-14 09:45:00,12.155,12.17,12.105,12.1564,589312
2022-04-14 09:50:00,12.1516,12.215,12.12,12.215,1184202
2022-04-14 09:55:00,12.2145,12.245,12.17,12.24,1042938
2022-04-14 10:00:00,12.235,12.32,12.235,12.285,1046345
2022-04-14 10:05:00,12.285,12.29,12.23,12.25,615312
2022-04-14 10:10:00,12.2499,12.255,12.215,12.225,395223
2022-04-14 10:15:00,12.22,12.28,12.215,12.245,425182
2022-04-14 10:20:00,12.245,12.28,12.235,12.245,486480
2022-04-14 10:25:00,12.245,12.245,12.17,12.2,715072
2022-04-14 10:30:00,12.21,12.27,12.2,12.235,658030
2022-04-14 10:35:00,12.235,12.245,12.19,12.215,625000
2022-04-14 10:40:00,12.215,12.2399,12.195,12.2,197500
2022-04-14 10:45:00,12.195,12.23,12.195,12.225,178481
2022-04-14 10:50:00,12.225,12.24,12.195,12.205,224696
2022-04-14 10:55:00,12.205,12.235,12.205,12.225,302490
2022-04-14 11:00:00,12.23,12.24,12.21,12.235,191985
2022-04-14 11:05:00,12.235,12.26,12.23,12.25,287702
2022-04-14 11:10:00,12.25,12.26,12.24,12.245,405369
2022-04-14 11:15:00,12.245,12.26,12.23,12.24,250283
2022-04-14 11:20:00,12.24,12.26,12.24,12.255,235205
2022-04-14 11:25:00,12.25,12.255,12.2,12.23,439890
2022-04-14 11:30:00,12.23,12.25,12.2244,12.25,110188
2022-04-14 11:35:00,12.245,12.26,12.22,12.245,394726
2022-04-14 11:40:00,12.25,12.25,12.24,12.245,156908
2022-04-14 11:45:00,12.245,12.245,12.2,12.2,334641
2022-04-14 11:50:00,12.2,12.21,12.18,12.2,453163
2022-04-14 11:55:00,12.2,12.24,12.2,12.23,157054
2022-04-14 12:00:00,12.235,12.25,12.21,12.235,380821
2022-04-14 12:05:00,12.235,12.24,12.2101,12.215,189137
2022-04-14 12:10:00,12.215,12.22,12.21,12.21,18182
2022-04-14 12:15:00,12.21,12.215,12.2,12.205,40521
2022-04-14 12:20:00,12.2,12.22,12.2,12.219,206033
2022-04-14 12:25:00,12.22,12.24,12.22,12.2287,72715
2022-04-14 12:30:00,12.23,12.24,12.215,12.235,216062
2022-04-14 12:35:00,12.235,12.2558,12.235,12.25,86344
2022-04-14 12:40:00,12.25,12.26,12.24,12.24,81965
2022-04-14 12:45:00,12.24,12.25,12.22,12.225,186650
2022-04-14 12:50:00,12.23,12.25,12.225,12.25,92957
2022-04-14 12:55:00,12.245,12.27,12.245,12.265,148211
2022-04-14 13:00:00,12.265,12.27,12.22,12.22,153009
2022-04-14 13:05:00,12.22,12.23,12.205,12.2247,80677
2022-04-14 13:10:00,12.2283,12.26,12.225,12.255,90531
2022-04-14 13:15:00,12.255,12.27,12.235,12.27,350384
2022-04-14 13:20:00,12.265,12.28,12.265,12.28,258563
2022-04-14 13:25:00,12.28,12.35,12.27,12.335,291648
2022-04-14 13:30:00,12.34,12.35,12.33,12.335,153608
2022-04-14 13:35:00,12.33,12.355,12.325,12.3301,545008
2022-04-14 13:40:00,12.33,12.3461,12.31,12.3124,361143
2022-04-14 13:45:00,12.3192,12.33,12.315,12.33,36337
2022-04-14 13:50:00,12.33,12.34,12.325,12.335,58919
2022-04-14 13:55:00,12.335,12.355,12.33,12.345,97803
2022-04-14 14:00:00,12.35,12.4,12.345,12.395,271986
2022-04-14 14:05:00,12.39,12.39,12.35,12.37,153275
2022-04-14 14:10:00,12.375,12.395,12.36,12.37,149335
2022-04-14 14:15:00,12.37,12.38,12.34,12.365,159926
2022-04-14 14:20:00,12.365,12.37,12.35,12.365,115293
2022-04-14 14:25:00,12.365,12.38,12.34,12.375,263210
2022-04-14 14:30:00,12.375,12.38,12.33,12.33,194309
2022-04-14 14:35:00,12.33,12.33,12.27,12.285,492490
2022-04-14 14:40:00,12.29,12.315,12.28,12.305,423213
2022-04-14 14:45:00,12.305,12.32,12.275,12.283,713418
2022-04-14 14:50:00,12.285,12.32,12.285,12.32,601355
2022-04-14 14:55:00,12.31,12.31,12.285,12.285,1167321
2022-04-14 15:00:00,12.29,12.32,12.285,12.32,406023
2022-04-14 15:05:00,12.32,12.32,12.3,12.31,143211
2022-04-14 15:10:00,12.31,12.33,12.3,12.315,302199
2022-04-14 15:15:00,12.32,12.34,12.3,12.325,428404
2022-04-14 15:20:00,12.33,12.365,12.325,12.335,350174
2022-04-14 15:25:00,12.34,12.35,12.31,12.35,535522
2022-04-14 15:30:00,12.34,12.36,12.32,12.335,210756
2022-04-14 15:35:00,12.335,12.36,12.32,12.335,251113
2022-04-14 15:40:00,12.335,12.34,12.31,12.34,309457
2022-04-14 15:45:00,12.335,12.36,12.32,12.32,477300
2022-04-14 15:50:00,12.33,12.35,12.31,12.335,484855
2022-04-14 15:55:00,12.34,12.34,12.29,12.3,1645596
2022-04-14 16:00:00,12.3,12.3,12.3,12.3,1862279
2022-04-14 16:45:00,12.22,12.23,12.22,12.22,2600
2022-04-14 17:30:00,12.21,12.21,12.21,12.21,150
2022-04-14 17:35:00,12.28,12.28,12.28,12.28,500
