2022-04-01 09:30:00,251.36,252.35,249.92,250.98,40000
2022-04-01 09:35:00,251.355,251.78,250.08,250.335,5660
2022-04-01 09:40:00,250.44,250.56,249.64,249.9131,9427
2022-04-01 09:45:00,249.965,251.37,249.86,251.37,4546
2022-04-01 09:50:00,251.21,251.77,251.09,251.715,2789
2022-04-01 09:55:00,251.6956,252.68,251.6956,252.3199,4913
2022-04-01 10:00:00,252.58,253.35,252.09,252.54,7787
2022-04-01 10:05:00,252.34,252.85,252.34,252.49,5571
2022-04-01 10:10:00,252.51,253.02,252.51,253.02,3427
2022-04-01 10:15:00,253.12,253.2999,252.02,252.07,5632
2022-04-01 10:20:00,251.955,251.96,251.44,251.52,6267
2022-04-01 10:25:00,251.68,251.7,251.09,251.09,4194
2022-04-01 10:30:00,251.15,252.29,251.1066,252.15,6100
2022-04-01 10:35:00,252.29,252.4,252.11,252.345,13998
2022-04-01 10:40:00,252.39,252.62,252.27,252.45,12381
2022-04-01 10:45:00,252.47,253.29,252.395,253.15,9501
2022-04-01 10:50:00,253.2,253.575,253.03,253.32,5597
2022-04-01 10:55:00,253.27,253.35,252.985,253.18,5051
2022-04-01 11:00:00,253.09,253.225,252.87,252.87,5748
2022-04-01 11:05:00,252.96,253.37,252.865,253.325,7481
2022-04-01 11:10:00,253.28,253.78,253.2,253.315,7451
2022-04-01 11:15:00,253.18,253.485,253.13,253.485,4791
2022-04-01 11:20:00,253.44,253.6,252.855,253.135,6121
2022-04-01 11:25:00,253.18,253.3,252.76,252.81,5313
2022-04-01 11:30:00,252.83,252.85,252.18,252.37,5804
2022-04-01 11:35:00,252.42,252.42,252.15,252.42,3910
2022-04-01 11:40:00,252.31,252.36,251.855,251.92,7846
2022-04-01 11:45:00,251.9,252.51,251.9,252.145,6637
2022-04-01 11:50:00,252.085,252.56,251.98,252.48,2890
2022-04-01 11:55:00,252.445,252.445,251.81,252.02,13539
2022-04-01 12:00:00,252.1,252.31,251.92,252.04,3023
2022-04-01 12:05:00,251.97,251.99,251.73,251.99,4177
2022-04-01 12:10:00,252.01,252.41,251.946,252.3087,3883
2022-04-01 12:15:00,252.25,252.59,252.13,252.41,3169
2022-04-01 12:20:00,252.54,252.77,252.5,252.5,3039
2022-04-01 12:25:00,252.56,252.7,252.45,252.6,3239
2022-04-01 12:30:00,252.5,252.53,252.14,252.285,7136
2022-04-01 12:35:00,252.24,252.265,251.74,252.22,5863
2022-04-01 12:40:00,252.12,252.97,252.05,252.97,6829
2022-04-01 12:45:00,252.9,252.9,252.34,252.38,3494
2022-04-01 12:50:00,252.4091,252.72,252.18,252.58,2709
2022-04-01 12:55:00,252.6,252.77,252.51,252.61,4846
2022-04-01 13:00:00,252.52,252.68,252.44,252.6,4163
2022-04-01 13:05:00,252.58,253.025,252.56,252.81,6387
2022-04-01 13:10:00,252.79,253.09,252.79,253.09,4681
2022-04-01 13:15:00,253.16,253.31,253.12,253.31,3018
2022-04-01 13:20:00,253.295,253.3601,252.79,253.14,5621
2022-04-01 13:25:00,253.22,253.235,252.92,253.235,3500
2022-04-01 13:30:00,253.15,253.73,253.05,253.67,7107
2022-04-01 13:35:00,253.63,254.3102,253.63,254.24,6301
2022-04-01 13:40:00,254.16,254.59,254.05,254.48,5177
2022-04-01 13:45:00,254.43,254.43,254.06,254.215,5856
2022-04-01 13:50:00,254.185,254.33,254.14,254.29,5209
2022-04-01 13:55:00,254.3029,254.78,254.3029,254.645,9461
2022-04-01 14:00:00,254.66,255.11,254.595,255.03,6571
2022-04-01 14:05:00,255.11,255.315,254.89,255.01,9605
2022-04-01 14:10:00,255.01,255.22,254.88,255.17,6889
2022-04-01 14:15:00,255.175,255.28,254.85,254.85,5670
2022-04-01 14:20:00,254.87,254.9742,254.58,254.58,11584
2022-04-01 14:25:00,254.62,254.8729,254.4,254.645,23440
2022-04-01 14:30:00,254.689,254.81,254.565,254.775,6718
2022-04-01 14:35:00,254.775,254.82,254.23,254.385,21806
2022-04-01 14:40:00,254.4613,254.68,254.27,254.3,8592
2022-04-01 14:45:00,254.26,254.41,254.01,254.1,6925
2022-04-01 14:50:00,254.075,254.13,253.89,254.045,12524
2022-04-01 14:55:00,254.08,254.14,253.68,253.855,6229
2022-04-01 15:00:00,253.88,254.43,253.775,254.35,5141
2022-04-01 15:05:00,254.21,254.395,254.08,254.09,6765
2022-04-01 15:10:00,254.139,254.275,253.99,254.22,6577
2022-04-01 15:15:00,254.29,254.4,253.8,253.8,3939
2022-04-01 15:20:00,253.75,253.99,253.67,253.825,10329
2022-04-01 15:25:00,253.86,253.88,253.635,253.78,4489
2022-04-01 15:30:00,253.69,253.92,253.57,253.72,7115
2022-04-01 15:35:00,253.715,253.84,253.55,253.62,8714
2022-04-01 15:40:00,253.51,253.88,253.36,253.65,12367
2022-04-01 15:45:00,253.66,253.8,253.465,253.75,22223
2022-04-01 15:50:00,253.82,254.93,253.82,254.83,39850
2022-04-01 15:55:00,254.75,255.37,254.68,255.16,94877
2022-04-01 16:00:00,255.21,255.21,255.21,255.21,169126
2022-04-01 16:25:00,255.26,255.26,255.26,255.26,100
2022-04-01 16:30:00,255.21,255.21,255.21,255.21,6724
2022-04-04 09:25:00,254.8,254.8,253.57,253.57,899
2022-04-04 09:30:00,253.82,254.115,252.32,253.01,20008
2022-04-04 09:35:00,253.39,254.345,253.39,254.045,3159
2022-04-04 09:40:00,254.23,254.43,253.95,254.22,18292
2022-04-04 09:45:00,254.335,254.35,253.08,253.33,14903
2022-04-04 09:50:00,253.44,254.3,253.33,253.77,21038
2022-04-04 09:55:00,253.7,254.13,253.59,254.045,17595
2022-04-04 10:00:00,253.96,254.45,253.57,254.4,14360
2022-04-04 10:05:00,254.61,254.62,254.08,254.34,10135
2022-04-04 10:10:00,254.31,254.7801,254.24,254.355,8637
2022-04-04 10:15:00,254.34,254.44,253.89,254.44,20180
2022-04-04 10:20:00,254.45,255.11,254.45,254.78,5082
2022-04-04 10:25:00,254.83,255.34,254.82,255.34,32121
2022-04-04 10:30:00,255.345,255.51,254.5,254.75,14033
2022-04-04 10:35:00,254.72,255.42,254.72,255.13,10868
2022-04-04 10:40:00,255.13,255.185,254.47,254.47,4934
2022-04-04 10:45:00,254.45,255.07,254.45,255.05,6794
2022-04-04 10:50:00,255.06,255.1391,254.48,254.48,4740
2022-04-04 10:55:00,254.29,254.6,254.03,254.28,5297
2022-04-04 11:00:00,254.215,254.945,254.215,254.945,3997
2022-04-04 11:05:00,255.02,255.4,255.02,255.24,5378
2022-04-04 11:10:00,255.17,255.29,254.956,255.29,5324
2022-04-04 11:15:00,255.09,255.85,254.935,255.85,6347
2022-04-04 11:20:00,255.765,255.933,255.51,255.775,4621
2022-04-04 11:25:00,255.69,256.15,255.69,256.02,16900
2022-04-04 11:30:00,256.08,256.44,255.97,256.03,2539
2022-04-04 11:35:00,255.89,256.12,255.6,255.98,3766
2022-04-04 11:40:00,255.89,256.32,255.73,256.32,2327
2022-04-04 11:45:00,256.29,256.66,256.21,256.53,14897
2022-04-04 11:50:00,256.57,256.8227,256.47,256.8227,2228
2022-04-04 11:55:00,256.88,256.92,256.69,256.74,2804
2022-04-04 12:00:00,256.755,256.82,256.46,256.54,3564
2022-04-04 12:05:00,256.53,256.84,256.46,256.54,5462
2022-04-04 12:10:00,256.55,256.84,256.538,256.78,3491
2022-04-04 12:15:00,256.71,256.83,256.52,256.52,25772
2022-04-04 12:20:00,256.575,256.63,256.395,256.48,3756
2022-04-04 12:25:00,256.58,256.85,256.46,256.8,5760
2022-04-04 12:30:00,256.8,257.11,256.75,256.99,7203
2022-04-04 12:35:00,257.04,257.46,257.03,257.11,41036
2022-04-04 12:40:00,257.055,257.1,256.49,256.55,9515
2022-04-04 12:45:00,256.55,256.97,256.38,256.81,4107
2022-04-04 12:50:00,256.93,257.01,256.7356,256.75,3667
2022-04-04 12:55:00,256.735,256.735,255.68,255.79,5964
2022-04-04 13:00:00,255.63,255.85,255.465,255.735,12243
2022-04-04 13:05:00,255.735,256.06,255.59,255.89,16123
2022-04-04 13:10:00,255.89,256.25,255.87,256.25,5199
2022-04-04 13:15:00,256.25,256.65,256.24,256.58,10296
2022-04-04 13:20:00,256.57,256.87,256.55,256.685,14259
2022-04-04 13:25:00,256.685,257.165,256.65,257.165,11757
2022-04-04 13:30:00,257.165,257.27,256.91,256.99,5701
2022-04-04 13:35:00,257.03,257.12,256.665,256.81,5543
2022-04-04 13:40:00,256.73,256.8,256.477,256.8,3153
2022-04-04 13:45:00,256.81,257.05,256.81,256.84,3593
2022-04-04 13:50:00,257.0,257.09,256.9,257.045,3209
2022-04-04 13:55:00,257.07,257.49,257.07,257.315,6896
2022-04-04 14:00:00,257.21,257.27,257.0577,257.22,4409
2022-04-04 14:05:00,257.18,257.33,256.93,256.93,4391
2022-04-04 14:10:00,256.89,257.19,256.845,257.18,3563
2022-04-04 14:15:00,257.23,257.44,257.2,257.44,4678
2022-04-04 14:20:00,257.38,257.39,257.06,257.18,5224
2022-04-04 14:25:00,257.27,257.485,257.18,257.38,5424
2022-04-04 14:30:00,257.42,257.58,257.13,257.56,8684
2022-04-04 14:35:00,257.56,257.77,257.54,257.655,8159
2022-04-04 14:40:00,257.76,257.885,257.67,257.88,9041
2022-04-04 14:45:00,257.885,258.06,257.82,258.03,9709
2022-04-04 14:50:00,258.02,258.28,257.92,258.01,7981
2022-04-04 14:55:00,258.03,258.08,257.63,257.705,6694
2022-04-04 15:00:00,257.635,257.8499,257.52,257.64,5489
2022-04-04 15:05:00,257.64,257.77,257.56,257.705,4141
2022-04-04 15:10:00,257.76,257.815,257.6004,257.7,5141
2022-04-04 15:15:00,257.69,257.705,257.56,257.6055,5153
2022-04-04 15:20:00,257.65,258.1367,257.64,258.09,10139
2022-04-04 15:25:00,258.185,258.185,257.99,258.05,15172
2022-04-04 15:30:00,258.07,258.4,257.96,258.25,12557
2022-04-04 15:35:00,258.325,258.48,258.26,258.27,10706
2022-04-04 15:40:00,258.29,258.31,257.68,257.705,14378
2022-04-04 15:45:00,257.71,258.44,257.66,258.15,20799
2022-04-04 15:50:00,258.12,258.67,258.05,258.41,31539
2022-04-04 15:55:00,258.38,259.08,258.15,259.08,102368
2022-04-04 16:00:00,259.04,259.04,259.04,259.04,194784
2022-04-04 16:25:00,259.04,259.04,259.04,259.04,2938
2022-04-05 05:25:00,259.54,259.54,259.54,259.54,100
2022-04-05 05:45:00,259.58,259.58,259.56,259.58,300
2022-04-05 09:30:00,258.28,259.55,258.07,258.275,18087
2022-04-05 09:35:00,258.52,258.6,257.78,258.08,9835
2022-04-05 09:40:00,258.15,258.51,257.8818,258.11,23601
2022-04-05 09:45:00,258.01,258.14,257.5,257.52,3115
2022-04-05 09:50:00,257.485,257.5086,256.75,257.3017,8915
2022-04-05 09:55:00,257.41,258.48,257.39,258.37,31738
2022-04-05 10:00:00,258.37,259.11,257.88,259.035,26577
2022-04-05 10:05:00,258.94,259.05,257.51,257.85,8119
2022-04-05 10:10:00,257.95,258.005,257.02,257.4,3676
2022-04-05 10:15:00,257.25,257.75,257.06,257.67,6694
2022-04-05 10:20:00,257.68,258.0,257.4054,257.56,7459
2022-04-05 10:25:00,257.48,258.68,257.48,258.67,5199
2022-04-05 10:30:00,258.68,259.37,258.68,259.16,4124
2022-04-05 10:35:00,259.18,259.75,259.18,259.66,4628
2022-04-05 10:40:00,259.59,260.2,259.58,260.1165,7686
2022-04-05 10:45:00,260.1,260.85,260.04,260.63,20896
2022-04-05 10:50:00,260.76,261.14,260.47,260.88,12488
2022-04-05 10:55:00,261.01,261.07,260.69,260.94,15622
2022-04-05 11:00:00,261.0,261.07,260.77,260.785,7529
2022-04-05 11:05:00,260.89,260.89,260.4423,260.635,10864
2022-04-05 11:10:00,260.635,261.03,260.49,261.02,7236
2022-04-05 11:15:00,261.035,261.045,260.47,260.69,8985
2022-04-05 11:20:00,260.78,261.04,260.78,260.96,6150
2022-04-05 11:25:00,260.905,261.035,260.67,260.74,7354
2022-04-05 11:30:00,260.7821,261.07,260.68,261.03,5916
2022-04-05 11:35:00,261.035,261.035,260.41,260.455,11303
2022-04-05 11:40:00,260.41,260.71,260.38,260.71,2715
2022-04-05 11:45:00,260.65,260.65,260.24,260.52,3972
2022-04-05 11:50:00,260.42,261.01,260.42,261.0,3893
2022-04-05 11:55:00,260.99,261.03,260.78,260.91,2458
2022-04-05 12:00:00,260.94,261.0,260.6,260.87,4646
2022-04-05 12:05:00,260.99,261.3,260.87,260.87,11282
2022-04-05 12:10:00,260.92,260.92,260.08,260.32,2319
2022-04-05 12:15:00,260.27,260.4,259.98,259.98,5470
2022-04-05 12:20:00,260.0,260.125,259.72,260.02,5877
2022-04-05 12:25:00,259.96,260.445,259.745,260.44,5407
2022-04-05 12:30:00,260.39,260.68,260.3,260.68,5703
2022-04-05 12:35:00,260.6,260.95,260.48,260.92,6723
2022-04-05 12:40:00,260.85,260.86,260.46,260.63,4047
2022-04-05 12:45:00,260.75,260.82,260.38,260.69,6242
2022-04-05 12:50:00,260.73,261.15,260.66,261.13,5979
2022-04-05 12:55:00,261.195,261.26,261.07,261.22,4996
2022-04-05 13:00:00,261.28,261.323,261.08,261.323,3484
2022-04-05 13:05:00,261.35,261.675,261.245,261.59,4887
2022-04-05 13:10:00,261.82,262.12,261.71,262.05,14143
2022-04-05 13:15:00,262.055,262.305,261.88,262.1572,17630
2022-04-05 13:20:00,262.18,262.18,261.8,261.81,3918
2022-04-05 13:25:00,261.75,261.75,260.93,260.93,6170
2022-04-05 13:30:00,260.96,260.96,260.67,260.8,6381
2022-04-05 13:35:00,260.835,260.94,260.76,260.86,3229
2022-04-05 13:40:00,260.8,260.8,260.51,260.515,9806
2022-04-05 13:45:00,260.53,260.65,260.47,260.57,3768
2022-04-05 13:50:00,260.58,260.58,260.11,260.29,5321
2022-04-05 13:55:00,260.2,260.47,260.2,260.32,4498
2022-04-05 14:00:00,260.29,260.35,260.02,260.19,3908
2022-04-05 14:05:00,260.21,260.46,260.21,260.45,6979
2022-04-05 14:10:00,260.46,260.53,260.285,260.48,3039
2022-04-05 14:15:00,260.465,260.62,260.37,260.6,3589
2022-04-05 14:20:00,260.61,260.68,260.13,260.19,8529
2022-04-05 14:25:00,260.21,260.21,259.57,259.69,7588
2022-04-05 14:30:00,259.72,259.76,259.44,259.44,7174
2022-04-05 14:35:00,259.42,259.49,259.28,259.31,7304
2022-04-05 14:40:00,259.38,259.38,259.15,259.23,12231
2022-04-05 14:45:00,259.17,259.21,258.9,258.98,10568
2022-04-05 14:50:00,258.98,259.01,258.77,258.98,6063
2022-04-05 14:55:00,258.99,259.08,258.69,258.77,9890
2022-04-05 15:00:00,258.84,258.86,258.53,258.53,7801
2022-04-05 15:05:00,258.56,258.56,258.35,258.49,7952
2022-04-05 15:10:00,258.47,258.57,258.22,258.3441,7104
2022-04-05 15:15:00,258.4,258.58,258.2705,258.35,10007
2022-04-05 15:20:00,258.32,258.62,258.09,258.58,14322
2022-04-05 15:25:00,258.605,258.605,258.31,258.31,12571
2022-04-05 15:30:00,258.345,258.37,258.05,258.05,14805
2022-04-05 15:35:00,258.05,258.56,257.95,258.24,20374
2022-04-05 15:40:00,258.23,258.26,257.78,257.83,20316
2022-04-05 15:45:00,257.86,257.86,256.95,256.95,25661
2022-04-05 15:50:00,256.94,258.13,256.845,257.93,43190
2022-04-05 15:55:00,257.96,258.22,257.7,257.97,108041
2022-04-05 16:00:00,257.97,257.97,257.97,257.97,182433
2022-04-06 09:30:00,255.91,256.77,254.3,256.43,18544
2022-04-06 09:35:00,256.69,257.15,255.636,256.99,5019
2022-04-06 09:40:00,256.605,256.995,256.19,256.455,95433
2022-04-06 09:45:00,256.81,257.46,256.46,257.24,2980
2022-04-06 09:50:00,257.195,257.25,256.74,257.14,7180
2022-04-06 09:55:00,257.07,257.41,257.0,257.24,5955
2022-04-06 10:00:00,257.05,257.45,256.48,257.195,10712
2022-04-06 10:05:00,257.115,257.53,256.94,257.01,10592
2022-04-06 10:10:00,256.855,257.09,256.62,256.84,2850
2022-04-06 10:15:00,256.86,257.6,256.86,257.46,9828
2022-04-06 10:20:00,257.47,258.67,257.41,258.67,7528
2022-04-06 10:25:00,258.37,258.38,257.79,258.02,6911
2022-04-06 10:30:00,258.14,258.14,256.53,256.615,22088
2022-04-06 10:35:00,256.69,256.82,256.26,256.32,15162
2022-04-06 10:40:00,256.15,256.195,255.57,255.64,8070
2022-04-06 10:45:00,255.625,255.97,255.52,255.64,5762
2022-04-06 10:50:00,255.685,255.705,255.07,255.32,5458
2022-04-06 10:55:00,255.41,255.56,255.07,255.1758,5092
2022-04-06 11:00:00,255.0,255.5,255.0,255.25,5341
2022-04-06 11:05:00,255.18,255.34,254.95,255.21,5656
2022-04-06 11:10:00,255.36,255.87,255.26,255.32,3189
2022-04-06 11:15:00,255.42,255.5467,255.36,255.38,3678
2022-04-06 11:20:00,255.3,255.68,255.19,255.68,3590
2022-04-06 11:25:00,255.6,255.7976,255.385,255.63,3791
2022-04-06 11:30:00,255.61,255.88,255.42,255.42,4358
2022-04-06 11:35:00,255.45,255.6,255.325,255.34,2915
2022-04-06 11:40:00,255.15,255.78,255.15,255.54,4836
2022-04-06 11:45:00,255.65,256.0,255.34,255.64,4112
2022-04-06 11:50:00,255.72,255.9,255.225,255.225,6487
2022-04-06 11:55:00,255.36,255.51,255.3,255.41,6316
2022-04-06 12:00:00,255.41,255.75,255.41,255.73,3404
2022-04-06 12:05:00,255.71,256.09,255.68,255.805,6949
2022-04-06 12:10:00,255.725,255.95,255.68,255.79,2151
2022-04-06 12:15:00,255.75,256.07,255.67,256.07,3194
2022-04-06 12:20:00,255.86,256.225,255.82,256.225,3372
2022-04-06 12:25:00,256.328,256.815,256.328,256.757,2652
2022-04-06 12:30:00,256.76,256.79,256.46,256.64,3883
2022-04-06 12:35:00,256.51,256.7,256.51,256.55,2604
2022-04-06 12:40:00,256.71,256.96,256.71,256.96,1313
2022-04-06 12:45:00,256.91,257.31,256.87,257.27,6897
2022-04-06 12:50:00,257.22,257.41,257.08,257.37,4528
2022-04-06 12:55:00,257.38,257.79,257.33,257.79,2805
2022-04-06 13:00:00,257.761,257.77,257.67,257.76,2116
2022-04-06 13:05:00,257.78,257.915,257.47,257.65,3026
2022-04-06 13:10:00,257.71,257.87,257.695,257.77,3116
2022-04-06 13:15:00,257.84,258.076,257.79,258.05,3195
2022-04-06 13:20:00,258.02,258.47,257.99,258.47,6085
2022-04-06 13:25:00,258.41,258.8,258.3675,258.71,7510
2022-04-06 13:30:00,258.63,258.66,258.23,258.37,8946
2022-04-06 13:35:00,258.38,258.58,258.07,258.58,3561
2022-04-06 13:40:00,258.58,259.56,258.57,259.53,6559
2022-04-06 13:45:00,259.46,259.6,258.905,259.25,8927
2022-04-06 13:50:00,259.27,259.42,258.92,258.92,4381
2022-04-06 13:55:00,258.92,259.45,258.92,259.16,5694
2022-04-06 14:00:00,258.99,260.575,258.54,260.07,12987
2022-04-06 14:05:00,259.78,260.08,259.51,259.79,35465
2022-04-06 14:10:00,259.72,259.81,258.865,258.96,17308
2022-04-06 14:15:00,258.81,259.335,258.45,259.335,10163
2022-04-06 14:20:00,259.51,259.945,259.29,259.93,10166
2022-04-06 14:25:00,259.85,260.29,259.68,259.89,10090
2022-04-06 14:30:00,259.865,260.97,259.655,260.765,16218
2022-04-06 14:35:00,260.89,261.47,260.58,260.98,30010
2022-04-06 14:40:00,260.98,261.35,260.815,261.35,15610
2022-04-06 14:45:00,261.33,261.63,261.21,261.31,9284
2022-04-06 14:50:00,261.56,261.77,261.47,261.665,6559
2022-04-06 14:55:00,261.665,262.41,261.665,262.34,8775
2022-04-06 15:00:00,262.35,262.67,262.35,262.46,7929
2022-04-06 15:05:00,262.39,262.53,262.1,262.47,10578
2022-04-06 15:10:00,262.56,263.06,262.522,262.845,17887
2022-04-06 15:15:00,262.835,263.14,262.62,262.62,11525
2022-04-06 15:20:00,262.66,262.665,262.19,262.38,8495
2022-04-06 15:25:00,262.43,262.47,261.965,262.08,10617
2022-04-06 15:30:00,261.98,262.24,261.651,262.06,13527
2022-04-06 15:35:00,262.01,262.54,261.9,262.43,14149
2022-04-06 15:40:00,262.43,262.94,262.2,262.865,17728
2022-04-06 15:45:00,262.78,263.51,262.71,263.191,30055
2022-04-06 15:50:00,263.24,263.65,262.78,262.83,36498
2022-04-06 15:55:00,262.86,263.33,262.52,262.52,100139
2022-04-06 16:00:00,262.63,262.63,262.63,262.63,188640
2022-04-06 16:20:00,262.63,262.63,262.63,262.63,566
2022-04-06 16:30:00,262.63,262.63,262.63,262.63,12006
2022-04-06 17:05:00,262.63,262.63,262.63,262.63,307
2022-04-07 09:30:00,261.26,261.26,260.34,260.78,17122
2022-04-07 09:35:00,260.44,261.93,259.71,261.87,8737
2022-04-07 09:40:00,261.965,261.965,260.97,260.97,6544
2022-04-07 09:45:00,260.86,261.22,260.235,260.77,7175
2022-04-07 09:50:00,260.81,261.39,260.51,261.04,5861
2022-04-07 09:55:00,261.065,261.57,260.88,261.365,6554
2022-04-07 10:00:00,261.2,261.25,259.07,259.07,4584
2022-04-07 10:05:00,259.2,259.65,259.04,259.65,8225
2022-04-07 10:10:00,259.3,259.44,258.96,259.44,3410
2022-04-07 10:15:00,259.435,260.23,259.3,260.22,11405
2022-04-07 10:20:00,260.07,260.07,258.465,258.5,7065
2022-04-07 10:25:00,258.465,259.245,258.365,258.62,10250
2022-04-07 10:30:00,258.85,259.855,258.85,259.59,6154
2022-04-07 10:35:00,259.53,259.64,258.965,259.32,10721
2022-04-07 10:40:00,259.28,259.28,258.63,259.07,3714
2022-04-07 10:45:00,259.06,259.58,259.06,259.53,3236
2022-04-07 10:50:00,259.57,259.945,259.39,259.48,7593
2022-04-07 10:55:00,259.56,259.71,259.15,259.71,4532
2022-04-07 11:00:00,259.71,260.06,259.315,259.64,9627
2022-04-07 11:05:00,259.7,259.74,259.28,259.315,7467
2022-04-07 11:10:00,259.06,259.25,258.82,258.9,8218
2022-04-07 11:15:00,258.905,259.0,258.36,258.665,9513
2022-04-07 11:20:00,258.635,258.9,258.47,258.47,7810
2022-04-07 11:25:00,258.46,258.95,258.46,258.64,12147
2022-04-07 11:30:00,258.64,258.865,258.33,258.64,8503
2022-04-07 11:35:00,258.645,259.135,258.645,259.1,12933
2022-04-07 11:40:00,258.9701,259.59,258.9701,259.585,5690
2022-04-07 11:45:00,259.64,260.16,259.495,259.82,9245
2022-04-07 11:50:00,259.85,260.66,259.85,260.16,7506
2022-04-07 11:55:00,260.16,260.37,260.08,260.24,9378
2022-04-07 12:00:00,260.165,260.32,260.11,260.11,4970
2022-04-07 12:05:00,259.9985,260.27,259.97,260.18,5789
2022-04-07 12:10:00,260.26,260.88,260.26,260.73,4492
2022-04-07 12:15:00,260.745,261.29,260.66,261.29,10822
2022-04-07 12:20:00,261.19,261.5,261.15,261.24,6435
2022-04-07 12:25:00,261.04,261.15,260.68,260.68,2367
2022-04-07 12:30:00,260.66,260.885,260.64,260.885,8361
2022-04-07 12:35:00,260.9,261.45,260.8,261.045,8559
2022-04-07 12:40:00,260.99,261.14,260.89,260.9011,7925
2022-04-07 12:45:00,260.98,261.03,260.78,260.85,12076
2022-04-07 12:50:00,260.88,261.35,260.88,261.125,4732
2022-04-07 12:55:00,261.12,261.42,261.05,261.1,6697
2022-04-07 13:00:00,260.89,260.89,260.47,260.73,5773
2022-04-07 13:05:00,260.75,261.3213,260.735,261.28,5755
2022-04-07 13:10:00,261.23,261.91,261.23,261.64,4543
2022-04-07 13:15:00,261.645,262.25,261.645,262.18,5232
2022-04-07 13:20:00,262.29,262.47,262.24,262.401,5747
2022-04-07 13:25:00,262.41,262.68,262.34,262.34,8536
2022-04-07 13:30:00,262.25,262.39,262.0,262.33,5442
2022-04-07 13:35:00,262.325,262.62,262.265,262.3,28138
2022-04-07 13:40:00,262.32,262.4,262.21,262.225,7680
2022-04-07 13:45:00,262.24,262.395,261.965,262.02,11467
2022-04-07 13:50:00,261.99,262.18,261.85,262.135,10130
2022-04-07 13:55:00,262.11,263.13,262.11,263.13,9502
2022-04-07 14:00:00,262.97,263.35,262.97,263.11,4551
2022-04-07 14:05:00,262.92,262.92,262.6,262.65,4017
2022-04-07 14:10:00,262.65,263.064,262.65,263.015,5756
2022-04-07 14:15:00,262.965,262.965,262.265,262.43,6420
2022-04-07 14:20:00,262.35,262.8,262.35,262.7925,5426
2022-04-07 14:25:00,262.8,263.28,262.58,262.58,6680
2022-04-07 14:30:00,262.515,262.84,262.515,262.695,6243
2022-04-07 14:35:00,262.595,262.68,262.47,262.68,2437
2022-04-07 14:40:00,262.74,262.74,262.26,262.435,8690
2022-04-07 14:45:00,262.38,262.8,262.27,262.74,11595
2022-04-07 14:50:00,262.735,263.11,262.735,263.11,6790
2022-04-07 14:55:00,263.23,263.5,263.13,263.48,8798
2022-04-07 15:00:00,263.39,263.71,263.3,263.69,11571
2022-04-07 15:05:00,263.63,264.02,263.59,264.02,18022
2022-04-07 15:10:00,263.995,264.08,263.77,263.786,6490
2022-04-07 15:15:00,263.75,263.985,263.69,263.89,6948
2022-04-07 15:20:00,263.81,263.84,263.4682,263.51,12535
2022-04-07 15:25:00,263.56,263.93,263.56,263.88,5429
2022-04-07 15:30:00,263.94,264.185,263.88,264.1,9773
2022-04-07 15:35:00,264.12,264.12,263.61,263.91,10358
2022-04-07 15:40:00,263.89,264.03,263.66,263.985,10563
2022-04-07 15:45:00,263.95,264.21,263.665,263.895,17460
2022-04-07 15:50:00,263.76,263.96,263.39,263.45,22614
2022-04-07 15:55:00,263.38,263.87,263.3,263.83,134327
2022-04-07 16:00:00,263.83,263.83,263.83,263.83,279972
2022-04-07 16:30:00,263.83,263.83,263.83,263.83,115
2022-04-08 09:30:00,265.0,265.0,263.55,263.55,15603
2022-04-08 09:35:00,263.84,264.47,263.24,264.47,2687
2022-04-08 09:40:00,264.68,264.92,263.81,264.07,2520
2022-04-08 09:45:00,263.655,263.655,262.4,262.63,4041
2022-04-08 09:50:00,262.6,263.31,262.43,263.31,4800
2022-04-08 09:55:00,263.325,263.64,262.67,262.67,2967
2022-04-08 10:00:00,262.82,263.25,262.82,262.945,3202
2022-04-08 10:05:00,262.98,264.23,262.98,264.1,4951
2022-04-08 10:10:00,264.08,264.08,263.52,263.595,2318
2022-04-08 10:15:00,263.77,264.12,263.37,264.085,5715
2022-04-08 10:20:00,264.205,264.36,263.93,264.07,8685
2022-04-08 10:25:00,264.175,264.38,264.09,264.33,3109
2022-04-08 10:30:00,264.47,264.94,264.415,264.64,5144
2022-04-08 10:35:00,264.82,265.2,264.645,265.05,7427
2022-04-08 10:40:00,265.25,265.73,265.17,265.17,15230
2022-04-08 10:45:00,264.9325,265.22,264.745,264.975,3651
2022-04-08 10:50:00,264.9186,265.26,264.9186,265.065,3263
2022-04-08 10:55:00,265.01,265.87,264.94,265.87,5162
2022-04-08 11:00:00,265.84,266.055,265.69,265.86,3762
2022-04-08 11:05:00,265.72,265.75,265.1,265.29,5437
2022-04-08 11:10:00,265.23,265.61,265.03,265.56,5499
2022-04-08 11:15:00,265.57,266.19,265.57,265.96,5146
2022-04-08 11:20:00,265.87,265.92,265.53,265.72,3965
2022-04-08 11:25:00,265.6325,265.75,265.33,265.75,2903
2022-04-08 11:30:00,265.83,266.41,265.83,266.31,5245
2022-04-08 11:35:00,266.2899,266.29,265.52,265.71,3561
2022-04-08 11:40:00,265.73,265.8,265.615,265.72,3309
2022-04-08 11:45:00,265.42,265.76,265.42,265.45,4791
2022-04-08 11:50:00,265.45,265.53,264.65,264.65,3234
2022-04-08 11:55:00,264.52,265.475,264.52,265.29,3643
2022-04-08 12:00:00,265.03,265.435,265.03,265.23,4364
2022-04-08 12:05:00,265.14,265.435,264.87,265.36,12566
2022-04-08 12:10:00,265.292,265.55,264.89,265.33,8630
2022-04-08 12:15:00,265.34,265.61,265.14,265.55,5098
2022-04-08 12:20:00,265.5,265.72,265.41,265.66,4493
2022-04-08 12:25:00,265.73,266.125,265.71,265.89,4479
2022-04-08 12:30:00,265.93,265.97,264.965,265.245,4197
2022-04-08 12:35:00,265.08,265.27,265.0222,265.27,7183
2022-04-08 12:40:00,265.29,265.525,265.22,265.475,6980
2022-04-08 12:45:00,265.38,265.38,265.215,265.25,3164
2022-04-08 12:50:00,265.27,265.72,265.13,265.72,6193
2022-04-08 12:55:00,265.495,265.88,265.46,265.88,6673
2022-04-08 13:00:00,265.85,266.09,265.78,266.01,6683
2022-04-08 13:05:00,265.942,266.1,265.805,265.95,7802
2022-04-08 13:10:00,266.06,266.06,265.78,265.86,4451
2022-04-08 13:15:00,265.86,266.01,265.8,266.01,6763
2022-04-08 13:20:00,266.0,266.51,266.0,266.51,2909
2022-04-08 13:25:00,266.49,266.74,266.34,266.67,10093
2022-04-08 13:30:00,266.74,266.775,266.1224,266.255,8313
2022-04-08 13:35:00,266.24,266.315,265.995,265.995,879
2022-04-08 13:40:00,266.025,266.21,265.91,266.11,3900
2022-04-08 13:45:00,266.095,266.1,265.58,265.695,3400
2022-04-08 13:50:00,265.555,265.61,265.4,265.46,5151
2022-04-08 13:55:00,265.21,265.275,265.115,265.21,2828
2022-04-08 14:00:00,265.06,265.06,264.37,264.37,3990
2022-04-08 14:05:00,264.185,264.68,264.185,264.66,9322
2022-04-08 14:10:00,264.715,264.76,264.445,264.62,4000
2022-04-08 14:15:00,264.6,264.66,264.48,264.66,2321
2022-04-08 14:20:00,264.64,264.86,264.025,264.025,6027
2022-04-08 14:25:00,263.99,264.16,263.89,264.16,6557
2022-04-08 14:30:00,264.22,264.34,264.01,264.24,2807
2022-04-08 14:35:00,264.2,264.41,264.07,264.41,5356
2022-04-08 14:40:00,264.25,264.42,264.11,264.11,3185
2022-04-08 14:45:00,264.16,264.67,264.16,264.64,2563
2022-04-08 14:50:00,264.67,264.91,264.6678,264.83,3086
2022-04-08 14:55:00,264.78,264.885,264.44,264.58,4001
2022-04-08 15:00:00,264.48,264.53,264.2306,264.42,2309
2022-04-08 15:05:00,264.46,264.665,264.375,264.45,2829
2022-04-08 15:10:00,264.3813,264.94,264.3813,264.65,3912
2022-04-08 15:15:00,264.63,265.01,264.57,264.58,2706
2022-04-08 15:20:00,264.56,264.7,264.41,264.665,3918
2022-04-08 15:25:00,264.65,264.97,264.65,264.86,4179
2022-04-08 15:30:00,264.96,265.0,264.585,264.62,5127
2022-04-08 15:35:00,264.61,264.68,264.48,264.53,6448
2022-04-08 15:40:00,264.45,264.98,264.39,264.98,10548
2022-04-08 15:45:00,264.955,265.06,264.43,264.43,14175
2022-04-08 15:50:00,264.415,264.62,263.96,264.145,27365
2022-04-08 15:55:00,264.09,264.18,263.32,263.87,93333
2022-04-08 16:00:00,263.76,263.76,263.76,263.76,146973
2022-04-11 09:30:00,262.08,263.63,262.01,262.52,22734
2022-04-11 09:35:00,262.93,262.93,261.5,261.5,3703
2022-04-11 09:40:00,261.76,263.0,261.6,262.83,5348
2022-04-11 09:45:00,262.79,262.79,262.0342,262.69,4546
2022-04-11 09:50:00,262.69,263.63,262.56,263.46,4104
2022-04-11 09:55:00,263.54,264.46,263.29,263.475,10945
2022-04-11 10:00:00,263.32,263.32,262.51,262.7,5504
2022-04-11 10:05:00,262.855,263.4725,262.45,263.0,6932
2022-04-11 10:10:00,263.11,263.44,262.31,262.46,4626
2022-04-11 10:15:00,262.48,262.58,261.23,261.32,5120
2022-04-11 10:20:00,261.3,262.48,261.3,262.09,14585
2022-04-11 10:25:00,261.94,262.02,261.55,261.97,5828
2022-04-11 10:30:00,261.84,262.19,261.84,262.08,4272
2022-04-11 10:35:00,262.14,262.34,261.94,262.205,7408
2022-04-11 10:40:00,262.27,262.31,261.82,261.82,3369
2022-04-11 10:45:00,261.9,262.2,261.79,261.985,7454
2022-04-11 10:50:00,262.095,262.505,262.08,262.2,3707
2022-04-11 10:55:00,262.16,262.38,261.95,262.38,4615
2022-04-11 11:00:00,262.16,262.29,261.75,261.825,2411
2022-04-11 11:05:00,261.84,261.84,261.54,261.71,12341
2022-04-11 11:10:00,261.605,261.96,261.605,261.955,4038
2022-04-11 11:15:00,262.05,262.1,261.8,262.01,2936
2022-04-11 11:20:00,261.82,261.96,261.64,261.9,4712
2022-04-11 11:25:00,261.865,262.47,261.865,262.25,6539
2022-04-11 11:30:00,262.23,262.27,261.93,261.95,10086
2022-04-11 11:35:00,262.04,262.255,261.88,261.895,2376
2022-04-11 11:40:00,261.75,261.93,261.55,261.9,4812
2022-04-11 11:45:00,261.84,261.87,261.55,261.79,5132
2022-04-11 11:50:00,261.79,262.015,261.715,261.825,1500
2022-04-11 11:55:00,261.77,261.99,261.7,261.74,3069
2022-04-11 12:00:00,261.82,262.1,261.82,261.915,3415
2022-04-11 12:05:00,262.01,262.18,261.73,261.99,3938
2022-04-11 12:10:00,262.0501,262.19,261.95,262.05,1283
2022-04-11 12:15:00,262.02,262.02,261.8601,261.985,1849
2022-04-11 12:20:00,262.13,262.18,261.9301,262.145,3530
2022-04-11 12:25:00,262.1,262.31,262.04,262.13,2677
2022-04-11 12:30:00,262.015,262.035,261.86,261.97,1137
2022-04-11 12:35:00,262.02,262.045,261.6501,261.9101,2002
2022-04-11 12:40:00,261.82,261.82,261.5601,261.755,4120
2022-04-11 12:45:00,261.7228,261.84,261.55,261.7,3357
2022-04-11 12:50:00,261.8284,261.8284,261.55,261.59,3757
2022-04-11 12:55:00,261.585,261.73,261.55,261.6,3886
2022-04-11 13:00:00,261.78,261.9,261.55,261.82,4724
2022-04-11 13:05:00,261.7701,261.95,261.64,261.815,2456
2022-04-11 13:10:00,261.8,261.88,261.72,261.82,4881
2022-04-11 13:15:00,261.83,261.92,261.67,261.84,3548
2022-04-11 13:20:00,261.89,261.89,261.56,261.56,937
2022-04-11 13:25:00,261.68,261.72,261.55,261.62,10704
2022-04-11 13:30:00,261.6,261.84,261.6,261.84,2100
2022-04-11 13:35:00,261.7501,261.8457,261.55,261.775,2465
2022-04-11 13:40:00,261.86,262.2,261.825,261.885,5158
2022-04-11 13:45:00,261.905,262.09,261.88,262.08,2300
2022-04-11 13:50:00,262.07,262.12,261.95,262.005,3228
2022-04-11 13:55:00,262.09,262.24,261.94,262.12,3235
2022-04-11 14:00:00,262.11,262.11,261.76,261.85,2818
2022-04-11 14:05:00,261.82,262.25,261.8101,262.17,2786
2022-04-11 14:10:00,262.13,262.235,261.8,261.8,1381
2022-04-11 14:15:00,261.85,261.9,261.57,261.8301,2650
2022-04-11 14:20:00,261.83,262.05,261.74,262.045,3816
2022-04-11 14:25:00,262.02,262.13,261.99,262.09,1884
2022-04-11 14:30:00,261.98,262.22,261.83,262.22,4743
2022-04-11 14:35:00,262.06,262.16,262.0101,262.16,2153
2022-04-11 14:40:00,262.33,262.33,262.0,262.1,1953
2022-04-11 14:45:00,262.13,262.21,261.9701,262.0801,3226
2022-04-11 14:50:00,262.185,262.4,262.1101,262.28,2747
2022-04-11 14:55:00,262.35,262.42,262.2301,262.35,1664
2022-04-11 15:00:00,262.39,262.54,262.07,262.07,2517
2022-04-11 15:05:00,262.14,262.19,262.025,262.0401,1528
2022-04-11 15:10:00,262.18,262.24,261.925,262.0744,2214
2022-04-11 15:15:00,262.1,262.1,261.88,261.975,3331
2022-04-11 15:20:00,261.935,262.01,261.84,262.01,3464
2022-04-11 15:25:00,261.99,261.99,261.61,261.72,4513
2022-04-11 15:30:00,261.68,261.73,261.55,261.5601,7485
2022-04-11 15:35:00,261.55,261.835,261.55,261.6,8811
2022-04-11 15:40:00,261.565,261.95,261.49,261.765,9321
2022-04-11 15:45:00,261.72,261.74,261.48,261.5,15957
2022-04-11 15:50:00,261.32,261.74,261.115,261.22,29362
2022-04-11 15:55:00,261.2,261.28,260.73,261.28,69316
2022-04-11 16:00:00,261.1,261.1,261.1,261.1,118322
2022-04-12 09:30:00,262.99,263.3112,260.3,260.61,18822
2022-04-12 09:35:00,260.87,263.585,260.665,263.105,7083
2022-04-12 09:40:00,263.35,264.325,263.35,264.08,2926
2022-04-12 09:45:00,263.86,265.2,263.86,264.3595,7783
2022-04-12 09:50:00,264.6,264.95,264.055,264.055,6998
2022-04-12 09:55:00,263.8,263.8,263.4918,263.655,590
2022-04-12 10:00:00,263.77,263.948,263.37,263.61,3422
2022-04-12 10:05:00,263.63,264.15,263.63,264.13,3160
2022-04-12 10:10:00,263.945,264.16,263.6273,263.89,4297
2022-04-12 10:15:00,264.09,264.12,263.49,263.49,1876
2022-04-12 10:20:00,263.43,263.93,263.43,263.86,1401
2022-04-12 10:25:00,263.87,264.08,263.38,263.44,3692
2022-04-12 10:30:00,263.51,263.83,263.41,263.83,3009
2022-04-12 10:35:00,263.595,263.595,262.33,262.57,7166
2022-04-12 10:40:00,262.57,262.6294,262.24,262.34,3240
2022-04-12 10:45:00,262.28,262.28,262.025,262.155,2577
2022-04-12 10:50:00,262.34,262.719,262.0136,262.65,4365
2022-04-12 10:55:00,262.661,262.77,262.28,262.43,2292
2022-04-12 11:00:00,262.6,262.67,262.18,262.27,3700
2022-04-12 11:05:00,262.39,262.6,262.19,262.25,3032
2022-04-12 11:10:00,262.21,262.75,262.11,262.75,2200
2022-04-12 11:15:00,262.78,262.93,262.54,262.92,5998
2022-04-12 11:20:00,263.17,263.17,262.72,262.72,2474
2022-04-12 11:25:00,262.96,263.22,262.64,262.796,3070
2022-04-12 11:30:00,262.83,263.05,262.43,262.43,3798
2022-04-12 11:35:00,262.82,262.82,262.08,262.2,2411
2022-04-12 11:40:00,262.26,262.449,262.26,262.2808,668
2022-04-12 11:45:00,262.04,262.23,262.04,262.15,1701
2022-04-12 11:50:00,262.17,262.3812,262.155,262.3812,1624
2022-04-12 11:55:00,262.33,262.45,261.97,261.97,4632
2022-04-12 12:00:00,262.04,262.29,261.93,261.93,2849
2022-04-12 12:05:00,262.16,262.22,261.731,261.731,3906
2022-04-12 12:10:00,261.774,261.774,261.53,261.7105,1407
2022-04-12 12:15:00,261.83,262.019,261.585,261.585,1924
2022-04-12 12:20:00,261.58,261.65,261.3,261.455,1640
2022-04-12 12:25:00,261.02,261.02,260.69,260.69,500
2022-04-12 12:30:00,260.7,260.884,260.5,260.5,3834
2022-04-12 12:35:00,260.47,260.71,260.47,260.71,1486
2022-04-12 12:40:00,260.22,260.6066,260.15,260.1701,3695
2022-04-12 12:45:00,260.02,260.19,259.985,260.17,2135
2022-04-12 12:50:00,260.37,260.5298,259.7101,260.0,3731
2022-04-12 12:55:00,259.92,260.05,259.69,259.72,3587
2022-04-12 13:00:00,259.656,259.76,259.19,259.2258,1844
2022-04-12 13:05:00,259.44,259.48,259.385,259.385,1250
2022-04-12 13:10:00,259.42,259.93,259.39,259.43,2489
2022-04-12 13:15:00,259.56,259.64,259.36,259.594,1912
2022-04-12 13:20:00,259.75,259.82,259.335,259.54,2710
2022-04-12 13:25:00,259.54,259.6,259.39,259.39,1156
2022-04-12 13:30:00,259.3,259.67,259.12,259.55,2890
2022-04-12 13:35:00,259.53,259.59,259.14,259.14,2290
2022-04-12 13:40:00,259.15,259.22,258.83,258.865,6208
2022-04-12 13:45:00,258.785,258.861,258.35,258.485,6563
2022-04-12 13:50:00,258.5,258.53,258.01,258.305,4961
2022-04-12 13:55:00,258.385,258.4992,257.975,258.105,9465
2022-04-12 14:00:00,257.93,258.02,257.41,257.77,13912
2022-04-12 14:05:00,257.73,257.92,257.64,257.7013,3513
2022-04-12 14:10:00,257.74,257.74,257.23,257.2575,1611
2022-04-12 14:15:00,257.11,257.17,256.77,257.04,3250
2022-04-12 14:20:00,256.9929,257.32,256.9201,257.11,5329
2022-04-12 14:25:00,257.09,257.43,256.87,257.3,3750
2022-04-12 14:30:00,257.29,257.34,256.9,257.265,2447
2022-04-12 14:35:00,257.23,257.405,257.205,257.3343,2239
2022-04-12 14:40:00,257.17,257.24,256.905,256.96,1043
2022-04-12 14:45:00,257.09,257.525,257.09,257.38,2883
2022-04-12 14:50:00,257.285,257.62,257.12,257.56,3511
2022-04-12 14:55:00,257.46,257.99,257.28,257.54,16930
2022-04-12 15:00:00,257.45,257.61,256.68,257.0,5397
2022-04-12 15:05:00,256.88,256.95,256.41,256.41,6192
2022-04-12 15:10:00,256.35,256.38,256.16,256.26,3531
2022-04-12 15:15:00,255.98,256.185,255.84,256.16,6804
2022-04-12 15:20:00,256.24,256.52,256.03,256.475,7604
2022-04-12 15:25:00,256.395,256.47,256.03,256.2,2978
2022-04-12 15:30:00,256.17,256.25,255.95,256.08,5886
2022-04-12 15:35:00,255.99,256.72,255.94,256.6,6336
2022-04-12 15:40:00,256.55,256.76,256.36,256.449,12711
2022-04-12 15:45:00,256.335,257.035,256.29,256.834,13374
2022-04-12 15:50:00,256.73,257.04,256.565,256.91,14951
2022-04-12 15:55:00,256.98,257.16,256.54,256.94,45268
2022-04-12 16:00:00,256.95,256.95,256.95,256.95,92620
2022-04-12 16:20:00,256.95,256.95,256.95,256.95,419
2022-04-12 16:25:00,256.95,256.95,256.95,256.95,7794
2022-04-13 08:00:00,256.95,256.95,256.95,256.95,100
2022-04-13 08:10:00,256.95,256.95,256.95,256.95,100
2022-04-13 08:25:00,256.6,256.6,256.6,256.6,100
2022-04-13 08:40:00,256.95,256.95,256.94,256.95,1500
2022-04-13 09:15:00,256.95,256.95,256.95,256.95,100
2022-04-13 09:20:00,256.95,256.95,256.95,256.95,400
2022-04-13 09:25:00,256.95,257.35,256.95,257.35,850
2022-04-13 09:30:00,255.74,257.27,254.225,256.59,27435
2022-04-13 09:35:00,256.7,257.92,256.34,256.86,4800
2022-04-13 09:40:00,257.14,257.35,256.09,256.805,8028
2022-04-13 09:45:00,256.965,257.59,256.74,257.02,7611
2022-04-13 09:50:00,257.05,257.73,256.8,257.01,11770
2022-04-13 09:55:00,256.61,256.7138,255.96,256.06,6197
2022-04-13 10:00:00,255.78,255.83,255.33,255.33,6218
2022-04-13 10:05:00,255.55,256.03,255.09,255.26,5129
2022-04-13 10:10:00,255.1,255.24,254.68,254.8983,5764
2022-04-13 10:15:00,254.97,255.42,254.97,255.28,3866
2022-04-13 10:20:00,255.33,255.6442,255.01,255.47,2116
2022-04-13 10:25:00,255.54,255.81,255.42,255.44,8301
2022-04-13 10:30:00,255.3,256.0,255.11,255.12,23646
2022-04-13 10:35:00,255.175,255.83,255.1,255.51,6504
2022-04-13 10:40:00,255.49,256.98,255.31,256.98,9787
2022-04-13 10:45:00,256.885,257.3754,256.5,256.56,13953
2022-04-13 10:50:00,256.68,256.68,256.3,256.3,4591
2022-04-13 10:55:00,256.18,256.7,256.06,256.69,2744
2022-04-13 11:00:00,256.5883,257.4,256.37,257.31,12724
2022-04-13 11:05:00,257.46,257.54,257.04,257.36,3990
2022-04-13 11:10:00,257.37,257.96,257.26,257.875,8054
2022-04-13 11:15:00,257.83,258.3,257.77,257.82,11153
2022-04-13 11:20:00,257.75,257.91,257.56,257.64,4595
2022-04-13 11:25:00,257.72,257.87,257.7,257.8,2426
2022-04-13 11:30:00,257.83,258.11,257.78,257.93,4135
2022-04-13 11:35:00,257.94,258.05,257.78,258.0,9914
2022-04-13 11:40:00,257.89,257.95,257.41,257.63,4203
2022-04-13 11:45:00,257.55,257.72,257.215,257.72,5914
2022-04-13 11:50:00,257.64,258.0,257.4912,258.0,8495
2022-04-13 11:55:00,257.845,257.97,257.3375,257.69,4492
2022-04-13 12:00:00,257.62,258.29,257.62,258.205,8987
2022-04-13 12:05:00,258.115,258.12,257.655,258.04,7078
2022-04-13 12:10:00,257.91,258.38,257.85,258.3,7064
2022-04-13 12:15:00,258.32,258.32,257.785,258.01,12535
2022-04-13 12:20:00,257.91,258.51,257.91,258.51,6172
2022-04-13 12:25:00,258.47,258.5104,258.06,258.41,4222
2022-04-13 12:30:00,258.445,258.6,258.445,258.55,1865
2022-04-13 12:35:00,258.63,259.36,258.46,258.915,25192
2022-04-13 12:40:00,258.92,259.505,258.92,259.45,8453
2022-04-13 12:45:00,259.46,259.475,259.16,259.475,6038
2022-04-13 12:50:00,259.5,259.5,259.23,259.405,4226
2022-04-13 12:55:00,259.39,259.43,259.3,259.43,2093
2022-04-13 13:00:00,259.41,259.56,259.26,259.56,3349
2022-04-13 13:05:00,259.37,259.54,259.16,259.27,2528
2022-04-13 13:10:00,259.265,259.72,259.265,259.46,13884
2022-04-13 13:15:00,259.505,259.56,259.39,259.415,8933
2022-04-13 13:20:00,259.48,259.59,259.22,259.4,10782
2022-04-13 13:25:00,259.4,259.41,259.09,259.365,5065
2022-04-13 13:30:00,259.18,259.18,258.77,258.77,1539
2022-04-13 13:35:00,258.8,258.8,258.5,258.77,4131
2022-04-13 13:40:00,258.78,258.78,258.65,258.7,1650
2022-04-13 13:45:00,258.7,258.8,258.61,258.73,4872
2022-04-13 13:50:00,258.82,258.82,258.48,258.72,14881
2022-04-13 13:55:00,258.705,258.91,258.56,258.91,4395
2022-04-13 14:00:00,258.83,258.85,258.59,258.63,7058
2022-04-13 14:05:00,258.67,258.86,258.61,258.78,3987
2022-04-13 14:10:00,258.82,259.047,258.62,258.92,12670
2022-04-13 14:15:00,258.89,259.0,258.69,258.873,3110
2022-04-13 14:20:00,258.9,258.97,258.56,258.66,6510
2022-04-13 14:25:00,258.7,258.7,258.18,258.315,3597
2022-04-13 14:30:00,258.34,258.4847,258.34,258.385,3766
2022-04-13 14:35:00,258.44,258.55,258.37,258.55,4791
2022-04-13 14:40:00,258.46,258.62,258.26,258.34,14076
2022-04-13 14:45:00,258.31,258.76,258.28,258.695,4960
2022-04-13 14:50:00,258.75,258.94,258.74,258.77,3086
2022-04-13 14:55:00,258.75,259.09,258.7,258.78,4511
2022-04-13 15:00:00,258.81,258.85,258.645,258.775,3606
2022-04-13 15:05:00,258.83,259.17,258.82,259.12,2898
2022-04-13 15:10:00,259.13,259.13,258.93,259.035,3262
2022-04-13 15:15:00,258.99,259.22,258.92,259.08,5056
2022-04-13 15:20:00,259.06,259.06,258.93,258.99,3371
2022-04-13 15:25:00,259.0,259.0,258.83,258.91,3943
2022-04-13 15:30:00,258.83,258.995,258.76,258.995,5735
2022-04-13 15:35:00,258.97,259.14,258.75,258.85,6962
2022-04-13 15:40:00,258.85,258.92,258.69,258.77,7127
2022-04-13 15:45:00,258.86,259.0,258.715,258.94,14491
2022-04-13 15:50:00,258.94,258.97,258.185,258.23,18021
2022-04-13 15:55:00,258.27,258.43,257.95,258.3,70760
2022-04-13 16:00:00,258.4,258.4,258.4,258.4,185117
2022-04-14 09:25:00,258.74,258.74,258.74,258.74,100
2022-04-14 09:30:00,259.84,261.26,258.64,260.59,48240
2022-04-14 09:35:00,260.855,261.16,259.44,259.56,8122
2022-04-14 09:40:00,259.65,259.93,259.35,259.39,4404
2022-04-14 09:45:00,259.53,259.6,258.505,258.72,2401
2022-04-14 09:50:00,258.565,258.565,257.34,257.75,9027
2022-04-14 09:55:00,257.755,258.03,257.435,258.03,6334
2022-04-14 10:00:00,258.0302,258.28,257.765,257.82,5593
2022-04-14 10:05:00,257.64,257.78,255.68,255.97,8921
2022-04-14 10:10:00,256.08,256.96,256.055,256.78,9916
2022-04-14 10:15:00,256.67,256.8,256.4,256.53,13799
2022-04-14 10:20:00,256.45,256.98,256.26,256.26,4642
2022-04-14 10:25:00,256.23,256.74,256.075,256.62,4396
2022-04-14 10:30:00,256.57,256.67,256.13,256.27,3098
2022-04-14 10:35:00,256.14,256.46,256.11,256.3,6466
2022-04-14 10:40:00,256.16,257.19,256.11,257.16,6131
2022-04-14 10:45:00,257.3,257.76,256.975,257.34,10414
2022-04-14 10:50:00,257.235,257.76,257.17,257.76,5533
2022-04-14 10:55:00,257.8884,258.28,257.535,257.78,11900
2022-04-14 11:00:00,257.725,258.16,257.51,258.06,10424
2022-04-14 11:05:00,257.95,258.315,257.89,258.225,5484
2022-04-14 11:10:00,258.39,258.79,258.23,258.23,5146
2022-04-14 11:15:00,258.155,258.66,257.895,257.95,8871
2022-04-14 11:20:00,258.0,258.33,257.73,258.29,3006
2022-04-14 11:25:00,258.35,258.6,258.23,258.51,5047
2022-04-14 11:30:00,258.45,258.595,258.0,258.45,31778
2022-04-14 11:35:00,258.45,258.52,258.145,258.22,3433
2022-04-14 11:40:00,258.24,258.3,257.815,258.14,7321
2022-04-14 11:45:00,258.115,258.32,257.86,258.32,6069
2022-04-14 11:50:00,258.32,258.32,257.79,257.89,5073
2022-04-14 11:55:00,257.82,258.14,257.67,257.67,5907
2022-04-14 12:00:00,257.56,258.18,257.425,257.755,11132
2022-04-14 12:05:00,257.67,257.92,257.51,257.91,2220
2022-04-14 12:10:00,257.72,257.8,256.97,256.97,4598
2022-04-14 12:15:00,256.895,257.33,256.895,257.155,6024
2022-04-14 12:20:00,257.175,257.33,257.085,257.21,4463
2022-04-14 12:25:00,257.18,257.47,257.16,257.36,14338
2022-04-14 12:30:00,257.28,257.488,257.11,257.11,4897
2022-04-14 12:35:00,257.21,257.21,256.8,256.82,2147
2022-04-14 12:40:00,256.5,256.79,256.37,256.605,6409
2022-04-14 12:45:00,256.6,256.72,256.54,256.655,3312
2022-04-14 12:50:00,256.64,256.73,256.58,256.65,3777
2022-04-14 12:55:00,256.71,257.015,256.61,256.98,3721
2022-04-14 13:00:00,256.91,256.91,256.595,256.79,6218
2022-04-14 13:05:00,256.73,256.81,256.08,256.08,5734
2022-04-14 13:10:00,256.13,256.66,256.075,256.265,6680
2022-04-14 13:15:00,256.34,256.3912,255.605,255.77,15403
2022-04-14 13:20:00,255.76,256.13,255.51,255.55,3134
2022-04-14 13:25:00,255.63,255.81,255.63,255.81,2037
2022-04-14 13:30:00,255.87,256.02,255.79,255.88,3224
2022-04-14 13:35:00,256.02,256.18,255.82,255.82,2658
2022-04-14 13:40:00,255.84,256.23,255.7636,256.11,6033
2022-04-14 13:45:00,256.05,256.44,255.975,256.35,2509
2022-04-14 13:50:00,256.28,256.31,255.95,256.12,1601
2022-04-14 13:55:00,256.275,256.55,256.24,256.55,3062
2022-04-14 14:00:00,256.49,256.7,256.43,256.67,2225
2022-04-14 14:05:00,256.535,256.68,256.095,256.2,2428
2022-04-14 14:10:00,256.16,256.31,256.145,256.31,2515
2022-04-14 14:15:00,256.41,256.41,256.05,256.25,5841
2022-04-14 14:20:00,255.94,256.05,255.64,255.64,2288
2022-04-14 14:25:00,255.76,256.13,255.59,255.945,5722
2022-04-14 14:30:00,256.035,256.205,255.62,255.79,2881
2022-04-14 14:35:00,255.73,256.03,255.59,255.84,5911
2022-04-14 14:40:00,255.795,256.04,255.725,255.81,5171
2022-04-14 14:45:00,255.76,255.96,255.67,255.74,6008
2022-04-14 14:50:00,255.79,255.81,255.2,255.28,4038
2022-04-14 14:55:00,255.23,255.23,254.77,254.805,6157
2022-04-14 15:00:00,254.77,254.87,254.6,254.6,4818
2022-04-14 15:05:00,254.64,254.71,254.35,254.35,4748
2022-04-14 15:10:00,254.34,254.435,254.05,254.18,11109
2022-04-14 15:15:00,254.1698,254.58,254.1698,254.395,8664
2022-04-14 15:20:00,254.395,254.395,254.095,254.17,3754
2022-04-14 15:25:00,254.12,254.16,253.63,254.035,9328
2022-04-14 15:30:00,254.0,254.0,253.6,253.74,15121
2022-04-14 15:35:00,253.77,253.82,253.46,253.48,11752
2022-04-14 15:40:00,253.47,253.67,253.335,253.63,13850
2022-04-14 15:45:00,253.655,253.68,253.34,253.45,19815
2022-04-14 15:50:00,253.44,253.44,252.99,253.229,22838
2022-04-14 15:55:00,253.15,253.15,252.75,252.87,64558
2022-04-14 16:00:00,252.9,252.9,252.9,252.9,148104
