2022-04-01 04:00:00,131.56,131.56,131.56,131.56,100
2022-04-01 08:05:00,134.88,134.88,134.88,134.88,100
2022-04-01 08:15:00,133.0,133.0,133.0,133.0,140
2022-04-01 08:30:00,133.0,133.0,131.56,131.56,740
2022-04-01 09:00:00,132.3301,132.3301,132.33,132.33,200
2022-04-01 09:15:00,132.28,132.28,132.28,132.28,100
2022-04-01 09:25:00,131.78,131.78,131.78,131.78,500
2022-04-01 09:30:00,132.27,132.55,132.0,132.33,50110
2022-04-01 09:35:00,132.3,132.74,132.3,132.59,13648
2022-04-01 09:40:00,132.51,132.56,132.14,132.37,14119
2022-04-01 09:45:00,132.32,132.75,132.2572,132.63,16614
2022-04-01 09:50:00,132.56,132.64,132.18,132.58,6345
2022-04-01 09:55:00,132.4902,132.94,132.48,132.91,4669
2022-04-01 10:00:00,132.9,133.19,132.62,132.97,17765
2022-04-01 10:05:00,133.015,133.22,132.95,133.22,13387
2022-04-01 10:10:00,133.24,133.26,132.545,132.63,10232
2022-04-01 10:15:00,132.64,132.64,131.84,131.89,13758
2022-04-01 10:20:00,131.75,131.7999,131.44,131.46,12132
2022-04-01 10:25:00,131.47,131.5,131.2996,131.42,6786
2022-04-01 10:30:00,131.42,131.71,131.36,131.71,4655
2022-04-01 10:35:00,131.74,131.84,131.57,131.59,12239
2022-04-01 10:40:00,131.602,131.84,131.4966,131.8,17348
2022-04-01 10:45:00,131.825,132.2,131.825,132.065,12441
2022-04-01 10:50:00,132.04,132.21,131.97,132.09,7535
2022-04-01 10:55:00,132.15,132.155,131.68,131.72,5117
2022-04-01 11:00:00,131.64,131.875,131.64,131.79,4035
2022-04-01 11:05:00,131.745,132.24,131.745,132.23,9252
2022-04-01 11:10:00,132.15,132.18,131.99,132.025,8123
2022-04-01 11:15:00,132.07,132.28,132.015,132.25,4081
2022-04-01 11:20:00,132.29,132.5174,132.248,132.48,15534
2022-04-01 11:25:00,132.5408,132.71,132.52,132.59,6452
2022-04-01 11:30:00,132.6,132.65,132.44,132.56,6940
2022-04-01 11:35:00,132.52,132.53,132.15,132.28,16043
2022-04-01 11:40:00,132.2795,132.34,132.1401,132.27,15177
2022-04-01 11:45:00,132.21,132.43,132.21,132.35,7542
2022-04-01 11:50:00,132.345,132.65,132.32,132.56,17034
2022-04-01 11:55:00,132.53,132.53,132.155,132.215,7983
2022-04-01 12:00:00,132.11,132.145,132.01,132.01,4735
2022-04-01 12:05:00,132.01,132.02,131.8629,132.0,22612
2022-04-01 12:10:00,132.005,132.005,131.8,131.93,8138
2022-04-01 12:15:00,132.1,132.1,131.85,131.965,4764
2022-04-01 12:20:00,131.99,131.99,131.715,131.72,8342
2022-04-01 12:25:00,131.74,132.01,131.74,131.885,24379
2022-04-01 12:30:00,131.83,131.83,131.53,131.53,6098
2022-04-01 12:35:00,131.53,131.59,131.36,131.59,9184
2022-04-01 12:40:00,131.51,131.67,131.4708,131.67,7454
2022-04-01 12:45:00,131.6405,131.72,131.48,131.7,6733
2022-04-01 12:50:00,131.705,131.73,131.6243,131.73,4839
2022-04-01 12:55:00,131.71,131.79,131.65,131.7,6767
2022-04-01 13:00:00,131.71,131.71,131.53,131.57,2401
2022-04-01 13:05:00,131.6,131.73,131.53,131.55,4946
2022-04-01 13:10:00,131.5211,131.565,131.46,131.54,3115
2022-04-01 13:15:00,131.53,131.58,131.475,131.57,1864
2022-04-01 13:20:00,131.55,131.55,131.26,131.38,48503
2022-04-01 13:25:00,131.365,131.69,131.3,131.69,4589
2022-04-01 13:30:00,131.64,131.67,131.59,131.62,5558
2022-04-01 13:35:00,131.6,131.98,131.5711,131.86,6340
2022-04-01 13:40:00,131.84,132.08,131.84,131.92,2605
2022-04-01 13:45:00,131.84,131.96,131.7001,131.76,6797
2022-04-01 13:50:00,131.73,131.76,131.49,131.53,9930
2022-04-01 13:55:00,131.53,131.6675,131.53,131.585,5983
2022-04-01 14:00:00,131.6,131.78,131.56,131.77,2802
2022-04-01 14:05:00,131.78,131.95,131.75,131.88,10014
2022-04-01 14:10:00,131.86,131.86,131.68,131.765,13945
2022-04-01 14:15:00,131.77,131.835,131.72,131.73,3516
2022-04-01 14:20:00,131.7116,131.73,131.41,131.43,11035
2022-04-01 14:25:00,131.45,132.075,131.3,132.075,23153
2022-04-01 14:30:00,132.15,132.47,132.1,132.23,28231
2022-04-01 14:35:00,132.23,132.24,132.01,132.08,10767
2022-04-01 14:40:00,132.12,132.2799,132.08,132.1876,7005
2022-04-01 14:45:00,132.21,132.21,132.075,132.105,7800
2022-04-01 14:50:00,132.08,132.094,132.0183,132.085,8239
2022-04-01 14:55:00,132.16,132.2215,131.99,132.05,6702
2022-04-01 15:00:00,132.095,132.32,132.095,132.265,3763
2022-04-01 15:05:00,132.29,132.45,132.28,132.32,8855
2022-04-01 15:10:00,132.3497,132.41,132.236,132.3,12422
2022-04-01 15:15:00,132.355,132.355,132.05,132.05,10281
2022-04-01 15:20:00,132.05,132.16,131.91,132.09,6404
2022-04-01 15:25:00,132.12,132.295,132.11,132.295,5098
2022-04-01 15:30:00,132.33,132.345,132.145,132.2795,13111
2022-04-01 15:35:00,132.275,132.36,132.23,132.32,8776
2022-04-01 15:40:00,132.33,132.44,132.22,132.305,14388
2022-04-01 15:45:00,132.3,132.53,132.245,132.51,17481
2022-04-01 15:50:00,132.59,133.02,132.59,132.97,31203
2022-04-01 15:55:00,132.965,133.13,132.8,132.99,64284
2022-04-01 16:00:00,133.0,133.0,133.0,133.0,208267
2022-04-04 08:45:00,133.5,133.5,133.5,133.5,852
2022-04-04 09:10:00,134.15,134.15,134.15,134.15,136
2022-04-04 09:25:00,132.97,133.0,132.97,133.0,522
2022-04-04 09:30:00,132.61,133.0,131.635,131.78,33222
2022-04-04 09:35:00,131.8117,131.8953,131.42,131.52,15743
2022-04-04 09:40:00,131.525,131.78,131.42,131.5,16176
2022-04-04 09:45:00,131.35,131.66,131.145,131.648,8811
2022-04-04 09:50:00,131.69,132.12,131.61,132.12,6342
2022-04-04 09:55:00,132.15,132.5,132.13,132.33,13077
2022-04-04 10:00:00,132.255,132.2589,132.0328,132.11,5469
2022-04-04 10:05:00,132.125,132.42,132.01,132.17,14147
2022-04-04 10:10:00,132.11,132.16,131.9,132.07,9050
2022-04-04 10:15:00,132.09,132.235,131.66,131.81,12588
2022-04-04 10:20:00,131.8,132.49,131.8,132.43,8308
2022-04-04 10:25:00,132.33,132.54,132.31,132.415,7110
2022-04-04 10:30:00,132.4,132.53,132.1,132.1,12375
2022-04-04 10:35:00,132.0,132.18,131.95,132.0,6108
2022-04-04 10:40:00,132.0499,132.26,132.0,132.08,10473
2022-04-04 10:45:00,132.07,132.57,132.07,132.51,5858
2022-04-04 10:50:00,132.475,132.56,132.39,132.43,12731
2022-04-04 10:55:00,132.4,132.66,132.4,132.46,12732
2022-04-04 11:00:00,132.44,132.68,132.39,132.62,8199
2022-04-04 11:05:00,132.75,133.03,132.74,132.92,9493
2022-04-04 11:10:00,132.87,132.96,132.725,132.75,7011
2022-04-04 11:15:00,132.79,132.97,132.71,132.85,8920
2022-04-04 11:20:00,132.85,133.03,132.79,132.98,6866
2022-04-04 11:25:00,133.02,133.03,132.905,133.01,9278
2022-04-04 11:30:00,133.02,133.21,132.98,133.19,34138
2022-04-04 11:35:00,133.22,133.47,133.2,133.46,5972
2022-04-04 11:40:00,133.43,133.43,133.22,133.32,12463
2022-04-04 11:45:00,133.3,133.54,133.3,133.4003,4443
2022-04-04 11:50:00,133.39,133.52,133.38,133.445,5955
2022-04-04 11:55:00,133.55,133.75,133.55,133.61,10097
2022-04-04 12:00:00,133.59,133.63,133.44,133.59,8366
2022-04-04 12:05:00,133.58,133.59,133.41,133.44,7128
2022-04-04 12:10:00,133.435,133.58,133.435,133.55,9861
2022-04-04 12:15:00,133.57,133.7939,133.54,133.7939,7292
2022-04-04 12:20:00,133.82,133.8588,133.6915,133.6915,6854
2022-04-04 12:25:00,133.77,133.94,133.75,133.81,8527
2022-04-04 12:30:00,133.775,133.87,133.77,133.77,4835
2022-04-04 12:35:00,133.72,133.72,133.55,133.66,5515
2022-04-04 12:40:00,133.625,133.725,133.61,133.68,5253
2022-04-04 12:45:00,133.71,133.76,133.61,133.68,4730
2022-04-04 12:50:00,133.73,133.75,133.6,133.65,5372
2022-04-04 12:55:00,133.63,133.63,133.48,133.52,5289
2022-04-04 13:00:00,133.5,133.52,133.27,133.31,6384
2022-04-04 13:05:00,133.27,133.42,133.24,133.38,5480
2022-04-04 13:10:00,133.38,133.38,133.04,133.1297,8291
2022-04-04 13:15:00,133.09,133.3645,133.08,133.325,67110
2022-04-04 13:20:00,133.3,133.5201,133.28,133.44,62032
2022-04-04 13:25:00,133.39,133.42,133.27,133.35,18746
2022-04-04 13:30:00,133.315,133.7,133.28,133.595,10177
2022-04-04 13:35:00,133.585,133.79,133.58,133.69,13944
2022-04-04 13:40:00,133.69,133.85,133.65,133.82,12982
2022-04-04 13:45:00,133.85,133.85,133.66,133.66,5090
2022-04-04 13:50:00,133.67,133.88,133.67,133.85,3767
2022-04-04 13:55:00,133.87,134.11,133.87,134.04,10458
2022-04-04 14:00:00,134.06,134.17,134.03,134.135,6312
2022-04-04 14:05:00,134.15,134.2,133.99,134.03,10032
2022-04-04 14:10:00,134.0161,134.04,133.93,133.98,6207
2022-04-04 14:15:00,134.0,134.271,133.9798,134.27,10534
2022-04-04 14:20:00,134.26,134.26,134.09,134.11,7411
2022-04-04 14:25:00,134.1,134.19,134.05,134.08,11140
2022-04-04 14:30:00,134.07,134.18,133.97,134.18,6791
2022-04-04 14:35:00,134.1917,134.2,134.07,134.14,7645
2022-04-04 14:40:00,134.16,134.18,134.09,134.17,4805
2022-04-04 14:45:00,134.18,134.25,134.16,134.19,5411
2022-04-04 14:50:00,134.24,134.24,134.14,134.18,4071
2022-04-04 14:55:00,134.2,134.39,134.13,134.21,14889
2022-04-04 15:00:00,134.21,134.22,134.1,134.12,7953
2022-04-04 15:05:00,134.13,134.18,134.11,134.14,5533
2022-04-04 15:10:00,134.17,134.21,134.07,134.15,8267
2022-04-04 15:15:00,134.15,134.4223,134.15,134.37,11344
2022-04-04 15:20:00,134.4,134.6,134.4,134.54,17907
2022-04-04 15:25:00,134.54,134.58,134.47,134.52,11278
2022-04-04 15:30:00,134.53,134.55,134.4,134.41,12568
2022-04-04 15:35:00,134.42,134.5922,134.39,134.5,13768
2022-04-04 15:40:00,134.54,134.5701,134.48,134.5,9750
2022-04-04 15:45:00,134.5,134.75,134.465,134.66,22815
2022-04-04 15:50:00,134.71,134.89,134.5,134.59,42662
2022-04-04 15:55:00,134.57,134.705,134.43,134.54,108818
2022-04-04 16:00:00,134.53,134.53,134.53,134.53,233905
2022-04-04 17:35:00,134.55,134.55,134.55,134.55,100
2022-04-04 17:50:00,134.9888,134.9888,134.9888,134.9888,600
2022-04-04 19:05:00,134.53,134.53,134.53,134.53,100
2022-04-05 08:10:00,134.5,134.52,134.5,134.52,407
2022-04-05 09:05:00,134.032,134.032,134.032,134.032,100
2022-04-05 09:30:00,134.5,135.25,134.11,135.16,35407
2022-04-05 09:35:00,135.25,135.48,134.95,135.4076,8066
2022-04-05 09:40:00,135.5,135.63,135.0,135.07,9810
2022-04-05 09:45:00,135.09,135.09,134.3,134.325,8493
2022-04-05 09:50:00,134.31,134.57,134.26,134.4299,6222
2022-04-05 09:55:00,134.3543,134.379,134.105,134.18,6655
2022-04-05 10:00:00,134.21,134.2757,133.96,133.975,7809
2022-04-05 10:05:00,133.985,133.985,133.08,133.18,9233
2022-04-05 10:10:00,133.13,133.25,132.64,132.789,8691
2022-04-05 10:15:00,132.61,132.61,132.29,132.29,6986
2022-04-05 10:20:00,132.335,132.39,131.8112,131.95,10926
2022-04-05 10:25:00,131.9446,132.109,131.9215,132.0,8253
2022-04-05 10:30:00,132.015,132.24,131.97,132.02,11791
2022-04-05 10:35:00,132.02,132.12,131.94,132.0384,17211
2022-04-05 10:40:00,131.99,132.16,131.83,131.93,13875
2022-04-05 10:45:00,131.94,132.205,131.83,131.885,11164
2022-04-05 10:50:00,131.8736,132.28,131.8,132.14,10231
2022-04-05 10:55:00,132.12,132.1768,131.965,132.03,8460
2022-04-05 11:00:00,132.02,132.22,131.97,132.07,10136
2022-04-05 11:05:00,132.09,132.2084,131.985,132.189,7906
2022-04-05 11:10:00,132.165,132.31,132.03,132.2822,7924
2022-04-05 11:15:00,132.23,132.2556,131.9,131.98,10576
2022-04-05 11:20:00,131.9401,132.04,131.685,131.69,12983
2022-04-05 11:25:00,131.635,131.78,131.54,131.73,20073
2022-04-05 11:30:00,131.71,131.96,131.71,131.94,12385
2022-04-05 11:35:00,131.905,132.03,131.74,131.74,17799
2022-04-05 11:40:00,131.78,132.07,131.54,131.925,19432
2022-04-05 11:45:00,131.9018,132.2,131.74,132.0111,29294
2022-04-05 11:50:00,132.03,132.22,132.028,132.14,7979
2022-04-05 11:55:00,132.21,132.44,132.21,132.35,2559
2022-04-05 12:00:00,132.46,132.61,132.41,132.5508,7020
2022-04-05 12:05:00,132.62,132.735,132.62,132.695,1150
2022-04-05 12:10:00,132.71,132.81,132.6029,132.68,6324
2022-04-05 12:15:00,132.63,132.81,132.56,132.56,5617
2022-04-05 12:20:00,132.54,132.59,132.465,132.4948,3910
2022-04-05 12:25:00,132.53,132.72,132.4904,132.72,3855
2022-04-05 12:30:00,132.71,132.94,132.705,132.87,9397
2022-04-05 12:35:00,132.86,133.05,132.86,132.87,4589
2022-04-05 12:40:00,132.86,132.8648,132.7125,132.74,4757
2022-04-05 12:45:00,132.7303,132.76,132.65,132.73,7179
2022-04-05 12:50:00,132.75,132.83,132.71,132.83,2196
2022-04-05 12:55:00,132.83,133.0,132.74,133.0,9894
2022-04-05 13:00:00,132.97,132.97,132.785,132.83,1429
2022-04-05 13:05:00,132.79,133.0,132.79,133.0,5378
2022-04-05 13:10:00,133.0,133.0,132.77,132.89,3874
2022-04-05 13:15:00,132.9,133.15,132.9,133.13,4486
2022-04-05 13:20:00,133.18,133.24,133.13,133.13,2548
2022-04-05 13:25:00,133.03,133.03,132.89,132.9,3600
2022-04-05 13:30:00,132.91,133.005,132.88,132.9,2704
2022-04-05 13:35:00,132.895,133.03,132.85,132.98,2888
2022-04-05 13:40:00,132.95,133.07,132.9178,132.97,5475
2022-04-05 13:45:00,132.95,132.95,132.66,132.66,4210
2022-04-05 13:50:00,132.66,132.73,132.56,132.67,3353
2022-04-05 13:55:00,132.69,132.75,132.585,132.62,6002
2022-04-05 14:00:00,132.62,132.65,132.45,132.47,4647
2022-04-05 14:05:00,132.44,132.61,132.4301,132.511,3964
2022-04-05 14:10:00,132.57,132.65,132.57,132.5801,4523
2022-04-05 14:15:00,132.625,132.7699,132.625,132.7699,1769
2022-04-05 14:20:00,132.84,132.87,132.68,132.76,4922
2022-04-05 14:25:00,132.79,132.83,132.58,132.604,4032
2022-04-05 14:30:00,132.65,132.66,132.49,132.49,4091
2022-04-05 14:35:00,132.46,132.6,132.41,132.41,3313
2022-04-05 14:40:00,132.42,132.54,132.42,132.52,4411
2022-04-05 14:45:00,132.535,132.535,132.33,132.36,3765
2022-04-05 14:50:00,132.38,132.47,132.36,132.4,4775
2022-04-05 14:55:00,132.43,132.43,132.165,132.1795,9787
2022-04-05 15:00:00,132.22,132.25,132.105,132.16,4009
2022-04-05 15:05:00,132.07,132.08,132.01,132.03,13109
2022-04-05 15:10:00,132.05,132.05,131.76,131.8065,9478
2022-04-05 15:15:00,131.79,131.89,131.79,131.81,5450
2022-04-05 15:20:00,131.785,131.953,131.73,131.953,12400
2022-04-05 15:25:00,131.93,131.93,131.49,131.4935,18077
2022-04-05 15:30:00,131.48,131.48,131.1,131.115,18595
2022-04-05 15:35:00,131.095,131.095,130.8,130.81,28694
2022-04-05 15:40:00,130.84,130.88,130.7187,130.82,41278
2022-04-05 15:45:00,130.83,130.83,130.39,130.49,32237
2022-04-05 15:50:00,130.43,130.8899,130.43,130.69,44383
2022-04-05 15:55:00,130.74,130.78,130.31,130.64,122915
2022-04-05 16:00:00,130.58,130.58,130.58,130.58,415833
2022-04-05 17:20:00,130.62,130.62,130.62,130.62,200
2022-04-05 17:55:00,131.1,131.1,131.0,131.0,200
2022-04-05 18:05:00,131.0,131.0,131.0,131.0,100
2022-04-05 18:55:00,130.99,130.99,130.9,130.9,200
2022-04-05 19:00:00,130.82,130.82,130.82,130.82,103
2022-04-06 05:05:00,130.5,130.5,130.5,130.5,100
2022-04-06 05:50:00,130.0,130.0,130.0,130.0,1000
2022-04-06 07:30:00,129.63,129.63,129.63,129.63,195
2022-04-06 09:30:00,130.0,130.18,128.8,128.94,56643
2022-04-06 09:35:00,129.0,129.04,127.13,128.1791,77862
2022-04-06 09:40:00,128.15,128.26,127.87,127.95,11477
2022-04-06 09:45:00,127.94,128.43,127.75,127.75,17273
2022-04-06 09:50:00,127.74,127.84,127.34,127.84,34095
2022-04-06 09:55:00,127.81,127.9587,127.12,127.13,24838
2022-04-06 10:00:00,127.12,127.46,127.05,127.1,31159
2022-04-06 10:05:00,127.055,127.13,126.58,126.61,34862
2022-04-06 10:10:00,126.6001,126.96,126.53,126.82,21369
2022-04-06 10:15:00,126.825,127.29,126.825,127.18,34508
2022-04-06 10:20:00,127.15,127.67,127.09,127.66,14149
2022-04-06 10:25:00,127.665,127.71,127.13,127.155,33214
2022-04-06 10:30:00,127.12,127.89,127.0,127.55,59263
2022-04-06 10:35:00,127.55,127.7907,127.4837,127.6515,20281
2022-04-06 10:40:00,127.64,127.93,127.61,127.71,20214
2022-04-06 10:45:00,127.68,127.93,127.62,127.7,18286
2022-04-06 10:50:00,127.74,127.84,127.43,127.57,15711
2022-04-06 10:55:00,127.62,127.81,127.21,127.23,12013
2022-04-06 11:00:00,127.19,127.44,127.11,127.35,10305
2022-04-06 11:05:00,127.42,127.4325,127.195,127.24,7987
2022-04-06 11:10:00,127.23,127.23,126.85,126.94,12969
2022-04-06 11:15:00,126.96,127.05,126.77,126.805,13693
2022-04-06 11:20:00,126.79,126.84,126.62,126.64,15840
2022-04-06 11:25:00,126.62,126.72,126.46,126.56,13705
2022-04-06 11:30:00,126.5528,126.63,126.27,126.5,16570
2022-04-06 11:35:00,126.53,126.55,126.385,126.485,10226
2022-04-06 11:40:00,126.49,126.61,126.287,126.41,13601
2022-04-06 11:45:00,126.47,126.85,126.41,126.7566,7471
2022-04-06 11:50:00,126.82,126.95,126.73,126.91,4840
2022-04-06 11:55:00,126.93,126.93,126.8,126.9289,3974
2022-04-06 12:00:00,126.9,127.02,126.8,126.8,4427
2022-04-06 12:05:00,126.83,127.0,126.83,126.88,8116
2022-04-06 12:10:00,126.9,126.96,126.7,126.71,6342
2022-04-06 12:15:00,126.66,126.66,126.42,126.48,15129
2022-04-06 12:20:00,126.4468,126.63,126.275,126.63,8944
2022-04-06 12:25:00,126.6401,126.8647,126.63,126.86,3963
2022-04-06 12:30:00,126.86,127.11,126.8419,127.11,6849
2022-04-06 12:35:00,127.12,127.12,126.87,126.96,10905
2022-04-06 12:40:00,126.91,126.98,126.83,126.95,7967
2022-04-06 12:45:00,126.975,127.0,126.835,126.86,8763
2022-04-06 12:50:00,126.8153,126.94,126.735,126.8766,5824
2022-04-06 12:55:00,126.92,127.0,126.8585,126.9,7834
2022-04-06 13:00:00,126.86,126.945,126.78,126.9,5518
2022-04-06 13:05:00,126.9282,127.065,126.92,127.065,11232
2022-04-06 13:10:00,127.07,127.125,126.97,126.97,5647
2022-04-06 13:15:00,126.97,127.15,126.91,127.15,6854
2022-04-06 13:20:00,127.15,127.4487,127.15,127.44,7698
2022-04-06 13:25:00,127.45,127.46,127.26,127.311,9344
2022-04-06 13:30:00,127.28,127.65,127.24,127.65,19742
2022-04-06 13:35:00,127.693,127.693,127.535,127.64,4890
2022-04-06 13:40:00,127.69,127.78,127.6,127.73,11875
2022-04-06 13:45:00,127.7,127.7,127.5,127.58,3307
2022-04-06 13:50:00,127.56,127.73,127.55,127.66,3992
2022-04-06 13:55:00,127.66,127.67,127.43,127.475,3779
2022-04-06 14:00:00,127.42,128.15,127.16,128.03,20776
2022-04-06 14:05:00,127.96,127.96,127.34,127.39,12874
2022-04-06 14:10:00,127.375,127.43,127.08,127.08,14814
2022-04-06 14:15:00,127.04,127.1406,126.9,127.105,14127
2022-04-06 14:20:00,127.23,127.535,127.23,127.43,10826
2022-04-06 14:25:00,127.49,127.75,127.35,127.51,19170
2022-04-06 14:30:00,127.55,128.2,127.49,128.08,14895
2022-04-06 14:35:00,128.13,128.27,127.755,127.79,19578
2022-04-06 14:40:00,127.695,128.03,127.69,127.92,13460
2022-04-06 14:45:00,127.93,128.05,127.5675,127.59,23288
2022-04-06 14:50:00,127.59,127.71,127.505,127.67,10872
2022-04-06 14:55:00,127.73,127.95,127.73,127.921,15395
2022-04-06 15:00:00,127.96,128.075,127.83,128.03,12591
2022-04-06 15:05:00,127.995,127.995,127.66,127.8,9895
2022-04-06 15:10:00,127.81,127.97,127.725,127.89,10070
2022-04-06 15:15:00,127.895,127.9887,127.68,127.7382,31961
2022-04-06 15:20:00,127.7,127.76,127.4305,127.4305,5857
2022-04-06 15:25:00,127.51,127.53,127.32,127.39,19575
2022-04-06 15:30:00,127.365,127.56,127.2722,127.39,26352
2022-04-06 15:35:00,127.42,127.66,127.32,127.646,18478
2022-04-06 15:40:00,127.65,127.77,127.62,127.71,16104
2022-04-06 15:45:00,127.68,128.09,127.68,128.03,24617
2022-04-06 15:50:00,128.145,128.2,127.76,127.78,37176
2022-04-06 15:55:00,127.79,128.025,127.71,127.88,93925
2022-04-06 16:00:00,127.86,127.86,127.86,127.86,242656
2022-04-06 16:05:00,128.475,128.475,128.475,128.475,200
2022-04-06 16:20:00,127.5,127.5,127.5,127.5,119
2022-04-06 16:45:00,127.97,127.98,127.97,127.98,397
2022-04-06 18:55:00,128.0,128.0,128.0,128.0,200
2022-04-06 19:40:00,127.88,127.88,127.88,127.88,119
2022-04-07 07:05:00,128.2,128.2,128.2,128.2,390
2022-04-07 09:05:00,127.88,127.88,127.86,127.86,500
2022-04-07 09:30:00,127.42,127.52,126.5,126.635,42589
2022-04-07 09:35:00,126.73,126.81,126.43,126.7574,18819
2022-04-07 09:40:00,126.765,127.08,126.55,126.585,11814
2022-04-07 09:45:00,126.575,126.745,126.37,126.455,17347
2022-04-07 09:50:00,126.41,126.54,125.87,125.92,26712
2022-04-07 09:55:00,125.86,125.94,125.53,125.65,16922
2022-04-07 10:00:00,125.69,125.71,125.1,125.13,14407
2022-04-07 10:05:00,125.25,125.42,125.06,125.35,13452
2022-04-07 10:10:00,125.34,125.485,125.18,125.29,9209
2022-04-07 10:15:00,125.24,125.405,125.195,125.29,8164
2022-04-07 10:20:00,125.29,125.29,125.0,125.1,17758
2022-04-07 10:25:00,125.13,125.14,124.82,124.82,29532
2022-04-07 10:30:00,124.82,125.21,124.82,125.13,13536
2022-04-07 10:35:00,125.15,125.2,124.97,125.01,21327
2022-04-07 10:40:00,125.0224,125.0224,124.7621,124.98,11496
2022-04-07 10:45:00,125.03,125.03,124.79,124.83,13076
2022-04-07 10:50:00,124.8588,125.17,124.835,125.17,19623
2022-04-07 10:55:00,125.2,125.29,124.79,124.86,28526
2022-04-07 11:00:00,124.85,125.25,124.85,124.99,22021
2022-04-07 11:05:00,125.03,125.03,124.55,124.59,21781
2022-04-07 11:10:00,124.5899,124.5899,124.32,124.33,15755
2022-04-07 11:15:00,124.31,124.41,124.1967,124.41,7147
2022-04-07 11:20:00,124.38,124.61,124.34,124.49,15735
2022-04-07 11:25:00,124.5,124.6,124.37,124.4513,14532
2022-04-07 11:30:00,124.445,124.46,124.29,124.39,13868
2022-04-07 11:35:00,124.39,124.64,124.39,124.54,15055
2022-04-07 11:40:00,124.47,124.57,124.42,124.4612,22875
2022-04-07 11:45:00,124.44,124.636,124.41,124.44,9287
2022-04-07 11:50:00,124.41,124.5799,124.41,124.47,7542
2022-04-07 11:55:00,124.4486,124.64,124.2714,124.28,16543
2022-04-07 12:00:00,124.25,124.3,124.07,124.07,17662
2022-04-07 12:05:00,124.12,124.12,123.48,123.64,42686
2022-04-07 12:10:00,123.64,123.69,123.5501,123.63,22262
2022-04-07 12:15:00,123.61,123.67,123.55,123.67,26557
2022-04-07 12:20:00,123.65,123.78,123.65,123.75,16662
2022-04-07 12:25:00,123.76,123.76,123.54,123.65,17416
2022-04-07 12:30:00,123.6456,123.72,123.53,123.635,21108
2022-04-07 12:35:00,123.62,123.84,123.59,123.705,21216
2022-04-07 12:40:00,123.73,123.81,123.53,123.72,33126
2022-04-07 12:45:00,123.81,123.88,123.76,123.84,15716
2022-04-07 12:50:00,123.85,124.2691,123.83,124.15,14583
2022-04-07 12:55:00,124.159,124.4,124.1,124.37,11240
2022-04-07 13:00:00,124.35,124.85,124.35,124.78,7312
2022-04-07 13:05:00,124.74,124.81,124.505,124.7725,14209
2022-04-07 13:10:00,124.8182,125.23,124.81,125.2,19515
2022-04-07 13:15:00,125.08,125.11,124.97,125.085,14777
2022-04-07 13:20:00,125.09,125.34,124.92,124.9249,13022
2022-04-07 13:25:00,124.88,125.11,124.82,125.05,11608
2022-04-07 13:30:00,125.07,125.075,124.9,124.95,16509
2022-04-07 13:35:00,124.96,125.085,124.91,124.96,12185
2022-04-07 13:40:00,124.92,124.96,124.8287,124.85,7783
2022-04-07 13:45:00,124.8,124.93,124.79,124.86,9736
2022-04-07 13:50:00,124.8327,124.86,124.63,124.7,14873
2022-04-07 13:55:00,124.77,125.11,124.76,125.03,12644
2022-04-07 14:00:00,125.0,125.14,124.97,125.1234,13754
2022-04-07 14:05:00,125.1218,125.13,124.97,125.11,11607
2022-04-07 14:10:00,125.09,125.2109,125.04,125.16,18052
2022-04-07 14:15:00,125.18,125.18,124.91,124.92,43847
2022-04-07 14:20:00,124.92,125.04,124.92,125.04,8429
2022-04-07 14:25:00,125.06,125.39,125.0484,125.24,11349
2022-04-07 14:30:00,125.215,125.41,125.19,125.38,18049
2022-04-07 14:35:00,125.42,125.64,125.36,125.62,9931
2022-04-07 14:40:00,125.64,125.64,125.475,125.51,12099
2022-04-07 14:45:00,125.5,125.7,125.46,125.7,8403
2022-04-07 14:50:00,125.67,125.91,125.66,125.87,14861
2022-04-07 14:55:00,125.89,126.05,125.87,126.05,16798
2022-04-07 15:00:00,125.91,126.18,125.9,126.13,23783
2022-04-07 15:05:00,126.09,126.21,126.0,126.08,13404
2022-04-07 15:10:00,126.075,126.12,125.97,126.03,14218
2022-04-07 15:15:00,126.04,126.08,125.7433,125.82,17930
2022-04-07 15:20:00,125.79,125.8461,125.5,125.56,17171
2022-04-07 15:25:00,125.57,125.72,125.57,125.6274,12833
2022-04-07 15:30:00,125.66,125.89,125.64,125.89,15965
2022-04-07 15:35:00,125.88,125.88,125.73,125.88,14673
2022-04-07 15:40:00,125.89,126.13,125.83,126.13,23355
2022-04-07 15:45:00,126.12,126.16,125.765,125.9,90209
2022-04-07 15:50:00,125.88,125.9,125.59,125.68,45455
2022-04-07 15:55:00,125.68,125.75,125.4,125.54,99457
2022-04-07 16:00:00,125.51,125.51,125.51,125.51,369706
2022-04-07 16:20:00,125.6,125.6,125.6,125.6,100
2022-04-08 09:15:00,125.73,125.73,125.73,125.73,100
2022-04-08 09:25:00,126.36,126.38,126.36,126.38,200
2022-04-08 09:30:00,126.09,126.44,125.95,125.95,32341
2022-04-08 09:35:00,126.1,126.1,125.8,125.86,8976
2022-04-08 09:40:00,125.92,125.9825,125.7602,125.8214,11826
2022-04-08 09:45:00,125.84,125.85,125.575,125.81,5251
2022-04-08 09:50:00,125.775,125.82,125.485,125.82,4821
2022-04-08 09:55:00,125.78,125.97,125.7,125.92,8690
2022-04-08 10:00:00,125.88,125.88,125.63,125.87,5892
2022-04-08 10:05:00,125.83,126.28,125.83,126.26,7651
2022-04-08 10:10:00,126.175,126.22,126.06,126.06,3033
2022-04-08 10:15:00,126.12,126.15,125.97,126.0916,4050
2022-04-08 10:20:00,126.1,126.7,126.09,126.68,24578
2022-04-08 10:25:00,126.7,126.86,126.53,126.54,14382
2022-04-08 10:30:00,126.59,126.76,126.56,126.635,14187
2022-04-08 10:35:00,126.65,126.735,126.59,126.735,7265
2022-04-08 10:40:00,126.72,126.84,126.56,126.63,24364
2022-04-08 10:45:00,126.57,126.75,126.47,126.49,12166
2022-04-08 10:50:00,126.5,127.215,126.48,127.215,38257
2022-04-08 10:55:00,127.19,127.2543,127.13,127.24,11225
2022-04-08 11:00:00,127.26,127.5,127.21,127.31,10825
2022-04-08 11:05:00,127.34,127.36,127.23,127.25,15758
2022-04-08 11:10:00,127.22,127.45,127.1,127.4016,17690
2022-04-08 11:15:00,127.3956,127.45,127.26,127.4,19412
2022-04-08 11:20:00,127.35,127.36,127.09,127.16,11575
2022-04-08 11:25:00,127.09,127.18,127.0,127.05,8811
2022-04-08 11:30:00,127.04,127.25,127.04,127.12,10747
2022-04-08 11:35:00,127.1,127.1,126.79,126.8534,17759
2022-04-08 11:40:00,126.87,127.05,126.84,126.93,10398
2022-04-08 11:45:00,126.92,126.99,126.87,126.88,11416
2022-04-08 11:50:00,126.88,127.01,126.87,126.9,9101
2022-04-08 11:55:00,126.86,127.01,126.83,126.8901,11729
2022-04-08 12:00:00,126.85,127.03,126.84,127.015,10964
2022-04-08 12:05:00,127.0,127.04,126.97,127.03,6873
2022-04-08 12:10:00,127.02,127.1,126.93,127.0082,7908
2022-04-08 12:15:00,127.01,127.09,127.0,127.08,10949
2022-04-08 12:20:00,127.09,127.3695,127.05,127.355,4784
2022-04-08 12:25:00,127.36,127.4233,127.33,127.34,21387
2022-04-08 12:30:00,127.34,127.34,127.2317,127.31,13929
2022-04-08 12:35:00,127.37,127.59,127.37,127.515,14882
2022-04-08 12:40:00,127.505,127.57,127.41,127.57,6658
2022-04-08 12:45:00,127.56,127.565,127.465,127.49,8408
2022-04-08 12:50:00,127.505,127.53,127.42,127.485,7931
2022-04-08 12:55:00,127.51,127.51,127.24,127.26,5289
2022-04-08 13:00:00,127.255,127.255,126.85,126.96,12591
2022-04-08 13:05:00,127.005,127.005,126.8829,126.95,5162
2022-04-08 13:10:00,126.95,127.02,126.93,126.96,4620
2022-04-08 13:15:00,126.99,127.0909,126.985,127.05,5125
2022-04-08 13:20:00,127.07,127.1914,127.0,127.0,3769
2022-04-08 13:25:00,127.01,127.13,126.99,127.01,4325
2022-04-08 13:30:00,127.01,127.2,126.985,127.14,6020
2022-04-08 13:35:00,127.12,127.2,127.05,127.1525,4243
2022-04-08 13:40:00,127.13,127.22,127.08,127.19,6969
2022-04-08 13:45:00,127.17,127.37,127.13,127.37,9435
2022-04-08 13:50:00,127.35,127.36,127.2204,127.275,7746
2022-04-08 13:55:00,127.27,127.28,127.19,127.28,2678
2022-04-08 14:00:00,127.2673,127.42,127.25,127.34,7476
2022-04-08 14:05:00,127.37,127.6548,127.31,127.6548,26008
2022-04-08 14:10:00,127.72,127.73,127.59,127.6821,6554
2022-04-08 14:15:00,127.64,127.81,127.6101,127.79,8966
2022-04-08 14:20:00,127.82,128.14,127.8,127.86,15147
2022-04-08 14:25:00,127.85,127.85,127.57,127.595,13342
2022-04-08 14:30:00,127.63,127.705,127.54,127.63,8068
2022-04-08 14:35:00,127.65,127.8,127.59,127.76,7172
2022-04-08 14:40:00,127.76,127.94,127.76,127.92,12566
2022-04-08 14:45:00,127.935,128.05,127.89,128.05,8808
2022-04-08 14:50:00,128.06,128.21,128.03,128.19,7366
2022-04-08 14:55:00,128.2395,128.3691,128.12,128.25,20195
2022-04-08 15:00:00,128.24,128.24,128.05,128.195,11959
2022-04-08 15:05:00,128.21,128.3,128.14,128.2716,10081
2022-04-08 15:10:00,128.32,128.47,128.25,128.4,12887
2022-04-08 15:15:00,128.42,128.52,128.355,128.395,15071
2022-04-08 15:20:00,128.39,128.47,128.33,128.415,13237
2022-04-08 15:25:00,128.42,128.475,128.345,128.405,9145
2022-04-08 15:30:00,128.43,128.47,128.11,128.12,12125
2022-04-08 15:35:00,128.11,128.19,128.05,128.07,15147
2022-04-08 15:40:00,128.07,128.12,128.0,128.1,15604
2022-04-08 15:45:00,128.11,128.15,127.8816,127.91,25822
2022-04-08 15:50:00,127.91,127.94,127.625,127.66,31673
2022-04-08 15:55:00,127.64,127.64,127.17,127.49,139741
2022-04-08 16:00:00,127.47,127.47,127.47,127.47,222589
2022-04-08 16:30:00,127.4,127.4,127.4,127.4,100
2022-04-11 04:10:00,126.9,126.9,126.9,126.9,180
2022-04-11 06:15:00,126.9,126.9,126.9,126.9,133
2022-04-11 07:00:00,125.81,125.81,125.81,125.81,280
2022-04-11 08:30:00,126.15,126.15,126.15,126.15,199
2022-04-11 08:50:00,126.13,126.13,126.13,126.13,100
2022-04-11 09:30:00,127.22,127.71,126.33,126.615,25973
2022-04-11 09:35:00,126.84,127.35,126.65,126.98,16602
2022-04-11 09:40:00,126.99,127.3199,126.82,127.26,7900
2022-04-11 09:45:00,127.17,127.3281,127.06,127.235,3930
2022-04-11 09:50:00,127.495,127.5,127.1219,127.31,4468
2022-04-11 09:55:00,127.3231,127.96,127.23,127.7974,9565
2022-04-11 10:00:00,127.71,127.8,127.33,127.44,5647
2022-04-11 10:05:00,127.57,128.0784,127.5601,128.0784,7467
2022-04-11 10:10:00,128.1,128.59,128.0742,128.58,10077
2022-04-11 10:15:00,128.62,128.64,128.3101,128.595,10213
2022-04-11 10:20:00,128.52,129.1,128.51,128.92,11869
2022-04-11 10:25:00,128.95,129.025,128.57,128.63,5864
2022-04-11 10:30:00,128.56,128.87,128.51,128.67,5486
2022-04-11 10:35:00,128.765,128.81,128.42,128.42,20150
2022-04-11 10:40:00,128.43,128.6,128.4,128.57,7275
2022-04-11 10:45:00,128.59,128.77,128.57,128.64,7550
2022-04-11 10:50:00,128.695,128.79,128.61,128.685,9225
2022-04-11 10:55:00,128.62,128.655,128.3017,128.3017,2821
2022-04-11 11:00:00,128.3083,128.3083,127.82,127.93,9447
2022-04-11 11:05:00,127.84,127.855,127.49,127.63,13286
2022-04-11 11:10:00,127.71,128.0999,127.71,127.95,8354
2022-04-11 11:15:00,127.94,127.97,127.7801,127.84,5167
2022-04-11 11:20:00,127.86,127.86,127.7,127.7,1469
2022-04-11 11:25:00,127.5701,127.77,127.55,127.77,2288
2022-04-11 11:30:00,127.77,127.86,127.6991,127.6991,4165
2022-04-11 11:35:00,127.81,127.89,127.7,127.735,3724
2022-04-11 11:40:00,127.78,127.81,127.71,127.79,2701
2022-04-11 11:45:00,127.94,127.94,127.59,127.6099,2607
2022-04-11 11:50:00,127.49,127.49,127.289,127.3672,6477
2022-04-11 11:55:00,127.32,127.3891,127.176,127.32,4303
2022-04-11 12:00:00,127.36,127.4,127.2301,127.33,3980
2022-04-11 12:05:00,127.4,127.52,127.354,127.415,2258
2022-04-11 12:10:00,127.39,127.39,127.2439,127.2877,4121
2022-04-11 12:15:00,127.3,127.4,127.21,127.25,2418
2022-04-11 12:20:00,127.31,127.42,127.28,127.38,2895
2022-04-11 12:25:00,127.35,127.43,127.32,127.37,3123
2022-04-11 12:30:00,127.4,127.4,127.32,127.33,3872
2022-04-11 12:35:00,127.37,127.37,127.16,127.185,4534
2022-04-11 12:40:00,127.15,127.15,126.9455,126.97,2474
2022-04-11 12:45:00,126.93,127.03,126.9201,127.0,1712
2022-04-11 12:50:00,126.9601,127.07,126.76,126.761,5461
2022-04-11 12:55:00,126.77,126.96,126.6981,126.95,2498
2022-04-11 13:00:00,126.955,127.05,126.92,126.96,1369
2022-04-11 13:05:00,126.94,127.03,126.88,126.895,2100
2022-04-11 13:10:00,126.867,127.0,126.84,126.88,5318
2022-04-11 13:15:00,126.89,126.955,126.7496,126.915,4357
2022-04-11 13:20:00,126.93,127.02,126.93,127.0,3255
2022-04-11 13:25:00,127.13,127.22,127.05,127.2,4376
2022-04-11 13:30:00,127.34,127.46,127.32,127.46,5982
2022-04-11 13:35:00,127.5512,127.5568,127.2912,127.3508,5860
2022-04-11 13:40:00,127.35,127.4616,127.32,127.37,4377
2022-04-11 13:45:00,127.3602,127.5,127.3602,127.47,8669
2022-04-11 13:50:00,127.485,127.49,127.385,127.405,1960
2022-04-11 13:55:00,127.39,127.63,127.38,127.6,3551
2022-04-11 14:00:00,127.62,127.655,127.44,127.44,3052
2022-04-11 14:05:00,127.4,127.62,127.37,127.59,3047
2022-04-11 14:10:00,127.59,127.6,127.28,127.29,4119
2022-04-11 14:15:00,127.22,127.25,127.17,127.17,2552
2022-04-11 14:20:00,127.22,127.31,127.22,127.3,1402
2022-04-11 14:25:00,127.28,127.42,127.28,127.395,6085
2022-04-11 14:30:00,127.38,127.5092,127.2,127.4763,4323
2022-04-11 14:35:00,127.45,127.45,127.29,127.335,3573
2022-04-11 14:40:00,127.32,127.375,127.22,127.29,2441
2022-04-11 14:45:00,127.315,127.46,127.27,127.46,5793
2022-04-11 14:50:00,127.47,127.65,127.44,127.51,8903
2022-04-11 14:55:00,127.465,127.56,127.465,127.515,7916
2022-04-11 15:00:00,127.5,127.66,127.4564,127.4564,8455
2022-04-11 15:05:00,127.4,127.4,127.24,127.32,6950
2022-04-11 15:10:00,127.4,127.43,127.28,127.37,5883
2022-04-11 15:15:00,127.4,127.41,127.28,127.39,7424
2022-04-11 15:20:00,127.38,127.43,127.3787,127.41,2862
2022-04-11 15:25:00,127.405,127.405,127.14,127.17,9480
2022-04-11 15:30:00,127.16,127.22,127.04,127.04,11424
2022-04-11 15:35:00,127.05,127.09,126.97,127.08,11353
2022-04-11 15:40:00,127.05,127.17,126.99,127.05,9396
2022-04-11 15:45:00,127.05,127.05,126.825,126.825,25264
2022-04-11 15:50:00,126.83,126.98,126.67,126.75,21531
2022-04-11 15:55:00,126.75,126.87,126.64,126.74,68990
2022-04-11 16:00:00,126.78,126.78,126.78,126.78,200311
2022-04-11 16:05:00,126.79,126.79,126.79,126.79,189
2022-04-11 16:25:00,126.79,126.79,126.79,126.79,439
2022-04-12 07:40:00,128.0,128.0,128.0,128.0,1000
2022-04-12 08:10:00,127.0,127.0,127.0,127.0,194
2022-04-12 08:40:00,127.89,127.89,127.89,127.89,100
2022-04-12 08:45:00,127.9,128.7,127.9,128.7,463
2022-04-12 08:50:00,128.39,128.39,128.39,128.39,147
2022-04-12 09:00:00,128.15,128.15,128.0,128.0,299
2022-04-12 09:25:00,127.39,127.39,126.49,126.49,810
2022-04-12 09:30:00,126.38,126.9899,126.22,126.97,28103
2022-04-12 09:35:00,126.99,127.4305,126.66,127.38,10800
2022-04-12 09:40:00,127.575,127.76,127.4236,127.4236,13701
2022-04-12 09:45:00,127.4771,127.65,127.18,127.33,6641
2022-04-12 09:50:00,127.54,128.13,127.38,128.0241,10429
2022-04-12 09:55:00,128.05,128.0569,127.65,127.7,5202
2022-04-12 10:00:00,127.8,128.575,127.53,128.4347,12322
2022-04-12 10:05:00,128.39,128.89,128.38,128.89,6631
2022-04-12 10:10:00,128.875,128.92,128.54,128.58,5348
2022-04-12 10:15:00,128.5,128.53,128.155,128.18,8433
2022-04-12 10:20:00,128.1384,128.34,127.92,128.0,8996
2022-04-12 10:25:00,128.01,128.0224,127.63,127.63,10211
2022-04-12 10:30:00,127.66,127.66,127.37,127.64,4632
2022-04-12 10:35:00,127.57,127.65,127.27,127.325,6491
2022-04-12 10:40:00,127.37,127.4992,127.28,127.44,7567
2022-04-12 10:45:00,127.37,127.5,127.28,127.33,14686
2022-04-12 10:50:00,127.37,127.4,127.0699,127.4,7495
2022-04-12 10:55:00,127.38,127.77,127.32,127.77,12110
2022-04-12 11:00:00,127.7028,128.205,127.6,128.205,13896
2022-04-12 11:05:00,128.25,128.305,128.06,128.06,7018
2022-04-12 11:10:00,128.06,128.09,127.64,127.73,5573
2022-04-12 11:15:00,127.72,127.8,127.51,127.8,5470
2022-04-12 11:20:00,127.76,127.93,127.75,127.9013,5033
2022-04-12 11:25:00,127.97,128.15,127.96,128.07,7091
2022-04-12 11:30:00,128.12,128.15,127.93,128.01,5870
2022-04-12 11:35:00,127.98,128.04,127.8041,128.0317,2678
2022-04-12 11:40:00,128.025,128.2037,128.025,128.13,4058
2022-04-12 11:45:00,128.16,128.2,128.08,128.1011,3375
2022-04-12 11:50:00,128.11,128.17,128.06,128.0992,4816
2022-04-12 11:55:00,128.14,128.28,128.08,128.095,3132
2022-04-12 12:00:00,128.03,128.08,127.98,128.02,4083
2022-04-12 12:05:00,128.0,128.11,127.93,127.93,4631
2022-04-12 12:10:00,127.96,127.96,127.83,127.83,2445
2022-04-12 12:15:00,127.85,127.875,127.78,127.78,7493
2022-04-12 12:20:00,127.78,127.91,127.73,127.76,4910
2022-04-12 12:25:00,127.69,127.69,127.49,127.49,6268
2022-04-12 12:30:00,127.435,127.56,127.43,127.435,4709
2022-04-12 12:35:00,127.48,127.5033,127.39,127.5033,3222
2022-04-12 12:40:00,127.51,127.52,127.3,127.335,6288
2022-04-12 12:45:00,127.35,127.58,127.34,127.58,3373
2022-04-12 12:50:00,127.5778,127.7072,127.5512,127.67,5620
2022-04-12 12:55:00,127.715,127.78,127.7,127.74,4399
2022-04-12 13:00:00,127.695,127.74,127.42,127.46,2670
2022-04-12 13:05:00,127.55,127.6,127.475,127.475,2325
2022-04-12 13:10:00,127.54,127.77,127.49,127.65,5498
2022-04-12 13:15:00,127.665,127.77,127.55,127.55,3213
2022-04-12 13:20:00,127.63,127.67,127.43,127.47,24854
2022-04-12 13:25:00,127.47,127.47,127.16,127.16,7573
2022-04-12 13:30:00,127.18,127.23,127.03,127.22,3664
2022-04-12 13:35:00,127.23,127.29,126.85,126.9274,30307
2022-04-12 13:40:00,126.96,126.965,126.59,126.62,16596
2022-04-12 13:45:00,126.69,126.69,126.45,126.49,14189
2022-04-12 13:50:00,126.46,126.46,126.07,126.14,17456
2022-04-12 13:55:00,126.19,126.23,125.97,126.01,7544
2022-04-12 14:00:00,125.99,126.32,125.96,126.32,9282
2022-04-12 14:05:00,126.29,126.44,126.26,126.37,4761
2022-04-12 14:10:00,126.37,126.4,126.16,126.16,6780
2022-04-12 14:15:00,126.16,126.16,125.87,126.03,19572
2022-04-12 14:20:00,126.04,126.28,126.04,126.27,4321
2022-04-12 14:25:00,126.33,126.34,126.2209,126.28,4214
2022-04-12 14:30:00,126.31,126.36,126.03,126.205,8504
2022-04-12 14:35:00,126.22,126.44,126.1,126.4,9156
2022-04-12 14:40:00,126.41,126.42,126.24,126.3227,5612
2022-04-12 14:45:00,126.33,126.53,126.2885,126.34,12719
2022-04-12 14:50:00,126.32,126.42,126.24,126.325,12452
2022-04-12 14:55:00,126.39,126.45,126.27,126.39,6184
2022-04-12 15:00:00,126.34,126.44,126.04,126.11,7468
2022-04-12 15:05:00,126.11,126.17,126.01,126.015,5950
2022-04-12 15:10:00,126.01,126.01,125.7723,125.79,14644
2022-04-12 15:15:00,125.83,125.92,125.765,125.88,21471
2022-04-12 15:20:00,125.89,126.175,125.8,126.055,19957
2022-04-12 15:25:00,126.04,126.04,125.71,125.8281,28420
2022-04-12 15:30:00,125.8,126.03,125.76,125.96,16967
2022-04-12 15:35:00,125.97,126.18,125.95,126.12,16131
2022-04-12 15:40:00,126.12,126.16,125.9,125.9912,21534
2022-04-12 15:45:00,125.97,126.2938,125.875,126.14,18368
2022-04-12 15:50:00,126.12,126.31,126.0,126.27,28729
2022-04-12 15:55:00,126.27,126.38,126.14,126.16,74097
2022-04-12 16:00:00,126.18,126.18,126.18,126.18,207807
2022-04-12 18:10:00,126.5,126.5,126.5,126.5,110
2022-04-13 07:15:00,127.0,127.0,127.0,127.0,117
2022-04-13 08:00:00,125.77,125.77,125.77,125.77,200
2022-04-13 08:35:00,125.84,125.84,125.84,125.84,483
2022-04-13 09:30:00,126.0,126.8421,125.76,126.805,24344
2022-04-13 09:35:00,126.8,127.35,126.5,127.2369,8304
2022-04-13 09:40:00,127.34,127.6166,127.05,127.39,14415
2022-04-13 09:45:00,127.39,127.65,127.28,127.56,14668
2022-04-13 09:50:00,127.6,127.64,127.385,127.57,20806
2022-04-13 09:55:00,127.585,127.6383,127.27,127.34,14037
2022-04-13 10:00:00,127.33,127.45,126.91,127.0,15796
2022-04-13 10:05:00,127.0034,127.24,126.76,126.88,12332
2022-04-13 10:10:00,126.855,127.0,126.585,126.585,11545
2022-04-13 10:15:00,126.68,126.8881,126.665,126.685,4542
2022-04-13 10:20:00,126.685,127.2,126.58,127.19,8158
2022-04-13 10:25:00,127.16,127.2,126.8,126.83,5913
2022-04-13 10:30:00,126.6699,127.08,126.6699,127.02,7130
2022-04-13 10:35:00,127.01,127.28,126.98,127.02,11294
2022-04-13 10:40:00,127.02,127.49,126.92,127.49,48042
2022-04-13 10:45:00,127.5,127.74,127.45,127.49,10332
2022-04-13 10:50:00,127.51,127.67,127.46,127.58,3568
2022-04-13 10:55:00,127.55,127.7,127.53,127.68,4355
2022-04-13 11:00:00,127.79,128.22,127.73,128.06,17399
2022-04-13 11:05:00,128.045,128.06,127.9,127.9,5336
2022-04-13 11:10:00,127.881,128.44,127.881,128.44,6842
2022-04-13 11:15:00,128.43,128.6,128.3189,128.39,5949
2022-04-13 11:20:00,128.34,128.36,128.09,128.36,14388
2022-04-13 11:25:00,128.3516,128.455,128.3364,128.39,10448
2022-04-13 11:30:00,128.42,128.625,128.35,128.5,38553
2022-04-13 11:35:00,128.5011,128.54,128.41,128.4474,3851
2022-04-13 11:40:00,128.45,128.71,128.43,128.66,4071
2022-04-13 11:45:00,128.62,128.64,128.41,128.46,3132
2022-04-13 11:50:00,128.41,128.41,128.08,128.1,5208
2022-04-13 11:55:00,128.08,128.1017,127.81,127.83,15630
2022-04-13 12:00:00,127.83,127.86,127.64,127.8404,10913
2022-04-13 12:05:00,127.87,127.95,127.84,127.9,8751
2022-04-13 12:10:00,127.89,127.89,127.66,127.7,9094
2022-04-13 12:15:00,127.69,127.7865,127.59,127.695,5500
2022-04-13 12:20:00,127.6851,127.8521,127.65,127.8188,12385
2022-04-13 12:25:00,127.86,127.93,127.63,127.6795,8061
2022-04-13 12:30:00,127.67,128.01,127.67,128.01,6304
2022-04-13 12:35:00,128.005,128.07,127.86,127.88,6287
2022-04-13 12:40:00,127.92,128.02,127.865,127.935,5067
2022-04-13 12:45:00,127.95,127.95,127.85,127.86,4656
2022-04-13 12:50:00,127.8316,127.93,127.83,127.89,2576
2022-04-13 12:55:00,127.94,127.98,127.745,127.82,3692
2022-04-13 13:00:00,127.8201,127.95,127.805,127.86,7281
2022-04-13 13:05:00,127.88,127.92,127.85,127.85,8901
2022-04-13 13:10:00,127.86,127.93,127.8275,127.8275,7696
2022-04-13 13:15:00,127.83,127.935,127.82,127.86,12125
2022-04-13 13:20:00,127.87,127.91,127.82,127.85,4165
2022-04-13 13:25:00,127.85,127.85,127.67,127.68,6322
2022-04-13 13:30:00,127.7,127.785,127.63,127.69,10738
2022-04-13 13:35:00,127.69,127.74,127.555,127.69,9402
2022-04-13 13:40:00,127.7048,127.85,127.665,127.81,8274
2022-04-13 13:45:00,127.8301,127.88,127.8135,127.8135,8229
2022-04-13 13:50:00,127.83,127.83,127.7,127.7,10374
2022-04-13 13:55:00,127.69,127.72,127.55,127.62,7870
2022-04-13 14:00:00,127.6,127.6,127.44,127.51,4921
2022-04-13 14:05:00,127.48,127.8095,127.46,127.79,8272
2022-04-13 14:10:00,127.79,127.8,127.55,127.55,9412
2022-04-13 14:15:00,127.545,127.64,127.545,127.585,6000
2022-04-13 14:20:00,127.6,127.6,127.37,127.415,9017
2022-04-13 14:25:00,127.42,127.42,127.255,127.32,13875
2022-04-13 14:30:00,127.31,127.33,127.24,127.27,3865
2022-04-13 14:35:00,127.26,127.31,127.17,127.27,4792
2022-04-13 14:40:00,127.28,127.355,127.28,127.32,5075
2022-04-13 14:45:00,127.36,127.36,127.23,127.25,9745
2022-04-13 14:50:00,127.29,127.31,127.16,127.16,7335
2022-04-13 14:55:00,127.1722,127.24,127.1,127.1,8032
2022-04-13 15:00:00,127.085,127.11,126.9784,127.02,4218
2022-04-13 15:05:00,127.04,127.26,127.04,127.24,7165
2022-04-13 15:10:00,127.23,127.27,127.16,127.27,14018
2022-04-13 15:15:00,127.2107,127.2899,127.04,127.085,16962
2022-04-13 15:20:00,127.065,127.32,126.89,127.305,23155
2022-04-13 15:25:00,127.32,127.33,127.23,127.27,9751
2022-04-13 15:30:00,127.275,127.42,127.25,127.4,14965
2022-04-13 15:35:00,127.39,127.59,127.33,127.565,22687
2022-04-13 15:40:00,127.57,127.68,127.52,127.67,10906
2022-04-13 15:45:00,127.68,127.69,127.56,127.64,23246
2022-04-13 15:50:00,127.63,127.66,127.41,127.49,41783
2022-04-13 15:55:00,127.48,127.6,127.41,127.6,80766
2022-04-13 16:00:00,127.58,127.58,126.47,127.58,203436
2022-04-13 18:05:00,128.1,128.1,128.1,128.1,100
2022-04-13 18:30:00,127.99,127.99,127.99,127.99,100
2022-04-13 18:35:00,127.98,128.0,127.98,128.0,400
2022-04-13 19:20:00,128.0,128.0,128.0,128.0,100
2022-04-13 19:30:00,128.0,128.0,128.0,128.0,110
2022-04-14 08:00:00,127.75,127.75,127.75,127.75,500
2022-04-14 08:05:00,127.46,127.5,127.46,127.5,482
2022-04-14 08:50:00,127.61,127.61,127.61,127.61,100
2022-04-14 09:30:00,128.0,128.95,127.93,128.83,55836
2022-04-14 09:35:00,128.87,129.23,128.62,128.65,11626
2022-04-14 09:40:00,128.68,128.7,128.2,128.39,8624
2022-04-14 09:45:00,128.2,128.4,127.69,127.96,10797
2022-04-14 09:50:00,127.95,128.06,127.76,127.94,10028
2022-04-14 09:55:00,127.95,128.125,127.91,128.045,6316
2022-04-14 10:00:00,127.99,128.63,127.99,128.59,9112
2022-04-14 10:05:00,128.59,128.59,127.87,127.87,13228
2022-04-14 10:10:00,127.96,128.29,127.91,128.29,5883
2022-04-14 10:15:00,128.21,128.45,127.97,128.25,11001
2022-04-14 10:20:00,128.22,128.34,127.9975,128.21,10234
2022-04-14 10:25:00,128.15,128.31,128.06,128.24,8069
2022-04-14 10:30:00,128.34,128.75,128.34,128.695,12358
2022-04-14 10:35:00,128.7,128.86,128.545,128.73,10679
2022-04-14 10:40:00,128.665,128.81,128.61,128.79,8678
2022-04-14 10:45:00,128.8288,128.8288,128.56,128.69,22493
2022-04-14 10:50:00,128.64,128.67,128.49,128.6592,17194
2022-04-14 10:55:00,128.75,128.81,128.66,128.74,5811
2022-04-14 11:00:00,128.74,128.92,128.68,128.88,8417
2022-04-14 11:05:00,128.915,128.915,128.4848,128.73,11722
2022-04-14 11:10:00,128.78,128.78,128.54,128.6394,6015
2022-04-14 11:15:00,128.56,128.7,128.13,128.35,23882
2022-04-14 11:20:00,128.41,128.645,128.36,128.645,7686
2022-04-14 11:25:00,128.65,128.77,128.65,128.665,5300
2022-04-14 11:30:00,128.65,128.66,128.52,128.52,4670
2022-04-14 11:35:00,128.46,128.53,128.375,128.375,4786
2022-04-14 11:40:00,128.38,128.41,128.23,128.24,6975
2022-04-14 11:45:00,128.22,128.4,128.2,128.37,4810
2022-04-14 11:50:00,128.37,128.37,128.21,128.21,6472
2022-04-14 11:55:00,128.2,128.46,128.17,128.46,10829
2022-04-14 12:00:00,128.43,128.49,128.34,128.38,8041
2022-04-14 12:05:00,128.335,128.56,128.3344,128.54,26443
2022-04-14 12:10:00,128.53,128.6,128.44,128.54,9956
2022-04-14 12:15:00,128.565,128.65,128.53,128.63,5186
2022-04-14 12:20:00,128.63,128.66,128.546,128.655,9861
2022-04-14 12:25:00,128.675,128.75,128.5,128.56,17869
2022-04-14 12:30:00,128.57,128.66,128.52,128.62,4464
2022-04-14 12:35:00,128.635,128.66,128.48,128.645,6684
2022-04-14 12:40:00,128.63,128.63,128.41,128.41,7291
2022-04-14 12:45:00,128.36,128.385,128.165,128.27,6572
2022-04-14 12:50:00,128.28,128.31,128.11,128.275,10846
2022-04-14 12:55:00,128.28,128.7,128.25,128.7,11230
2022-04-14 13:00:00,128.655,128.89,128.53,128.61,18483
2022-04-14 13:05:00,128.6,128.6577,128.41,128.51,5719
2022-04-14 13:10:00,128.49,128.565,128.4317,128.4991,6190
2022-04-14 13:15:00,128.5,128.56,128.325,128.37,8452
2022-04-14 13:20:00,128.36,128.74,128.33,128.73,8576
2022-04-14 13:25:00,128.74,128.78,128.63,128.67,4867
2022-04-14 13:30:00,128.67,128.82,128.67,128.72,5559
2022-04-14 13:35:00,128.71,128.87,128.71,128.77,7377
2022-04-14 13:40:00,128.77,128.91,128.7107,128.84,3625
2022-04-14 13:45:00,128.83,129.06,128.815,129.02,14524
2022-04-14 13:50:00,129.0,129.02,128.86,129.02,10537
2022-04-14 13:55:00,129.0078,129.26,129.0078,129.255,8757
2022-04-14 14:00:00,129.25,129.45,129.2076,129.35,8964
2022-04-14 14:05:00,129.3,129.35,129.13,129.22,6713
2022-04-14 14:10:00,129.2199,129.34,129.2,129.34,8088
2022-04-14 14:15:00,129.36,129.42,129.15,129.15,8247
2022-04-14 14:20:00,129.13,129.2,128.96,128.975,11166
2022-04-14 14:25:00,129.0,129.11,128.86,129.06,32871
2022-04-14 14:30:00,129.08,129.16,128.98,129.03,8167
2022-04-14 14:35:00,129.02,129.1,128.85,128.9,9045
2022-04-14 14:40:00,128.9,128.91,128.68,128.705,18283
2022-04-14 14:45:00,128.69,128.76,128.535,128.68,14627
2022-04-14 14:50:00,128.69,128.7,128.525,128.66,12872
2022-04-14 14:55:00,128.64,128.64,128.45,128.505,13158
2022-04-14 15:00:00,128.49,128.61,128.38,128.575,9184
2022-04-14 15:05:00,128.575,128.68,128.41,128.41,15280
2022-04-14 15:10:00,128.385,128.51,128.335,128.51,12887
2022-04-14 15:15:00,128.505,128.71,128.505,128.71,13601
2022-04-14 15:20:00,128.72,128.77,128.67,128.71,10059
2022-04-14 15:25:00,128.72,128.76,128.64,128.65,18261
2022-04-14 15:30:00,128.65,128.65,128.53,128.55,24271
2022-04-14 15:35:00,128.53,128.59,128.25,128.29,33520
2022-04-14 15:40:00,128.27,128.54,128.23,128.54,20150
2022-04-14 15:45:00,128.535,128.64,128.2,128.3121,32706
2022-04-14 15:50:00,128.28,128.33,128.03,128.085,44881
2022-04-14 15:55:00,128.07,128.16,127.72,127.91,119852
2022-04-14 16:00:00,127.88,128.15,127.88,127.88,216367
