2022-04-01 08:55:00,140.0,140.0,140.0,140.0,100
2022-04-01 09:05:00,140.5,140.5,140.5,140.5,1785
2022-04-01 09:25:00,140.5,140.5,140.5,140.5,284
2022-04-01 09:30:00,140.92,141.72,140.53,140.82,20953
2022-04-01 09:35:00,141.04,141.13,140.33,140.33,10389
2022-04-01 09:40:00,140.395,140.395,139.63,139.905,17416
2022-04-01 09:45:00,139.9,140.55,139.88,140.54,13482
2022-04-01 09:50:00,140.495,140.65,140.14,140.65,11827
2022-04-01 09:55:00,140.61,141.28,140.55,141.28,16769
2022-04-01 10:00:00,141.29,141.32,140.295,140.51,25500
2022-04-01 10:05:00,140.51,140.605,140.39,140.5,22508
2022-04-01 10:10:00,140.55,140.64,140.35,140.49,13459
2022-04-01 10:15:00,140.485,140.485,140.07,140.07,26983
2022-04-01 10:20:00,140.0,140.06,139.595,139.845,26446
2022-04-01 10:25:00,139.83,140.035,139.275,139.5,25191
2022-04-01 10:30:00,139.515,140.08,139.51,139.935,16936
2022-04-01 10:35:00,139.91,139.91,139.49,139.49,12234
2022-04-01 10:40:00,139.52,139.53,139.26,139.325,24229
2022-04-01 10:45:00,139.2701,139.29,138.93,139.07,11297
2022-04-01 10:50:00,139.07,139.475,139.05,139.475,11932
2022-04-01 10:55:00,139.5,139.67,139.45,139.56,11458
2022-04-01 11:00:00,139.5,139.59,139.46,139.53,10934
2022-04-01 11:05:00,139.55,140.13,139.55,140.13,6775
2022-04-01 11:10:00,140.11,140.39,140.06,140.27,12098
2022-04-01 11:15:00,140.23,140.23,139.975,140.17,8365
2022-04-01 11:20:00,140.13,140.13,139.805,139.86,14379
2022-04-01 11:25:00,139.94,140.24,139.94,140.15,6991
2022-04-01 11:30:00,140.14,140.18,139.85,140.13,15166
2022-04-01 11:35:00,140.09,140.15,139.97,140.105,12249
2022-04-01 11:40:00,140.07,140.07,139.75,139.875,16643
2022-04-01 11:45:00,139.9,140.34,139.885,140.155,22036
2022-04-01 11:50:00,140.155,140.3,139.94,140.3,17774
2022-04-01 11:55:00,140.25,140.25,139.88,140.07,15514
2022-04-01 12:00:00,140.095,140.1099,139.975,139.975,11565
2022-04-01 12:05:00,139.955,140.21,139.895,140.19,35212
2022-04-01 12:10:00,140.24,140.46,140.21,140.4125,14345
2022-04-01 12:15:00,140.45,140.474,140.1022,140.44,18989
2022-04-01 12:20:00,140.43,140.5909,140.34,140.43,9725
2022-04-01 12:25:00,140.43,140.43,140.32,140.38,6733
2022-04-01 12:30:00,140.38,140.4,140.1201,140.2,16627
2022-04-01 12:35:00,140.21,140.32,140.14,140.315,12331
2022-04-01 12:40:00,140.23,140.46,140.16,140.4583,8638
2022-04-01 12:45:00,140.44,140.45,140.24,140.37,7522
2022-04-01 12:50:00,140.37,140.39,140.16,140.18,12352
2022-04-01 12:55:00,140.18,140.19,139.77,139.77,11312
2022-04-01 13:00:00,139.755,140.09,139.755,140.065,17901
2022-04-01 13:05:00,140.08,140.23,140.01,140.08,18346
2022-04-01 13:10:00,140.08,140.08,139.96,140.055,14276
2022-04-01 13:15:00,140.04,140.05,139.975,140.024,10642
2022-04-01 13:20:00,140.025,140.08,139.97,140.0,11652
2022-04-01 13:25:00,140.01,140.19,139.92,140.11,23322
2022-04-01 13:30:00,140.125,140.17,139.88,139.88,14688
2022-04-01 13:35:00,139.905,140.38,139.8895,140.37,11071
2022-04-01 13:40:00,140.43,140.81,140.43,140.66,12315
2022-04-01 13:45:00,140.6,140.64,140.14,140.25,16439
2022-04-01 13:50:00,140.235,140.28,140.155,140.23,7578
2022-04-01 13:55:00,140.22,140.41,140.15,140.365,9328
2022-04-01 14:00:00,140.3773,140.92,140.365,140.89,18347
2022-04-01 14:05:00,140.89,141.07,140.75,140.86,26065
2022-04-01 14:10:00,140.83,141.03,140.8,141.01,13581
2022-04-01 14:15:00,141.01,141.01,140.65,140.835,9540
2022-04-01 14:20:00,140.87,141.0,140.81,140.89,6610
2022-04-01 14:25:00,140.9,141.29,140.89,141.27,13264
2022-04-01 14:30:00,141.25,141.52,141.25,141.49,13831
2022-04-01 14:35:00,141.51,141.55,141.33,141.34,9350
2022-04-01 14:40:00,141.38,141.54,141.34,141.38,9833
2022-04-01 14:45:00,141.29,141.4,141.09,141.26,10731
2022-04-01 14:50:00,141.14,141.14,140.99,141.1,4832
2022-04-01 14:55:00,141.11,141.27,141.04,141.04,10605
2022-04-01 15:00:00,141.08,141.12,140.97,141.03,17159
2022-04-01 15:05:00,140.99,141.05,140.77,140.815,6196
2022-04-01 15:10:00,140.79,140.92,140.7014,140.895,30585
2022-04-01 15:15:00,140.9,140.92,140.34,140.34,10063
2022-04-01 15:20:00,140.34,140.35,140.135,140.18,14641
2022-04-01 15:25:00,140.18,140.255,140.085,140.24,9419
2022-04-01 15:30:00,140.24,140.69,140.23,140.65,24692
2022-04-01 15:35:00,140.68,140.76,140.55,140.67,21424
2022-04-01 15:40:00,140.69,140.85,140.52,140.6102,35049
2022-04-01 15:45:00,140.58,140.64,140.39,140.45,34246
2022-04-01 15:50:00,140.48,140.96,140.48,140.71,51524
2022-04-01 15:55:00,140.71,141.12,140.6025,140.88,72350
2022-04-01 16:00:00,140.9,140.9,140.9,140.9,196613
2022-04-01 17:40:00,140.9,140.9,140.9,140.9,4339
2022-04-04 09:25:00,140.55,140.55,140.5,140.5,1145
2022-04-04 09:30:00,140.28,140.74,139.6,139.62,29852
2022-04-04 09:35:00,139.57,139.69,138.93,138.93,11029
2022-04-04 09:40:00,138.92,139.23,138.6,139.2,33844
2022-04-04 09:45:00,139.16,139.44,138.79,139.44,15114
2022-04-04 09:50:00,139.4,140.2305,139.4,140.2305,9092
2022-04-04 09:55:00,140.14,140.5,140.13,140.4,12963
2022-04-04 10:00:00,140.5459,140.76,140.05,140.7,8510
2022-04-04 10:05:00,140.82,140.82,140.42,140.42,11259
2022-04-04 10:10:00,140.46,140.8612,140.36,140.425,8499
2022-04-04 10:15:00,140.4094,140.9068,140.22,140.9068,7180
2022-04-04 10:20:00,140.93,141.04,140.75,140.83,12856
2022-04-04 10:25:00,140.9,141.28,140.84,140.885,12414
2022-04-04 10:30:00,140.83,141.32,140.82,140.87,26388
2022-04-04 10:35:00,140.85,140.94,140.74,140.8,8214
2022-04-04 10:40:00,140.89,141.06,140.78,140.78,6727
2022-04-04 10:45:00,140.81,141.22,140.78,141.15,19660
2022-04-04 10:50:00,141.19,141.545,141.14,141.4,12940
2022-04-04 10:55:00,141.335,141.56,141.335,141.56,9050
2022-04-04 11:00:00,141.52,141.57,141.12,141.165,11130
2022-04-04 11:05:00,141.2,141.39,141.02,141.37,5440
2022-04-04 11:10:00,141.36,141.36,141.1,141.3494,7849
2022-04-04 11:15:00,141.34,141.34,141.1,141.1,7387
2022-04-04 11:20:00,141.105,141.31,140.89,141.23,6909
2022-04-04 11:25:00,141.26,141.26,140.96,140.96,7838
2022-04-04 11:30:00,140.96,141.44,140.96,141.435,10166
2022-04-04 11:35:00,141.4,141.51,141.075,141.12,10497
2022-04-04 11:40:00,141.07,141.315,141.05,141.235,10043
2022-04-04 11:45:00,141.2,141.32,141.09,141.27,8390
2022-04-04 11:50:00,141.27,141.44,141.21,141.44,8118
2022-04-04 11:55:00,141.43,141.57,141.42,141.42,9491
2022-04-04 12:00:00,141.38,141.38,141.14,141.21,5873
2022-04-04 12:05:00,141.16,141.39,141.16,141.37,6115
2022-04-04 12:10:00,141.37,141.44,141.24,141.27,16564
2022-04-04 12:15:00,141.25,141.25,140.74,140.75,17883
2022-04-04 12:20:00,140.79,140.851,140.555,140.605,15726
2022-04-04 12:25:00,140.59,140.6,140.405,140.46,17791
2022-04-04 12:30:00,140.46,140.5,140.26,140.26,16245
2022-04-04 12:35:00,140.265,140.46,140.07,140.1,19050
2022-04-04 12:40:00,140.09,140.16,139.9,139.93,11298
2022-04-04 12:45:00,139.9,140.05,139.7,139.83,15966
2022-04-04 12:50:00,139.86,139.94,139.77,139.84,12532
2022-04-04 12:55:00,139.815,139.815,139.515,139.53,11956
2022-04-04 13:00:00,139.52,139.54,139.29,139.51,10135
2022-04-04 13:05:00,139.51,139.63,139.47,139.585,9702
2022-04-04 13:10:00,139.55,139.66,139.43,139.66,10131
2022-04-04 13:15:00,139.635,139.7,139.5,139.7,7082
2022-04-04 13:20:00,139.74,140.08,139.73,140.08,12442
2022-04-04 13:25:00,140.03,140.03,139.75,139.79,11338
2022-04-04 13:30:00,139.8,140.05,139.76,139.88,12325
2022-04-04 13:35:00,139.93,140.22,139.88,140.21,12488
2022-04-04 13:40:00,140.24,140.26,139.98,140.15,11187
2022-04-04 13:45:00,140.15,140.27,140.12,140.23,7020
2022-04-04 13:50:00,140.3,140.46,140.3,140.445,9441
2022-04-04 13:55:00,140.43,140.57,140.39,140.51,11124
2022-04-04 14:00:00,140.53,140.57,140.44,140.545,11874
2022-04-04 14:05:00,140.56,140.62,140.42,140.46,14041
2022-04-04 14:10:00,140.45,140.62,140.4,140.615,11653
2022-04-04 14:15:00,140.6,140.82,140.57,140.82,13367
2022-04-04 14:20:00,140.82,140.96,140.78,140.9,7592
2022-04-04 14:25:00,140.8924,141.03,140.88,141.03,11732
2022-04-04 14:30:00,141.03,141.06,140.95,141.0,8602
2022-04-04 14:35:00,140.99,141.04,140.97,141.0,8318
2022-04-04 14:40:00,141.03,141.21,141.02,141.21,11320
2022-04-04 14:45:00,141.215,141.47,141.21,141.44,12503
2022-04-04 14:50:00,141.45,141.55,141.4,141.52,12280
2022-04-04 14:55:00,141.52,141.755,141.52,141.535,18950
2022-04-04 15:00:00,141.56,141.65,141.535,141.6,16518
2022-04-04 15:05:00,141.61,141.655,141.52,141.59,15535
2022-04-04 15:10:00,141.6,141.63,141.44,141.61,13968
2022-04-04 15:15:00,141.61,141.63,141.52,141.565,12441
2022-04-04 15:20:00,141.58,141.77,141.54,141.76,14164
2022-04-04 15:25:00,141.77,141.85,141.74,141.76,20751
2022-04-04 15:30:00,141.75,141.81,141.58,141.73,23188
2022-04-04 15:35:00,141.74,142.13,141.74,141.9,35117
2022-04-04 15:40:00,141.86,141.93,141.68,141.68,18410
2022-04-04 15:45:00,141.665,141.7,141.46,141.55,22352
2022-04-04 15:50:00,141.58,141.9,141.56,141.69,46237
2022-04-04 15:55:00,141.62,141.67,141.31,141.44,108923
2022-04-04 16:00:00,141.47,141.47,141.47,141.47,313420
2022-04-05 09:25:00,142.14,144.49,142.14,143.8,1572
2022-04-05 09:30:00,144.05,144.89,142.855,144.89,108749
2022-04-05 09:35:00,145.0,145.86,143.63,143.63,45983
2022-04-05 09:40:00,143.59,143.76,142.91,143.18,34061
2022-04-05 09:45:00,143.05,143.86,142.83,143.06,37735
2022-04-05 09:50:00,143.075,143.35,142.58,143.35,25971
2022-04-05 09:55:00,143.34,144.15,143.28,144.0162,18886
2022-04-05 10:00:00,144.03,144.13,143.56,143.58,38234
2022-04-05 10:05:00,143.51,143.74,142.53,142.565,46277
2022-04-05 10:10:00,142.56,142.67,141.585,141.585,30040
2022-04-05 10:15:00,141.5,141.69,141.23,141.45,10905
2022-04-05 10:20:00,141.505,141.65,141.19,141.34,20023
2022-04-05 10:25:00,141.44,142.0,141.44,142.0,11203
2022-04-05 10:30:00,142.02,142.42,142.02,142.32,17227
2022-04-05 10:35:00,142.29,142.645,142.28,142.63,13231
2022-04-05 10:40:00,142.6715,142.87,142.48,142.605,13156
2022-04-05 10:45:00,142.65,143.13,142.61,142.87,19910
2022-04-05 10:50:00,142.83,143.07,142.72,142.91,14942
2022-04-05 10:55:00,142.88,142.88,142.64,142.835,20108
2022-04-05 11:00:00,142.86,142.885,142.56,142.575,23141
2022-04-05 11:05:00,142.6,142.67,142.39,142.48,21261
2022-04-05 11:10:00,142.48,142.48,141.75,141.79,14596
2022-04-05 11:15:00,141.76,141.95,141.67,141.71,10898
2022-04-05 11:20:00,141.71,141.945,141.71,141.85,5234
2022-04-05 11:25:00,141.87,141.98,141.83,141.95,9800
2022-04-05 11:30:00,141.92,142.19,141.89,142.19,6458
2022-04-05 11:35:00,142.225,142.25,141.67,141.68,6934
2022-04-05 11:40:00,141.67,141.895,141.67,141.78,6062
2022-04-05 11:45:00,141.78,141.82,141.6088,141.63,7165
2022-04-05 11:50:00,141.62,141.96,141.57,141.84,12399
2022-04-05 11:55:00,141.86,141.9,141.74,141.8,10325
2022-04-05 12:00:00,141.81,141.84,141.54,141.83,16012
2022-04-05 12:05:00,141.81,141.9,141.6331,141.6331,10490
2022-04-05 12:10:00,141.68,141.73,141.53,141.63,13657
2022-04-05 12:15:00,141.63,141.78,141.41,141.45,12170
2022-04-05 12:20:00,141.46,141.82,141.46,141.82,12889
2022-04-05 12:25:00,141.81,142.03,141.8,142.01,7367
2022-04-05 12:30:00,141.98,142.04,141.96,141.96,5677
2022-04-05 12:35:00,141.96,142.11,141.87,142.06,8638
2022-04-05 12:40:00,142.02,142.02,141.69,141.69,6709
2022-04-05 12:45:00,141.73,141.77,141.59,141.7,7666
2022-04-05 12:50:00,141.69,141.96,141.67,141.94,7898
2022-04-05 12:55:00,141.92,141.98,141.81,141.95,8671
2022-04-05 13:00:00,141.93,142.23,141.92,142.22,9414
2022-04-05 13:05:00,142.205,142.4,142.15,142.4,6419
2022-04-05 13:10:00,142.425,142.5,142.29,142.48,10019
2022-04-05 13:15:00,142.48,142.7394,142.48,142.49,11625
2022-04-05 13:20:00,142.54,142.57,142.4601,142.485,6098
2022-04-05 13:25:00,142.46,142.79,142.46,142.46,12642
2022-04-05 13:30:00,142.46,142.56,142.4,142.47,6422
2022-04-05 13:35:00,142.48,142.69,142.425,142.47,19057
2022-04-05 13:40:00,142.47,142.48,142.22,142.245,10058
2022-04-05 13:45:00,142.2,142.2,141.995,142.15,7063
2022-04-05 13:50:00,142.16,142.32,141.83,141.9,16470
2022-04-05 13:55:00,141.89,142.04,141.78,141.905,11687
2022-04-05 14:00:00,141.92,142.11,141.88,142.11,12593
2022-04-05 14:05:00,142.06,142.0875,141.8,141.84,46103
2022-04-05 14:10:00,141.88,142.12,141.83,142.06,14802
2022-04-05 14:15:00,142.0717,142.36,142.07,142.36,8077
2022-04-05 14:20:00,142.36,142.43,142.31,142.43,12835
2022-04-05 14:25:00,142.45,142.52,142.315,142.36,12739
2022-04-05 14:30:00,142.34,142.35,142.17,142.185,14280
2022-04-05 14:35:00,142.185,142.47,142.16,142.305,13984
2022-04-05 14:40:00,142.32,142.65,142.24,142.65,14491
2022-04-05 14:45:00,142.61,142.78,142.54,142.54,12488
2022-04-05 14:50:00,142.61,142.73,142.54,142.64,14877
2022-04-05 14:55:00,142.65,142.75,142.45,142.45,42074
2022-04-05 15:00:00,142.47,142.5,142.2983,142.35,30505
2022-04-05 15:05:00,142.36,142.51,142.35,142.51,18068
2022-04-05 15:10:00,142.5,142.5598,142.235,142.27,16056
2022-04-05 15:15:00,142.27,142.462,142.27,142.37,14342
2022-04-05 15:20:00,142.3604,142.52,142.28,142.52,13118
2022-04-05 15:25:00,142.49,142.52,142.34,142.36,34128
2022-04-05 15:30:00,142.35,142.38,141.88,141.88,23756
2022-04-05 15:35:00,141.895,141.895,141.73,141.76,25433
2022-04-05 15:40:00,141.76,141.98,141.685,141.73,64786
2022-04-05 15:45:00,141.779,141.779,141.11,141.11,29210
2022-04-05 15:50:00,141.08,141.59,141.0675,141.46,40853
2022-04-05 15:55:00,141.43,141.62,141.28,141.6,72423
2022-04-05 16:00:00,141.6,141.6,141.6,141.6,185774
2022-04-05 16:05:00,141.5,141.5,141.5,141.5,400
2022-04-05 16:45:00,141.6,141.6,141.6,141.6,290
2022-04-05 17:40:00,141.6,141.6,141.6,141.6,200
2022-04-06 07:00:00,141.0,141.0,141.0,141.0,409
2022-04-06 07:25:00,141.35,141.38,141.35,141.38,340
2022-04-06 09:25:00,140.01,140.01,140.0,140.0,360
2022-04-06 09:30:00,139.25,140.08,138.75,139.19,39497
2022-04-06 09:35:00,139.35,139.51,139.1,139.51,7666
2022-04-06 09:40:00,139.38,139.55,139.12,139.37,13388
2022-04-06 09:45:00,139.41,139.56,139.0,139.21,17563
2022-04-06 09:50:00,139.21,139.42,138.78,139.325,29589
2022-04-06 09:55:00,139.31,139.48,138.78,138.78,58683
2022-04-06 10:00:00,138.78,138.8,137.7,137.7,22383
2022-04-06 10:05:00,137.6108,138.08,137.41,137.71,25108
2022-04-06 10:10:00,137.67,138.065,137.54,138.065,48244
2022-04-06 10:15:00,138.02,138.31,137.99,138.19,15616
2022-04-06 10:20:00,138.1889,138.485,137.97,138.33,19431
2022-04-06 10:25:00,138.39,138.45,138.105,138.365,10606
2022-04-06 10:30:00,138.32,138.43,137.96,138.06,22725
2022-04-06 10:35:00,138.08,138.885,138.08,138.79,18015
2022-04-06 10:40:00,138.73,138.75,138.48,138.54,28823
2022-04-06 10:45:00,138.57,138.845,138.51,138.607,13835
2022-04-06 10:50:00,138.57,138.78,138.44,138.64,14608
2022-04-06 10:55:00,138.645,138.65,138.28,138.37,24288
2022-04-06 11:00:00,138.39,138.67,138.33,138.62,14718
2022-04-06 11:05:00,138.69,138.69,138.485,138.53,11808
2022-04-06 11:10:00,138.47,138.79,138.46,138.635,13152
2022-04-06 11:15:00,138.67,138.82,138.59,138.615,7678
2022-04-06 11:20:00,138.64,139.04,138.5,138.92,12374
2022-04-06 11:25:00,138.8746,138.92,138.69,138.8,10972
2022-04-06 11:30:00,138.81,138.88,138.53,138.7,11849
2022-04-06 11:35:00,138.72,138.72,138.5,138.6477,18509
2022-04-06 11:40:00,138.69,138.73,138.5,138.525,13282
2022-04-06 11:45:00,138.55,138.6,138.325,138.49,18062
2022-04-06 11:50:00,138.48,138.78,138.45,138.47,11296
2022-04-06 11:55:00,138.435,138.48,138.185,138.31,16671
2022-04-06 12:00:00,138.33,138.46,138.22,138.46,18928
2022-04-06 12:05:00,138.43,138.78,138.43,138.585,17175
2022-04-06 12:10:00,138.59,138.82,138.57,138.66,20524
2022-04-06 12:15:00,138.675,138.87,138.62,138.87,13498
2022-04-06 12:20:00,138.81,138.85,138.675,138.74,11384
2022-04-06 12:25:00,138.77,138.97,138.75,138.915,15994
2022-04-06 12:30:00,138.9,139.07,138.75,139.03,17396
2022-04-06 12:35:00,139.02,139.06,138.85,138.92,19217
2022-04-06 12:40:00,138.93,139.03,138.86,139.0,12790
2022-04-06 12:45:00,139.03,139.49,139.03,139.49,17994
2022-04-06 12:50:00,139.48,139.53,139.23,139.23,15424
2022-04-06 12:55:00,139.26,139.575,139.24,139.55,9001
2022-04-06 13:00:00,139.55,139.55,139.26,139.26,9830
2022-04-06 13:05:00,139.25,139.33,139.2,139.27,9284
2022-04-06 13:10:00,139.3,139.545,139.28,139.545,7973
2022-04-06 13:15:00,139.51,139.685,139.51,139.685,6821
2022-04-06 13:20:00,139.68,139.835,139.65,139.795,11171
2022-04-06 13:25:00,139.79,139.91,139.64,139.89,8998
2022-04-06 13:30:00,139.87,139.88,139.66,139.81,13267
2022-04-06 13:35:00,139.85,139.88,139.61,139.87,10854
2022-04-06 13:40:00,139.9,140.19,139.88,140.13,22915
2022-04-06 13:45:00,140.12,140.2,139.96,140.2,11854
2022-04-06 13:50:00,140.22,140.32,140.145,140.145,8207
2022-04-06 13:55:00,140.12,140.12,139.89,139.89,10470
2022-04-06 14:00:00,139.79,140.35,139.66,139.96,23512
2022-04-06 14:05:00,139.92,139.92,139.43,139.46,14371
2022-04-06 14:10:00,139.44,139.475,138.92,138.92,25285
2022-04-06 14:15:00,138.91,139.09,138.805,138.87,16473
2022-04-06 14:20:00,138.88,139.25,138.8,139.22,28159
2022-04-06 14:25:00,139.25,139.32,138.88,139.12,18786
2022-04-06 14:30:00,139.14,139.5,138.8401,139.29,31640
2022-04-06 14:35:00,139.33,139.5,139.09,139.21,19597
2022-04-06 14:40:00,139.22,139.46,139.1,139.46,12612
2022-04-06 14:45:00,139.41,139.6,139.3092,139.41,12469
2022-04-06 14:50:00,139.41,139.78,139.41,139.7,10256
2022-04-06 14:55:00,139.75,140.07,139.74,139.99,13163
2022-04-06 15:00:00,140.0,140.16,139.88,139.93,9114
2022-04-06 15:05:00,139.87,139.87,139.59,139.71,10218
2022-04-06 15:10:00,139.77,139.89,139.7,139.85,8704
2022-04-06 15:15:00,139.85,139.91,139.54,139.555,10021
2022-04-06 15:20:00,139.59,139.59,139.44,139.45,7918
2022-04-06 15:25:00,139.47,139.48,139.16,139.18,12441
2022-04-06 15:30:00,139.15,139.222,138.97,139.07,15838
2022-04-06 15:35:00,139.07,139.44,139.01,139.44,22081
2022-04-06 15:40:00,139.4,139.54,139.4,139.5,23075
2022-04-06 15:45:00,139.49,139.9,139.445,139.775,28188
2022-04-06 15:50:00,139.845,139.96,139.515,139.575,30246
2022-04-06 15:55:00,139.6,139.82,139.47,139.75,73607
2022-04-06 16:00:00,139.75,139.75,139.75,139.75,141365
2022-04-06 16:50:00,140.0,140.0,140.0,140.0,100
2022-04-06 17:05:00,139.75,139.75,139.75,139.75,890
2022-04-06 18:15:00,139.25,139.25,139.25,139.25,100
2022-04-07 05:45:00,139.18,139.18,139.18,139.18,100
2022-04-07 05:55:00,139.18,139.18,139.18,139.18,682
2022-04-07 07:05:00,139.49,139.84,139.49,139.84,644
2022-04-07 08:00:00,139.41,139.41,139.41,139.41,100
2022-04-07 09:30:00,138.92,138.99,138.05,138.23,21298
2022-04-07 09:35:00,138.42,138.5299,138.0206,138.45,21686
2022-04-07 09:40:00,138.51,138.51,137.64,137.75,12880
2022-04-07 09:45:00,137.74,138.1694,137.67,137.755,45295
2022-04-07 09:50:00,137.77,138.3376,137.77,138.025,7080
2022-04-07 09:55:00,137.946,138.05,137.8425,137.96,11714
2022-04-07 10:00:00,138.07,138.07,137.73,137.86,13085
2022-04-07 10:05:00,137.73,137.815,137.54,137.66,24090
2022-04-07 10:10:00,137.63,137.86,137.5484,137.8,16119
2022-04-07 10:15:00,137.76,137.92,137.65,137.78,8659
2022-04-07 10:20:00,137.73,137.76,137.26,137.5299,12725
2022-04-07 10:25:00,137.465,137.505,137.31,137.47,11159
2022-04-07 10:30:00,137.5,137.57,137.33,137.41,14626
2022-04-07 10:35:00,137.42,137.5,136.96,137.2,17274
2022-04-07 10:40:00,137.14,137.14,136.81,136.885,10789
2022-04-07 10:45:00,136.84,137.08,136.84,137.02,8513
2022-04-07 10:50:00,137.07,137.2,137.02,137.15,3556
2022-04-07 10:55:00,137.165,137.37,137.15,137.36,6050
2022-04-07 11:00:00,137.4,137.64,137.315,137.445,20902
2022-04-07 11:05:00,137.43,137.46,137.2,137.44,5341
2022-04-07 11:10:00,137.4,137.47,137.35,137.47,5501
2022-04-07 11:15:00,137.43,137.55,137.3,137.55,9847
2022-04-07 11:20:00,137.55,137.72,137.52,137.72,5005
2022-04-07 11:25:00,137.835,138.11,137.705,137.925,13037
2022-04-07 11:30:00,137.925,138.27,137.8938,138.09,13671
2022-04-07 11:35:00,138.13,138.39,137.86,137.87,12017
2022-04-07 11:40:00,137.84,138.135,137.81,138.07,15643
2022-04-07 11:45:00,138.04,138.385,138.0165,138.18,13007
2022-04-07 11:50:00,138.135,138.2199,138.07,138.07,6708
2022-04-07 11:55:00,138.03,138.3,138.03,138.3,6013
2022-04-07 12:00:00,138.28,138.3,137.74,137.74,13194
2022-04-07 12:05:00,137.705,138.03,137.65,137.93,5427
2022-04-07 12:10:00,137.97,138.16,137.91,137.9526,12538
2022-04-07 12:15:00,137.8709,137.8709,137.635,137.69,2795
2022-04-07 12:20:00,137.695,137.84,137.64,137.79,3614
2022-04-07 12:25:00,137.83,138.03,137.78,137.99,7736
2022-04-07 12:30:00,137.99,138.105,137.95,138.08,8601
2022-04-07 12:35:00,138.07,138.27,138.035,138.13,6741
2022-04-07 12:40:00,138.12,138.12,137.99,138.04,6389
2022-04-07 12:45:00,138.06,138.23,138.04,138.1,5551
2022-04-07 12:50:00,138.12,138.385,138.12,138.29,5669
2022-04-07 12:55:00,138.23,138.52,138.225,138.52,11097
2022-04-07 13:00:00,138.49,138.69,138.41,138.69,10648
2022-04-07 13:05:00,138.56,138.69,138.53,138.63,7915
2022-04-07 13:10:00,138.68,138.76,138.46,138.46,14357
2022-04-07 13:15:00,138.39,138.875,138.39,138.8,5938
2022-04-07 13:20:00,138.935,138.98,138.85,138.9,7650
2022-04-07 13:25:00,138.93,139.205,138.9,139.1,9660
2022-04-07 13:30:00,139.1399,139.22,139.055,139.13,10681
2022-04-07 13:35:00,139.12,139.21,139.06,139.06,8452
2022-04-07 13:40:00,139.03,139.11,138.99,138.99,5026
2022-04-07 13:45:00,138.97,139.12,138.95,139.11,6234
2022-04-07 13:50:00,139.1,139.16,138.86,138.88,7254
2022-04-07 13:55:00,138.925,139.72,138.88,139.72,11501
2022-04-07 14:00:00,139.69,139.7,139.29,139.32,19649
2022-04-07 14:05:00,139.28,139.34,139.19,139.3,5312
2022-04-07 14:10:00,139.3,139.32,139.1164,139.1339,5586
2022-04-07 14:15:00,139.12,139.19,138.97,139.1,12058
2022-04-07 14:20:00,139.11,139.2,139.05,139.17,6933
2022-04-07 14:25:00,139.22,139.42,139.095,139.1,6275
2022-04-07 14:30:00,139.11,139.23,139.11,139.17,5580
2022-04-07 14:35:00,139.18,139.2399,139.07,139.215,8764
2022-04-07 14:40:00,139.21,139.25,138.87,138.98,24101
2022-04-07 14:45:00,138.97,139.07,138.84,139.05,9963
2022-04-07 14:50:00,139.0,139.25,138.98,139.22,16529
2022-04-07 14:55:00,139.235,139.53,139.22,139.5273,11378
2022-04-07 15:00:00,139.52,139.95,139.51,139.95,12442
2022-04-07 15:05:00,139.91,140.115,139.8,140.115,14689
2022-04-07 15:10:00,140.105,140.16,140.0,140.145,8874
2022-04-07 15:15:00,140.17,140.17,140.0,140.0,7241
2022-04-07 15:20:00,139.98,140.03,139.61,139.79,18291
2022-04-07 15:25:00,139.85,139.94,139.84,139.94,6304
2022-04-07 15:30:00,139.91,139.98,139.85,139.95,17267
2022-04-07 15:35:00,139.95,139.96,139.76,139.87,30416
2022-04-07 15:40:00,139.87,139.94,139.76,139.94,13905
2022-04-07 15:45:00,139.92,140.17,139.755,139.9,32732
2022-04-07 15:50:00,139.83,139.865,139.48,139.515,36867
2022-04-07 15:55:00,139.485,139.49,139.04,139.1,82175
2022-04-07 16:00:00,139.11,139.11,139.11,139.11,158761
2022-04-08 09:30:00,138.99,139.77,138.99,139.72,22921
2022-04-08 09:35:00,139.82,140.48,139.59,140.18,22058
2022-04-08 09:40:00,140.09,140.23,139.52,139.52,9608
2022-04-08 09:45:00,139.51,139.71,139.42,139.69,6100
2022-04-08 09:50:00,139.745,139.842,139.22,139.33,9042
2022-04-08 09:55:00,139.34,139.68,139.34,139.44,9841
2022-04-08 10:00:00,139.4,140.2,139.34,140.18,10764
2022-04-08 10:05:00,140.16,140.73,140.09,140.62,3193
2022-04-08 10:10:00,140.64,140.805,140.61,140.805,10962
2022-04-08 10:15:00,140.82,141.18,140.79,141.12,8653
2022-04-08 10:20:00,141.18,142.07,141.18,142.03,19579
2022-04-08 10:25:00,142.015,142.535,142.015,142.185,31752
2022-04-08 10:30:00,142.24,142.46,141.9923,142.36,17747
2022-04-08 10:35:00,142.348,142.505,142.05,142.19,15964
2022-04-08 10:40:00,142.19,142.34,141.96,141.97,10386
2022-04-08 10:45:00,141.97,142.32,141.945,142.195,13217
2022-04-08 10:50:00,142.1819,142.64,142.18,142.28,18514
2022-04-08 10:55:00,142.37,142.63,142.24,142.63,13467
2022-04-08 11:00:00,142.65,142.85,142.6,142.74,30648
2022-04-08 11:05:00,142.75,142.75,142.37,142.5,13097
2022-04-08 11:10:00,142.58,142.68,142.49,142.56,11082
2022-04-08 11:15:00,142.59,142.6493,142.36,142.39,19266
2022-04-08 11:20:00,142.37,142.385,141.9635,142.049,5820
2022-04-08 11:25:00,142.06,142.06,141.82,141.89,6159
2022-04-08 11:30:00,141.89,142.21,141.89,141.99,18608
2022-04-08 11:35:00,141.99,141.99,141.58,141.7,12408
2022-04-08 11:40:00,141.67,141.8392,141.65,141.76,9691
2022-04-08 11:45:00,141.73,141.88,141.7,141.7699,21085
2022-04-08 11:50:00,141.68,141.78,141.55,141.6,18980
2022-04-08 11:55:00,141.59,141.795,141.485,141.62,14510
2022-04-08 12:00:00,141.61,141.73,141.52,141.58,11691
2022-04-08 12:05:00,141.595,141.62,141.26,141.26,7311
2022-04-08 12:10:00,141.25,141.26,141.03,141.19,4816
2022-04-08 12:15:00,141.23,141.5,141.16,141.4,5533
2022-04-08 12:20:00,141.4,141.59,141.25,141.25,5524
2022-04-08 12:25:00,141.27,141.49,141.27,141.46,4105
2022-04-08 12:30:00,141.49,141.49,141.09,141.09,8825
2022-04-08 12:35:00,141.14,141.2,141.09,141.17,5941
2022-04-08 12:40:00,141.16,141.29,141.14,141.22,5363
2022-04-08 12:45:00,141.11,141.17,140.91,140.91,4290
2022-04-08 12:50:00,140.905,141.2,140.87,141.2,5605
2022-04-08 12:55:00,141.16,141.23,141.11,141.23,4991
2022-04-08 13:00:00,141.225,141.225,141.025,141.08,6948
2022-04-08 13:05:00,141.07,141.1512,140.95,141.1512,2761
2022-04-08 13:10:00,141.18,141.27,141.14,141.2,5292
2022-04-08 13:15:00,141.15,141.23,141.15,141.17,3844
2022-04-08 13:20:00,141.24,141.41,141.21,141.215,5936
2022-04-08 13:25:00,141.22,141.235,141.14,141.149,6902
2022-04-08 13:30:00,141.13,141.2,141.01,141.01,6468
2022-04-08 13:35:00,141.03,141.03,140.78,140.83,5440
2022-04-08 13:40:00,140.825,140.86,140.73,140.75,5265
2022-04-08 13:45:00,140.7,140.71,140.59,140.705,4532
2022-04-08 13:50:00,140.69,140.82,140.65,140.74,7453
2022-04-08 13:55:00,140.71,140.745,140.66,140.68,4682
2022-04-08 14:00:00,140.68,140.7133,140.39,140.39,14778
2022-04-08 14:05:00,140.36,140.5979,140.32,140.5979,9487
2022-04-08 14:10:00,140.58,140.875,140.45,140.75,18379
2022-04-08 14:15:00,140.755,140.755,140.54,140.6,15487
2022-04-08 14:20:00,140.55,140.699,140.47,140.5,5016
2022-04-08 14:25:00,140.5,140.5,140.335,140.435,8390
2022-04-08 14:30:00,140.43,140.49,140.3342,140.3342,9784
2022-04-08 14:35:00,140.32,140.54,140.31,140.54,4700
2022-04-08 14:40:00,140.52,140.56,140.39,140.53,11797
2022-04-08 14:45:00,140.52,140.8,140.51,140.71,8216
2022-04-08 14:50:00,140.77,141.01,140.74,140.86,13355
2022-04-08 14:55:00,140.9,141.01,140.79,140.95,23061
2022-04-08 15:00:00,140.95,141.02,140.91,141.02,6521
2022-04-08 15:05:00,140.98,141.1,140.95,140.9987,6745
2022-04-08 15:10:00,141.0,141.32,140.97,141.1131,12331
2022-04-08 15:15:00,141.12,141.28,141.02,141.07,7631
2022-04-08 15:20:00,141.09,141.23,141.05,141.23,8349
2022-04-08 15:25:00,141.2,141.25,141.1,141.2,20927
2022-04-08 15:30:00,141.21,141.25,141.065,141.1,13127
2022-04-08 15:35:00,141.07,141.15,141.04,141.11,15461
2022-04-08 15:40:00,141.1,141.255,141.05,141.215,18989
2022-04-08 15:45:00,141.22,141.24,141.02,141.02,25847
2022-04-08 15:50:00,141.0,141.135,140.89,140.94,33865
2022-04-08 15:55:00,140.94,141.04,140.82,140.99,71414
2022-04-08 16:00:00,140.95,140.95,140.92,140.92,145935
2022-04-08 16:25:00,140.92,140.92,140.92,140.92,2156
2022-04-08 18:15:00,140.98,140.98,140.92,140.92,200
2022-04-08 18:35:00,140.5,140.5,140.5,140.5,100
2022-04-08 18:50:00,140.5,140.5,140.5,140.5,100
2022-04-11 09:30:00,140.89,141.59,140.835,141.39,28929
2022-04-11 09:35:00,141.3,142.08,141.3,141.78,10972
2022-04-11 09:40:00,141.84,142.94,141.76,142.92,11408
2022-04-11 09:45:00,142.905,143.145,142.5806,143.0,22432
2022-04-11 09:50:00,142.96,143.79,142.67,143.41,27884
2022-04-11 09:55:00,143.64,144.6,143.52,144.55,24567
2022-04-11 10:00:00,144.49,144.5,143.05,143.05,24817
2022-04-11 10:05:00,143.07,143.9343,142.905,143.9343,34353
2022-04-11 10:10:00,144.08,144.155,143.64,143.7,17501
2022-04-11 10:15:00,143.65,143.65,142.95,142.96,19721
2022-04-11 10:20:00,142.945,143.39,142.88,143.13,21639
2022-04-11 10:25:00,143.17,143.2,142.59,142.82,7894
2022-04-11 10:30:00,142.79,143.29,142.74,143.25,20449
2022-04-11 10:35:00,143.3,143.413,143.11,143.36,26983
2022-04-11 10:40:00,143.38,143.54,143.3,143.42,12310
2022-04-11 10:45:00,143.45,143.58,143.37,143.41,11403
2022-04-11 10:50:00,143.42,143.68,143.22,143.26,16567
2022-04-11 10:55:00,143.21,143.3,142.73,142.73,33765
2022-04-11 11:00:00,142.73,142.73,142.105,142.3,11707
2022-04-11 11:05:00,142.28,142.42,142.19,142.3,12685
2022-04-11 11:10:00,142.295,142.61,142.295,142.46,15476
2022-04-11 11:15:00,142.54,142.605,142.375,142.44,7211
2022-04-11 11:20:00,142.39,142.5,142.29,142.36,6409
2022-04-11 11:25:00,142.4,142.7,142.4,142.7,11448
2022-04-11 11:30:00,142.71,142.945,142.66,142.83,14017
2022-04-11 11:35:00,142.99,143.1899,142.9,143.09,15147
2022-04-11 11:40:00,143.05,143.39,143.04,143.24,13708
2022-04-11 11:45:00,143.21,143.31,143.095,143.17,13133
2022-04-11 11:50:00,143.195,143.21,142.95,143.07,10418
2022-04-11 11:55:00,143.06,143.13,143.01,143.09,5905
2022-04-11 12:00:00,143.08,143.3,143.08,143.29,9093
2022-04-11 12:05:00,143.31,143.48,143.31,143.43,6252
2022-04-11 12:10:00,143.42,143.43,143.14,143.14,7868
2022-04-11 12:15:00,143.16,143.23,143.135,143.135,5783
2022-04-11 12:20:00,143.135,143.22,143.07,143.16,7621
2022-04-11 12:25:00,143.13,143.145,143.04,143.08,6263
2022-04-11 12:30:00,143.08,143.24,143.05,143.24,8989
2022-04-11 12:35:00,143.23,143.34,143.21,143.29,5547
2022-04-11 12:40:00,143.305,143.305,143.04,143.115,7323
2022-04-11 12:45:00,143.11,143.14,142.78,142.83,8401
2022-04-11 12:50:00,142.84,142.88,142.57,142.66,11370
2022-04-11 12:55:00,142.68,142.94,142.67,142.82,8421
2022-04-11 13:00:00,142.84,142.97,142.77,142.87,8670
2022-04-11 13:05:00,142.84,142.85,142.61,142.705,10907
2022-04-11 13:10:00,142.705,142.975,142.65,142.93,17918
2022-04-11 13:15:00,142.91,142.91,142.72,142.855,6329
2022-04-11 13:20:00,142.85,142.85,142.615,142.615,10114
2022-04-11 13:25:00,142.65,142.76,142.58,142.725,6625
2022-04-11 13:30:00,142.75,142.8099,142.63,142.75,9842
2022-04-11 13:35:00,142.75,142.7698,142.505,142.585,10824
2022-04-11 13:40:00,142.58,142.75,142.46,142.46,16076
2022-04-11 13:45:00,142.49,142.5292,142.18,142.19,15291
2022-04-11 13:50:00,142.1,142.18,142.025,142.0486,4761
2022-04-11 13:55:00,142.06,142.27,142.04,142.24,8686
2022-04-11 14:00:00,142.24,142.24,141.82,141.88,9448
2022-04-11 14:05:00,141.93,142.05,141.9,141.9,15366
2022-04-11 14:10:00,141.9,141.98,141.545,141.545,11903
2022-04-11 14:15:00,141.545,141.545,141.2865,141.31,7004
2022-04-11 14:20:00,141.31,141.45,141.28,141.35,5595
2022-04-11 14:25:00,141.35,141.5,141.31,141.49,8724
2022-04-11 14:30:00,141.46,141.62,141.36,141.62,8699
2022-04-11 14:35:00,141.615,141.67,141.56,141.67,9859
2022-04-11 14:40:00,141.685,141.75,141.62,141.66,8900
2022-04-11 14:45:00,141.635,141.65,141.475,141.65,6454
2022-04-11 14:50:00,141.7,141.85,141.5901,141.71,8211
2022-04-11 14:55:00,141.705,141.97,141.705,141.89,8601
2022-04-11 15:00:00,141.83,141.96,141.695,141.695,8254
2022-04-11 15:05:00,141.69,141.89,141.665,141.85,11499
2022-04-11 15:10:00,141.9,141.91,141.65,141.77,11720
2022-04-11 15:15:00,141.78,141.79,141.67,141.78,9495
2022-04-11 15:20:00,141.78,141.78,141.53,141.55,10117
2022-04-11 15:25:00,141.57,141.62,141.53,141.53,9444
2022-04-11 15:30:00,141.54,141.58,141.24,141.28,17469
2022-04-11 15:35:00,141.26,141.27,140.87,140.88,24357
2022-04-11 15:40:00,140.91,140.97,140.71,140.82,22039
2022-04-11 15:45:00,140.785,141.0,140.72,140.87,27154
2022-04-11 15:50:00,140.88,141.075,140.76,140.81,27910
2022-04-11 15:55:00,140.79,141.05,140.71,141.02,79910
2022-04-11 16:00:00,141.0,141.0,141.0,141.0,105139
2022-04-11 16:30:00,141.0,141.0,141.0,141.0,418
2022-04-11 19:50:00,141.0,141.0,141.0,141.0,100
2022-04-12 08:45:00,142.0,142.0,142.0,142.0,300
2022-04-12 08:50:00,142.5,142.5,142.5,142.5,100
2022-04-12 09:30:00,141.99,142.52,141.97,142.48,29595
2022-04-12 09:35:00,142.6,143.4,142.53,143.4,10168
2022-04-12 09:40:00,143.115,143.74,143.115,143.54,8721
2022-04-12 09:45:00,143.64,144.6,143.55,143.77,29207
2022-04-12 09:50:00,143.94,144.27,143.59,143.91,14950
2022-04-12 09:55:00,143.64,143.64,143.23,143.57,11597
2022-04-12 10:00:00,143.57,143.71,143.2,143.565,35334
2022-04-12 10:05:00,143.53,143.73,143.475,143.57,12070
2022-04-12 10:10:00,143.66,143.66,143.18,143.42,7466
2022-04-12 10:15:00,143.47,143.48,142.645,142.76,34090
2022-04-12 10:20:00,142.71,143.31,142.71,143.31,28719
2022-04-12 10:25:00,143.46,143.63,143.055,143.08,16728
2022-04-12 10:30:00,143.115,143.16,142.84,143.1,4809
2022-04-12 10:35:00,143.24,143.24,142.92,142.97,16533
2022-04-12 10:40:00,142.97,143.03,142.675,142.78,7282
2022-04-12 10:45:00,142.765,142.765,142.18,142.25,4965
2022-04-12 10:50:00,142.21,142.21,141.87,141.9577,8166
2022-04-12 10:55:00,141.92,142.02,141.665,141.945,7632
2022-04-12 11:00:00,141.9,142.172,141.765,141.86,9410
2022-04-12 11:05:00,141.85,142.02,141.685,141.79,4651
2022-04-12 11:10:00,141.75,141.86,141.62,141.86,3790
2022-04-12 11:15:00,141.93,141.9331,141.7,141.92,7381
2022-04-12 11:20:00,141.96,142.18,141.91,142.0597,4826
2022-04-12 11:25:00,142.09,142.15,141.93,141.93,5037
2022-04-12 11:30:00,142.0,142.05,141.86,142.025,6223
2022-04-12 11:35:00,142.03,142.18,141.845,141.98,5544
2022-04-12 11:40:00,141.992,142.2,141.94,142.15,6249
2022-04-12 11:45:00,142.1609,142.3125,142.155,142.22,3752
2022-04-12 11:50:00,142.21,142.27,142.14,142.26,3125
2022-04-12 11:55:00,142.28,142.49,142.28,142.42,5027
2022-04-12 12:00:00,142.37,142.375,142.28,142.28,3665
2022-04-12 12:05:00,142.26,142.355,141.93,141.93,4810
2022-04-12 12:10:00,141.96,142.01,141.81,142.01,5295
2022-04-12 12:15:00,141.94,142.075,141.88,141.88,3884
2022-04-12 12:20:00,141.8,141.97,141.75,141.78,8864
2022-04-12 12:25:00,141.66,141.71,141.42,141.56,4880
2022-04-12 12:30:00,141.56,141.74,141.48,141.6,3537
2022-04-12 12:35:00,141.6,141.72,141.32,141.32,5116
2022-04-12 12:40:00,141.29,141.33,141.12,141.12,3958
2022-04-12 12:45:00,141.13,141.13,140.845,141.06,4167
2022-04-12 12:50:00,141.07,141.18,140.9501,140.9501,6929
2022-04-12 12:55:00,141.005,141.05,140.925,140.9698,6526
2022-04-12 13:00:00,140.93,140.99,140.675,140.77,6559
2022-04-12 13:05:00,140.77,141.06,140.77,141.06,6132
2022-04-12 13:10:00,141.06,141.38,141.06,141.21,7990
2022-04-12 13:15:00,141.2,141.33,141.125,141.24,4562
2022-04-12 13:20:00,141.29,141.39,141.17,141.37,7974
2022-04-12 13:25:00,141.355,141.42,141.32,141.32,4300
2022-04-12 13:30:00,141.31,141.47,141.185,141.3615,5248
2022-04-12 13:35:00,141.34,141.42,141.22,141.22,4811
2022-04-12 13:40:00,141.15,141.15,140.775,140.775,5312
2022-04-12 13:45:00,140.76,140.76,140.5,140.54,4994
2022-04-12 13:50:00,140.575,140.58,140.32,140.39,17780
2022-04-12 13:55:00,140.36,140.42,140.215,140.36,9604
2022-04-12 14:00:00,140.32,140.38,140.17,140.34,13261
2022-04-12 14:05:00,140.32,140.63,140.25,140.55,13019
2022-04-12 14:10:00,140.49,140.59,140.47,140.5,11107
2022-04-12 14:15:00,140.46,140.46,140.06,140.205,5037
2022-04-12 14:20:00,140.18,140.29,139.995,140.03,12486
2022-04-12 14:25:00,140.0,140.09,139.82,139.84,15419
2022-04-12 14:30:00,139.84,139.98,139.71,139.91,8846
2022-04-12 14:35:00,139.9,140.17,139.87,140.04,15610
2022-04-12 14:40:00,140.07,140.14,139.96,140.0,16006
2022-04-12 14:45:00,140.08,140.3,140.08,140.14,7416
2022-04-12 14:50:00,140.17,140.46,140.15,140.41,9438
2022-04-12 14:55:00,140.57,140.61,140.46,140.55,7452
2022-04-12 15:00:00,140.52,140.54,140.15,140.2,10208
2022-04-12 15:05:00,140.14,140.19,139.9,139.925,9456
2022-04-12 15:10:00,139.935,140.03,139.87,139.92,33090
2022-04-12 15:15:00,139.96,140.05,139.86,139.97,10553
2022-04-12 15:20:00,140.07,140.25,140.06,140.14,9341
2022-04-12 15:25:00,140.08,140.13,139.86,139.91,8568
2022-04-12 15:30:00,139.92,139.98,139.77,139.79,11254
2022-04-12 15:35:00,139.78,140.07,139.75,140.0,13821
2022-04-12 15:40:00,140.0,140.04,139.8,139.84,41014
2022-04-12 15:45:00,139.79,140.11,139.77,140.04,40064
2022-04-12 15:50:00,140.04,140.21,139.97,140.21,27865
2022-04-12 15:55:00,140.23,140.46,140.14,140.23,65971
2022-04-12 16:00:00,140.28,140.28,140.28,140.28,99132
2022-04-13 09:25:00,140.0,140.0,140.0,140.0,300
2022-04-13 09:30:00,140.01,140.41,139.67,140.16,34448
2022-04-13 09:35:00,140.19,140.29,139.72,140.24,12234
2022-04-13 09:40:00,140.53,140.68,140.015,140.36,13683
2022-04-13 09:45:00,140.44,140.51,140.18,140.18,6040
2022-04-13 09:50:00,140.21,140.485,139.92,140.0,10964
2022-04-13 09:55:00,140.18,140.27,139.82,140.17,5718
2022-04-13 10:00:00,140.165,140.165,139.63,139.645,11662
2022-04-13 10:05:00,139.58,139.81,139.42,139.59,11337
2022-04-13 10:10:00,139.585,140.03,139.585,139.72,7879
2022-04-13 10:15:00,139.76,140.29,139.752,140.29,8216
2022-04-13 10:20:00,140.28,140.56,140.235,140.56,8155
2022-04-13 10:25:00,140.55,140.79,140.37,140.39,19648
2022-04-13 10:30:00,140.38,140.54,140.36,140.48,7407
2022-04-13 10:35:00,140.44,140.65,140.41,140.445,9732
2022-04-13 10:40:00,140.39,140.74,140.255,140.695,5962
2022-04-13 10:45:00,140.75,140.85,140.65,140.85,7824
2022-04-13 10:50:00,140.96,141.235,140.93,141.17,5361
2022-04-13 10:55:00,141.17,141.65,141.17,141.47,12791
2022-04-13 11:00:00,141.47,141.5,141.07,141.35,15880
2022-04-13 11:05:00,141.31,141.41,141.3,141.33,7422
2022-04-13 11:10:00,141.3,141.4,141.22,141.22,9310
2022-04-13 11:15:00,141.2,141.33,141.19,141.3,6266
2022-04-13 11:20:00,141.29,141.57,141.29,141.55,6368
2022-04-13 11:25:00,141.566,141.75,141.566,141.6949,8309
2022-04-13 11:30:00,141.73,141.8,141.6,141.67,10395
2022-04-13 11:35:00,141.69,141.82,141.46,141.55,4262
2022-04-13 11:40:00,141.55,141.61,141.482,141.52,5848
2022-04-13 11:45:00,141.5,141.65,141.48,141.54,8629
2022-04-13 11:50:00,141.5,141.5,141.31,141.405,5284
2022-04-13 11:55:00,141.37,141.45,141.3,141.381,5746
2022-04-13 12:00:00,141.37,141.65,141.37,141.65,4025
2022-04-13 12:05:00,141.65,141.68,141.45,141.47,7025
2022-04-13 12:10:00,141.45,141.46,141.22,141.23,4795
2022-04-13 12:15:00,141.27,141.47,141.2,141.37,5505
2022-04-13 12:20:00,141.3,141.48,141.3,141.48,13501
2022-04-13 12:25:00,141.49,141.49,141.115,141.19,12950
2022-04-13 12:30:00,141.08,141.44,141.08,141.44,2819
2022-04-13 12:35:00,141.42,141.475,141.32,141.3675,7253
2022-04-13 12:40:00,141.42,141.74,141.4,141.63,6723
2022-04-13 12:45:00,141.67,141.7211,141.62,141.7,7583
2022-04-13 12:50:00,141.65,141.77,141.65,141.69,6012
2022-04-13 12:55:00,141.69,141.73,141.37,141.37,5286
2022-04-13 13:00:00,141.36,141.63,141.36,141.63,7100
2022-04-13 13:05:00,141.6,141.74,141.58,141.58,6569
2022-04-13 13:10:00,141.575,141.71,141.575,141.62,4200
2022-04-13 13:15:00,141.65,141.8,141.595,141.8,7074
2022-04-13 13:20:00,141.8,141.84,141.72,141.76,7526
2022-04-13 13:25:00,141.69,141.73,141.45,141.56,7835
2022-04-13 13:30:00,141.61,141.68,141.48,141.52,6630
2022-04-13 13:35:00,141.48,141.55,141.4,141.4,4215
2022-04-13 13:40:00,141.41,141.51,141.4,141.505,3836
2022-04-13 13:45:00,141.54,141.66,141.49,141.64,6187
2022-04-13 13:50:00,141.61,141.62,141.48,141.55,5431
2022-04-13 13:55:00,141.48,141.6,141.42,141.6,5433
2022-04-13 14:00:00,141.6,141.68,141.51,141.67,9559
2022-04-13 14:05:00,141.7,141.95,141.69,141.885,9412
2022-04-13 14:10:00,141.86,141.86,141.4589,141.64,7885
2022-04-13 14:15:00,141.65,141.71,141.605,141.62,5132
2022-04-13 14:20:00,141.635,141.64,141.49,141.575,11014
2022-04-13 14:25:00,141.56,141.76,141.49,141.76,9282
2022-04-13 14:30:00,141.78,141.86,141.76,141.81,9179
2022-04-13 14:35:00,141.83,141.95,141.82,141.8594,12622
2022-04-13 14:40:00,141.85,141.92,141.78,141.9,9078
2022-04-13 14:45:00,141.915,141.95,141.82,141.91,10179
2022-04-13 14:50:00,141.98,142.03,141.93,141.95,8233
2022-04-13 14:55:00,141.935,141.96,141.83,141.86,7016
2022-04-13 15:00:00,141.86,141.86,141.72,141.78,10119
2022-04-13 15:05:00,141.82,141.98,141.82,141.98,8451
2022-04-13 15:10:00,141.97,141.99,141.8,141.835,10604
2022-04-13 15:15:00,141.86,142.09,141.86,142.04,15263
2022-04-13 15:20:00,142.03,142.03,141.94,142.01,10335
2022-04-13 15:25:00,142.0029,142.04,141.89,141.96,13657
2022-04-13 15:30:00,141.96,142.18,141.95,142.15,15855
2022-04-13 15:35:00,142.17,142.18,142.01,142.09,25951
2022-04-13 15:40:00,142.07,142.07,141.94,141.955,28793
2022-04-13 15:45:00,141.97,142.08,141.92,142.03,42204
2022-04-13 15:50:00,141.97,142.01,141.62,141.7,37026
2022-04-13 15:55:00,141.69,141.75,141.39,141.46,123717
2022-04-13 16:00:00,141.45,141.45,141.45,141.45,92677
2022-04-14 09:25:00,142.23,142.66,142.23,142.66,600
2022-04-14 09:30:00,141.78,142.74,141.78,142.2,50344
2022-04-14 09:35:00,142.45,142.94,141.61,141.61,19953
2022-04-14 09:40:00,141.2,141.39,140.89,140.89,10258
2022-04-14 09:45:00,140.89,140.89,140.35,140.67,16904
2022-04-14 09:50:00,140.65,140.8,140.14,140.35,17400
2022-04-14 09:55:00,140.33,140.52,139.885,140.48,20259
2022-04-14 10:00:00,140.51,141.3,140.43,141.22,18151
2022-04-14 10:05:00,141.14,141.205,140.27,140.59,10860
2022-04-14 10:10:00,140.59,141.26,140.57,141.07,11985
2022-04-14 10:15:00,141.12,141.74,140.855,141.68,9516
2022-04-14 10:20:00,141.68,142.2,141.6,142.05,23903
2022-04-14 10:25:00,142.07,142.07,141.485,141.94,17592
2022-04-14 10:30:00,141.97,142.265,141.795,141.98,13115
2022-04-14 10:35:00,141.96,142.11,141.9,142.11,7634
2022-04-14 10:40:00,142.09,142.31,141.88,141.97,10387
2022-04-14 10:45:00,142.06,142.395,142.03,142.13,9958
2022-04-14 10:50:00,142.1,142.1,141.91,141.98,8672
2022-04-14 10:55:00,142.03,142.28,142.005,142.2,15418
2022-04-14 11:00:00,142.08,142.5388,141.98,142.515,12267
2022-04-14 11:05:00,142.545,142.685,142.195,142.29,20183
2022-04-14 11:10:00,142.25,142.545,142.125,142.355,10843
2022-04-14 11:15:00,142.28,142.425,141.8718,141.96,9530
2022-04-14 11:20:00,142.01,142.275,142.0,142.23,9201
2022-04-14 11:25:00,142.23,142.285,142.07,142.17,10111
2022-04-14 11:30:00,142.21,142.345,142.09,142.11,15970
2022-04-14 11:35:00,142.07,142.15,141.89,141.9,8482
2022-04-14 11:40:00,141.83,141.96,141.735,141.8,6974
2022-04-14 11:45:00,141.84,141.93,141.65,141.69,17023
2022-04-14 11:50:00,141.6541,141.735,141.43,141.48,27754
2022-04-14 11:55:00,141.52,141.53,141.2,141.43,19939
2022-04-14 12:00:00,141.41,141.41,141.2,141.24,10916
2022-04-14 12:05:00,141.18,141.47,141.12,141.41,9372
2022-04-14 12:10:00,141.405,141.46,140.995,140.995,11136
2022-04-14 12:15:00,141.02,141.06,140.92,140.95,10336
2022-04-14 12:20:00,140.92,141.12,140.85,141.07,6709
2022-04-14 12:25:00,141.08,141.3,141.04,141.13,11556
2022-04-14 12:30:00,141.1,141.3,140.96,141.13,8827
2022-04-14 12:35:00,141.13,141.28,140.945,140.945,9777
2022-04-14 12:40:00,140.97,141.14,140.96,141.09,11032
2022-04-14 12:45:00,141.07,141.19,140.94,141.1,7206
2022-04-14 12:50:00,141.1294,141.17,140.89,140.91,10627
2022-04-14 12:55:00,140.8,141.02,140.76,141.02,10192
2022-04-14 13:00:00,141.03,141.06,140.775,140.9,11120
2022-04-14 13:05:00,140.94,140.95,140.705,140.725,8741
2022-04-14 13:10:00,140.69,140.9,140.67,140.78,9497
2022-04-14 13:15:00,140.77,140.88,140.66,140.72,10227
2022-04-14 13:20:00,140.79,140.865,140.63,140.74,9136
2022-04-14 13:25:00,140.78,140.82,140.67,140.82,9743
2022-04-14 13:30:00,140.855,140.895,140.7,140.75,13605
2022-04-14 13:35:00,140.77,140.845,140.42,140.61,42530
2022-04-14 13:40:00,140.63,141.3,140.56,141.29,13436
2022-04-14 13:45:00,141.3,141.55,141.3,141.52,10712
2022-04-14 13:50:00,141.47,141.49,141.03,141.1,22038
2022-04-14 13:55:00,141.11,141.245,141.03,141.245,8634
2022-04-14 14:00:00,141.22,141.66,141.22,141.54,18204
2022-04-14 14:05:00,141.57,141.65,141.51,141.53,6012
2022-04-14 14:10:00,141.55,141.58,141.42,141.515,8511
2022-04-14 14:15:00,141.62,141.76,141.54,141.58,10316
2022-04-14 14:20:00,141.55,141.6,141.38,141.38,8174
2022-04-14 14:25:00,141.36,141.385,141.205,141.205,13671
2022-04-14 14:30:00,141.18,141.27,141.03,141.03,15610
2022-04-14 14:35:00,141.03,141.04,140.79,140.935,25460
2022-04-14 14:40:00,140.935,140.955,140.57,140.81,46035
2022-04-14 14:45:00,140.81,140.83,140.66,140.735,30006
2022-04-14 14:50:00,140.735,140.95,140.12,140.15,27790
2022-04-14 14:55:00,140.13,140.255,139.86,139.865,24603
2022-04-14 15:00:00,139.88,139.91,139.59,139.78,17517
2022-04-14 15:05:00,139.79,139.81,139.49,139.49,32428
2022-04-14 15:10:00,139.54,139.89,139.475,139.88,32277
2022-04-14 15:15:00,139.93,140.21,139.93,140.16,15632
2022-04-14 15:20:00,140.23,140.23,140.13,140.175,52093
2022-04-14 15:25:00,140.18,140.18,140.01,140.04,30914
2022-04-14 15:30:00,140.02,140.09,139.915,139.98,37803
2022-04-14 15:35:00,139.9602,140.14,139.93,139.94,26018
2022-04-14 15:40:00,139.94,140.12,139.93,140.08,29525
2022-04-14 15:45:00,140.11,140.49,140.11,140.47,53860
2022-04-14 15:50:00,140.484,140.54,140.26,140.35,63945
2022-04-14 15:55:00,140.39,140.43,140.26,140.32,118035
2022-04-14 16:00:00,140.32,140.32,140.32,140.32,172496
