2022-04-01 08:35:00,53.38,53.38,53.38,53.38,1288
2022-04-01 09:35:00,53.39,53.55,53.09,53.09,28828
2022-04-01 09:40:00,53.105,53.105,52.7,52.81,12800
2022-04-01 09:45:00,52.75,52.95,52.695,52.88,4773
2022-04-01 09:50:00,52.84,52.84,52.56,52.75,11477
2022-04-01 09:55:00,52.68,52.69,52.58,52.61,8502
2022-04-01 10:00:00,52.64,52.79,52.5,52.53,5876
2022-04-01 10:05:00,52.55,52.63,52.5,52.57,8196
2022-04-01 10:10:00,52.65,52.67,52.53,52.5504,4418
2022-04-01 10:15:00,52.52,52.52,52.34,52.35,6329
2022-04-01 10:20:00,52.38,52.41,52.3,52.34,22567
2022-04-01 10:25:00,52.35,52.37,52.17,52.17,8800
2022-04-01 10:30:00,52.17,52.2,52.04,52.05,13061
2022-04-01 10:35:00,52.09,52.13,51.87,51.895,17707
2022-04-01 10:40:00,51.89,51.95,51.77,51.82,9633
2022-04-01 10:45:00,51.82,51.89,51.71,51.71,10165
2022-04-01 10:50:00,51.735,51.77,51.7,51.74,8609
2022-04-01 10:55:00,51.755,51.805,51.73,51.781,7948
2022-04-01 11:00:00,51.78,51.86,51.77,51.79,13028
2022-04-01 11:05:00,51.78,51.98,51.78,51.92,7807
2022-04-01 11:10:00,51.92,51.94,51.82,51.88,7366
2022-04-01 11:15:00,51.88,51.9,51.83,51.85,5856
2022-04-01 11:20:00,51.865,52.02,51.85,52.01,7272
2022-04-01 11:25:00,52.04,52.04,51.9175,51.9175,15553
2022-04-01 11:30:00,51.92,52.04,51.895,52.03,11522
2022-04-01 11:35:00,52.035,52.14,52.035,52.06,11163
2022-04-01 11:40:00,52.06,52.06,51.94,51.97,7420
2022-04-01 11:45:00,51.94,51.94,51.79,51.79,9897
2022-04-01 11:50:00,51.82,51.87,51.77,51.8,6610
2022-04-01 11:55:00,51.8,51.84,51.75,51.79,7767
2022-04-01 12:00:00,51.78,51.81,51.76,51.77,3267
2022-04-01 12:05:00,51.76,51.76,51.6,51.605,8005
2022-04-01 12:10:00,51.59,51.64,51.58,51.615,6278
2022-04-01 12:15:00,51.63,51.685,51.59,51.67,6973
2022-04-01 12:20:00,51.68,51.7109,51.65,51.65,2951
2022-04-01 12:25:00,51.6799,51.71,51.66,51.69,3185
2022-04-01 12:30:00,51.71,51.71,51.59,51.6,2780
2022-04-01 12:35:00,51.6,51.6,51.52,51.56,5225
2022-04-01 12:40:00,51.56,51.5821,51.52,51.575,3100
2022-04-01 12:45:00,51.59,51.59,51.525,51.57,6494
2022-04-01 12:50:00,51.6,51.69,51.57,51.65,3115
2022-04-01 12:55:00,51.685,51.74,51.67,51.695,1756
2022-04-01 13:00:00,51.685,51.745,51.67,51.74,3940
2022-04-01 13:05:00,51.74,51.79,51.73,51.765,5280
2022-04-01 13:10:00,51.72,51.79,51.69,51.79,8217
2022-04-01 13:15:00,51.79,51.83,51.79,51.83,2001
2022-04-01 13:20:00,51.8,51.8,51.73,51.78,5798
2022-04-01 13:25:00,51.77,51.77,51.5905,51.64,5208
2022-04-01 13:30:00,51.65,51.66,51.615,51.66,5027
2022-04-01 13:35:00,51.66,51.76,51.65,51.76,4122
2022-04-01 13:40:00,51.755,51.79,51.72,51.79,2630
2022-04-01 13:45:00,51.795,51.8,51.73,51.73,4266
2022-04-01 13:50:00,51.75,51.76,51.69,51.755,5314
2022-04-01 13:55:00,51.74,51.84,51.73,51.84,4190
2022-04-01 14:00:00,51.85,51.98,51.85,51.97,5640
2022-04-01 14:05:00,51.975,52.03,51.94,51.96,4146
2022-04-01 14:10:00,51.96,51.97,51.93,51.95,5732
2022-04-01 14:15:00,51.96,51.96,51.895,51.9,4070
2022-04-01 14:20:00,51.92,51.97,51.87,51.96,4976
2022-04-01 14:25:00,51.95,52.02,51.95,52.02,5593
2022-04-01 14:30:00,51.99,52.05,51.98,52.029,6873
2022-04-01 14:35:00,52.0375,52.0375,51.99,51.99,3144
2022-04-01 14:40:00,52.005,52.005,51.97,52.0,4418
2022-04-01 14:45:00,51.99,52.0,51.92,52.0,8331
2022-04-01 14:50:00,52.0,52.03,51.98,52.03,6905
2022-04-01 14:55:00,52.05,52.1,52.02,52.03,14868
2022-04-01 15:00:00,52.05,52.2,52.05,52.2,5881
2022-04-01 15:05:00,52.18,52.21,52.17,52.17,4471
2022-04-01 15:10:00,52.185,52.25,52.18,52.25,6424
2022-04-01 15:15:00,52.25,52.29,52.23,52.28,4217
2022-04-01 15:20:00,52.285,52.32,52.26,52.29,6357
2022-04-01 15:25:00,52.305,52.305,52.2,52.2,11107
2022-04-01 15:30:00,52.195,52.2,52.13,52.13,11654
2022-04-01 15:35:00,52.15,52.28,52.13,52.25,32300
2022-04-01 15:40:00,52.25,52.32,52.2301,52.25,14096
2022-04-01 15:45:00,52.24,52.27,52.205,52.25,18166
2022-04-01 15:50:00,52.27,52.43,52.27,52.36,35190
2022-04-01 15:55:00,52.37,52.44,52.345,52.42,65946
2022-04-01 16:00:00,52.42,52.42,52.42,52.42,190975
2022-04-04 09:30:00,52.25,52.38,51.7088,51.77,32262
2022-04-04 09:35:00,51.62,51.63,50.75,50.83,25628
2022-04-04 09:40:00,50.845,51.01,50.785,50.985,5786
2022-04-04 09:45:00,50.93,51.09,50.79,51.04,26343
2022-04-04 09:50:00,50.99,51.19,50.94,51.11,7951
2022-04-04 09:55:00,51.125,51.3202,51.125,51.315,6976
2022-04-04 10:00:00,51.4,51.65,51.33,51.46,24915
2022-04-04 10:05:00,51.44,51.525,51.23,51.445,5514
2022-04-04 10:10:00,51.4,51.43,51.26,51.43,7057
2022-04-04 10:15:00,51.39,51.42,51.285,51.38,8414
2022-04-04 10:20:00,51.395,51.6326,51.36,51.6188,5973
2022-04-04 10:25:00,51.63,51.775,51.63,51.7,5444
2022-04-04 10:30:00,51.71,51.792,51.67,51.71,5564
2022-04-04 10:35:00,51.68,51.725,51.58,51.58,7762
2022-04-04 10:40:00,51.61,51.624,51.57,51.59,4226
2022-04-04 10:45:00,51.57,51.67,51.57,51.64,5353
2022-04-04 10:50:00,51.645,51.725,51.59,51.67,4674
2022-04-04 10:55:00,51.71,51.75,51.65,51.65,6714
2022-04-04 11:00:00,51.64,51.68,51.45,51.45,5836
2022-04-04 11:05:00,51.47,51.52,51.27,51.27,12159
2022-04-04 11:10:00,51.26,51.28,51.17,51.25,4673
2022-04-04 11:15:00,51.265,51.45,51.25,51.415,5037
2022-04-04 11:20:00,51.43,51.55,51.43,51.51,2904
2022-04-04 11:25:00,51.54,51.58,51.395,51.56,9723
2022-04-04 11:30:00,51.56,51.74,51.53,51.69,9743
2022-04-04 11:35:00,51.69,51.78,51.65,51.71,6230
2022-04-04 11:40:00,51.7,51.71,51.64,51.645,4069
2022-04-04 11:45:00,51.645,51.71,51.61,51.66,5553
2022-04-04 11:50:00,51.65,51.65,51.56,51.59,5335
2022-04-04 11:55:00,51.62,51.74,51.62,51.67,4585
2022-04-04 12:00:00,51.685,51.685,51.6,51.63,5668
2022-04-04 12:05:00,51.64,51.6653,51.59,51.62,6558
2022-04-04 12:10:00,51.62,51.7,51.51,51.66,13425
2022-04-04 12:15:00,51.65,51.7,51.62,51.66,11340
2022-04-04 12:20:00,51.66,51.68,51.63,51.65,4211
2022-04-04 12:25:00,51.65,51.71,51.62,51.7,10455
2022-04-04 12:30:00,51.7,51.715,51.66,51.69,4402
2022-04-04 12:35:00,51.695,51.72,51.68,51.7,4188
2022-04-04 12:40:00,51.68,51.7,51.645,51.645,3986
2022-04-04 12:45:00,51.66,51.78,51.66,51.78,3120
2022-04-04 12:50:00,51.78,51.78,51.73,51.76,2879
2022-04-04 12:55:00,51.8,51.8,51.75,51.775,2307
2022-04-04 13:00:00,51.775,51.79,51.75,51.76,3162
2022-04-04 13:05:00,51.77,51.79,51.74,51.79,5288
2022-04-04 13:10:00,51.79,51.9,51.77,51.77,4279
2022-04-04 13:15:00,51.77,51.85,51.77,51.835,3383
2022-04-04 13:20:00,51.84,51.94,51.84,51.925,6384
2022-04-04 13:25:00,51.91,51.955,51.9,51.93,11310
2022-04-04 13:30:00,51.935,52.0,51.93,52.0,3634
2022-04-04 13:35:00,52.01,52.1,52.01,52.1,5212
2022-04-04 13:40:00,52.12,52.14,51.97,52.02,7356
2022-04-04 13:45:00,52.015,52.03,52.0,52.0,1603
2022-04-04 13:50:00,51.98,52.0,51.935,51.95,4434
2022-04-04 13:55:00,51.945,51.945,51.86,51.8768,7605
2022-04-04 14:00:00,51.89,52.03,51.89,52.03,4061
2022-04-04 14:05:00,52.05,52.14,52.05,52.095,4160
2022-04-04 14:10:00,52.095,52.095,52.04,52.04,2500
2022-04-04 14:15:00,52.06,52.11,52.06,52.1,3411
2022-04-04 14:20:00,52.0997,52.11,52.05,52.07,3768
2022-04-04 14:25:00,52.0601,52.11,52.05,52.11,2833
2022-04-04 14:30:00,52.08,52.1,52.03,52.045,8572
2022-04-04 14:35:00,52.04,52.08,52.04,52.08,3867
2022-04-04 14:40:00,52.085,52.085,52.05,52.06,5614
2022-04-04 14:45:00,52.07,52.09,52.02,52.06,5616
2022-04-04 14:50:00,52.06,52.08,52.05,52.06,4023
2022-04-04 14:55:00,52.075,52.11,52.075,52.11,3728
2022-04-04 15:00:00,52.115,52.13,52.109,52.11,9411
2022-04-04 15:05:00,52.1,52.1,52.02,52.02,3825
2022-04-04 15:10:00,52.03,52.11,52.03,52.11,4830
2022-04-04 15:15:00,52.11,52.11,52.06,52.06,4441
2022-04-04 15:20:00,52.07,52.1,52.05,52.07,4782
2022-04-04 15:25:00,52.065,52.07,52.06,52.065,2481
2022-04-04 15:30:00,52.07,52.09,52.025,52.025,16488
2022-04-04 15:35:00,52.02,52.18,52.01,52.12,16892
2022-04-04 15:40:00,52.12,52.13,52.01,52.05,15562
2022-04-04 15:45:00,52.05,52.26,52.04,52.22,30928
2022-04-04 15:50:00,52.21,52.33,52.21,52.24,49654
2022-04-04 15:55:00,52.23,52.23,52.04,52.08,130801
2022-04-04 16:00:00,52.07,52.07,52.07,52.07,243744
2022-04-05 09:30:00,51.69,52.35,51.69,52.26,24653
2022-04-05 09:35:00,52.2,52.25,52.02,52.14,2528
2022-04-05 09:40:00,52.11,52.4,52.11,52.22,6996
2022-04-05 09:45:00,52.25,52.29,51.98,51.98,6058
2022-04-05 09:50:00,52.02,52.21,52.02,52.0532,5374
2022-04-05 09:55:00,52.11,52.25,52.06,52.1,4118
2022-04-05 10:00:00,52.14,52.28,52.13,52.13,5913
2022-04-05 10:05:00,52.15,52.15,52.04,52.1,4941
2022-04-05 10:10:00,52.08,52.08,52.03,52.06,2077
2022-04-05 10:15:00,52.045,52.06,51.89,51.89,4236
2022-04-05 10:20:00,51.93,51.95,51.8,51.81,2452
2022-04-05 10:25:00,51.75,51.91,51.74,51.88,3075
2022-04-05 10:30:00,51.83,51.91,51.83,51.84,1779
2022-04-05 10:35:00,51.78,51.99,51.78,51.98,2621
2022-04-05 10:40:00,51.99,52.02,51.89,51.9127,4404
2022-04-05 10:45:00,51.86,52.01,51.86,51.965,3591
2022-04-05 10:50:00,51.91,51.95,51.91,51.95,2222
2022-04-05 10:55:00,51.95,52.0058,51.9,51.97,9144
2022-04-05 11:00:00,51.92,51.99,51.89,51.92,2931
2022-04-05 11:05:00,51.92,51.92,51.83,51.89,2904
2022-04-05 11:10:00,51.92,51.92,51.83,51.85,3996
2022-04-05 11:15:00,51.87,51.945,51.8,51.85,4890
2022-04-05 11:20:00,51.8603,51.92,51.82,51.82,2130
2022-04-05 11:25:00,51.85,51.93,51.81,51.93,2943
2022-04-05 11:30:00,51.93,52.03,51.93,52.025,4431
2022-04-05 11:35:00,52.0286,52.04,51.96,51.98,8147
2022-04-05 11:40:00,51.99,52.07,51.98,52.07,6079
2022-04-05 11:45:00,52.08,52.1,51.98,51.985,2935
2022-04-05 11:50:00,51.9906,52.05,51.96,52.05,12218
2022-04-05 11:55:00,52.06,52.06,51.93,51.96,17139
2022-04-05 12:00:00,51.93,51.93,51.69,51.73,20196
2022-04-05 12:05:00,51.72,51.79,51.72,51.77,10509
2022-04-05 12:10:00,51.77,51.77,51.63,51.64,3918
2022-04-05 12:15:00,51.64,51.67,51.53,51.53,9199
2022-04-05 12:20:00,51.55,51.69,51.54,51.68,10002
2022-04-05 12:25:00,51.66,51.74,51.64,51.67,4459
2022-04-05 12:30:00,51.67,51.7099,51.65,51.68,8149
2022-04-05 12:35:00,51.6957,51.74,51.68,51.72,1900
2022-04-05 12:40:00,51.72,51.73,51.63,51.63,4562
2022-04-05 12:45:00,51.61,51.61,51.54,51.59,5018
2022-04-05 12:50:00,51.59,51.77,51.59,51.74,5380
2022-04-05 12:55:00,51.6696,51.74,51.6696,51.7,2154
2022-04-05 13:00:00,51.685,51.685,51.66,51.665,1381
2022-04-05 13:05:00,51.65,51.67,51.62,51.66,5036
2022-04-05 13:10:00,51.67,51.675,51.605,51.61,2213
2022-04-05 13:15:00,51.6,51.755,51.6,51.755,3696
2022-04-05 13:20:00,51.7574,51.8,51.74,51.74,3223
2022-04-05 13:25:00,51.755,51.78,51.74,51.76,4286
2022-04-05 13:30:00,51.7705,51.78,51.74,51.76,3859
2022-04-05 13:35:00,51.76,51.785,51.76,51.785,1060
2022-04-05 13:40:00,51.77,51.8,51.73,51.79,17152
2022-04-05 13:45:00,51.78,51.7858,51.7194,51.7194,2203
2022-04-05 13:50:00,51.7,51.7,51.6,51.6,16217
2022-04-05 13:55:00,51.58,51.64,51.58,51.62,3413
2022-04-05 14:00:00,51.621,51.621,51.54,51.54,6234
2022-04-05 14:05:00,51.54,51.59,51.5,51.575,7516
2022-04-05 14:10:00,51.575,51.62,51.56,51.62,4961
2022-04-05 14:15:00,51.6287,51.6608,51.61,51.64,1652
2022-04-05 14:20:00,51.67,51.74,51.66,51.69,4570
2022-04-05 14:25:00,51.68,51.7,51.64,51.64,3073
2022-04-05 14:30:00,51.65,51.67,51.61,51.61,3243
2022-04-05 14:35:00,51.59,51.595,51.56,51.59,3823
2022-04-05 14:40:00,51.6,51.65,51.57,51.64,3731
2022-04-05 14:45:00,51.63,51.64,51.59,51.6147,4768
2022-04-05 14:50:00,51.625,51.65,51.58,51.65,4709
2022-04-05 14:55:00,51.65,51.67,51.59,51.59,3959
2022-04-05 15:00:00,51.59,51.625,51.55,51.57,3362
2022-04-05 15:05:00,51.57,51.58,51.54,51.58,4708
2022-04-05 15:10:00,51.6,51.6,51.55,51.555,3113
2022-04-05 15:15:00,51.56,51.6,51.55,51.57,6423
2022-04-05 15:20:00,51.56,51.56,51.51,51.56,8139
2022-04-05 15:25:00,51.57,51.57,51.54,51.55,6692
2022-04-05 15:30:00,51.54,51.54,51.45,51.45,9989
2022-04-05 15:35:00,51.45,51.46,51.3941,51.405,12100
2022-04-05 15:40:00,51.4,51.4903,51.4,51.435,12558
2022-04-05 15:45:00,51.45,51.45,51.32,51.335,12022
2022-04-05 15:50:00,51.31,51.43,51.29,51.4,27322
2022-04-05 15:55:00,51.39,51.41,51.33,51.41,64919
2022-04-05 16:00:00,51.39,51.39,51.39,51.39,517843
2022-04-06 09:30:00,51.3,51.66,50.8901,50.94,22078
2022-04-06 09:35:00,50.89,51.12,50.79,51.02,4691
2022-04-06 09:40:00,51.02,51.11,50.97,51.1,9549
2022-04-06 09:45:00,51.17,51.2,51.04,51.165,21223
2022-04-06 09:50:00,51.15,51.21,51.03,51.195,21609
2022-04-06 09:55:00,51.2,51.23,51.05,51.085,6866
2022-04-06 10:00:00,51.12,51.2,51.1,51.13,6072
2022-04-06 10:05:00,51.125,51.125,50.8,50.81,6700
2022-04-06 10:10:00,50.81,50.89,50.69,50.71,10902
2022-04-06 10:15:00,50.74,50.86,50.715,50.8,6810
2022-04-06 10:20:00,50.8,50.88,50.79,50.87,5622
2022-04-06 10:25:00,50.88,50.96,50.85,50.9,7777
2022-04-06 10:30:00,50.93,51.0,50.89,51.0,5824
2022-04-06 10:35:00,51.0,51.2,50.985,51.17,3609
2022-04-06 10:40:00,51.19,51.22,51.01,51.04,3234
2022-04-06 10:45:00,51.03,51.09,50.985,51.02,4247
2022-04-06 10:50:00,51.02,51.04,50.89,50.915,4802
2022-04-06 10:55:00,50.93,50.98,50.85,50.96,10304
2022-04-06 11:00:00,50.96,51.0,50.81,50.9,10628
2022-04-06 11:05:00,50.9,51.05,50.895,51.05,5146
2022-04-06 11:10:00,51.02,51.07,50.93,51.07,3354
2022-04-06 11:15:00,51.05,51.09,51.03,51.04,7460
2022-04-06 11:20:00,51.06,51.1,51.03,51.085,9631
2022-04-06 11:25:00,51.085,51.09,50.97,51.03,3797
2022-04-06 11:30:00,51.02,51.05,50.95,51.01,5506
2022-04-06 11:35:00,51.02,51.07,51.01,51.06,5212
2022-04-06 11:40:00,51.07,51.08,51.015,51.015,4554
2022-04-06 11:45:00,51.01,51.13,51.01,51.09,6477
2022-04-06 11:50:00,51.1,51.14,51.08,51.13,5994
2022-04-06 11:55:00,51.14,51.225,51.12,51.21,6274
2022-04-06 12:00:00,51.22,51.25,51.19,51.22,9201
2022-04-06 12:05:00,51.23,51.32,51.23,51.32,2000
2022-04-06 12:10:00,51.32,51.36,51.23,51.245,3317
2022-04-06 12:15:00,51.25,51.25,51.09,51.105,15862
2022-04-06 12:20:00,51.105,51.2,51.0401,51.1657,25767
2022-04-06 12:25:00,51.19,51.21,51.135,51.18,6027
2022-04-06 12:30:00,51.18,51.24,51.18,51.23,6783
2022-04-06 12:35:00,51.24,51.24,51.175,51.175,1537
2022-04-06 12:40:00,51.175,51.175,51.035,51.035,3523
2022-04-06 12:45:00,51.06,51.08,51.04,51.05,6134
2022-04-06 12:50:00,51.035,51.035,50.8917,50.92,5822
2022-04-06 12:55:00,50.925,50.95,50.91,50.91,3594
2022-04-06 13:00:00,50.89,50.89,50.83,50.8889,3281
2022-04-06 13:05:00,50.89,50.94,50.85,50.87,5968
2022-04-06 13:10:00,50.88,50.89,50.8392,50.87,2943
2022-04-06 13:15:00,50.875,50.895,50.82,50.82,3530
2022-04-06 13:20:00,50.811,50.915,50.811,50.91,4497
2022-04-06 13:25:00,50.9,50.9,50.86,50.86,4175
2022-04-06 13:30:00,50.84,50.92,50.81,50.89,3683
2022-04-06 13:35:00,50.915,50.9533,50.845,50.95,52120
2022-04-06 13:40:00,50.945,51.0,50.91,51.0,26610
2022-04-06 13:45:00,50.97,51.01,50.94,50.995,7243
2022-04-06 13:50:00,51.03,51.06,50.97,51.024,4296
2022-04-06 13:55:00,51.0,51.15,50.99,51.145,10200
2022-04-06 14:00:00,51.13,51.3,51.0,51.26,51677
2022-04-06 14:05:00,51.24,51.24,50.88,50.88,5659
2022-04-06 14:10:00,50.92,50.95,50.86,50.93,5256
2022-04-06 14:15:00,50.94,50.96,50.91,50.94,4508
2022-04-06 14:20:00,50.96,50.99,50.88,50.89,9248
2022-04-06 14:25:00,50.89,50.94,50.79,50.83,13736
2022-04-06 14:30:00,50.84,50.85,50.74,50.83,11882
2022-04-06 14:35:00,50.81,50.83,50.76,50.77,9407
2022-04-06 14:40:00,50.75,50.91,50.72,50.9,5388
2022-04-06 14:45:00,50.89,51.04,50.89,50.965,10889
2022-04-06 14:50:00,50.98,51.01,50.92,50.965,6710
2022-04-06 14:55:00,50.98,50.98,50.9,50.915,3682
2022-04-06 15:00:00,50.93,50.97,50.87,50.88,8478
2022-04-06 15:05:00,50.86,50.86,50.805,50.86,4577
2022-04-06 15:10:00,50.845,50.91,50.845,50.89,5730
2022-04-06 15:15:00,50.875,50.895,50.835,50.85,7631
2022-04-06 15:20:00,50.86,50.86,50.715,50.715,5254
2022-04-06 15:25:00,50.7,50.74,50.63,50.64,7229
2022-04-06 15:30:00,50.63,50.64,50.52,50.585,20940
2022-04-06 15:35:00,50.585,50.71,50.585,50.705,10759
2022-04-06 15:40:00,50.705,50.75,50.655,50.69,15017
2022-04-06 15:45:00,50.69,50.81,50.67,50.795,20111
2022-04-06 15:50:00,50.81,50.86,50.68,50.68,51355
2022-04-06 15:55:00,50.7,50.829,50.68,50.76,107111
2022-04-06 16:00:00,50.78,50.78,50.76,50.76,230042
2022-04-06 17:05:00,50.76,50.76,50.76,50.76,2372
2022-04-07 09:30:00,50.66,50.66,50.3,50.32,13726
2022-04-07 09:35:00,50.35,50.44,50.07,50.145,15107
2022-04-07 09:40:00,50.22,50.3,50.19,50.28,2114
2022-04-07 09:45:00,50.24,50.36,50.18,50.225,2225
2022-04-07 09:50:00,50.24,50.28,50.12,50.12,4196
2022-04-07 09:55:00,50.09,50.16,49.9,49.93,11643
2022-04-07 10:00:00,49.92,49.92,49.77,49.845,11389
2022-04-07 10:05:00,49.88,49.99,49.86,49.96,6127
2022-04-07 10:10:00,49.97,50.0599,49.88,49.88,5111
2022-04-07 10:15:00,49.9,50.095,49.875,50.05,7597
2022-04-07 10:20:00,50.09,50.12,49.99,50.03,9699
2022-04-07 10:25:00,50.01,50.04,49.88,49.925,11457
2022-04-07 10:30:00,49.95,50.07,49.93,50.01,6742
2022-04-07 10:35:00,49.99,50.14,49.92,50.1,20093
2022-04-07 10:40:00,50.08,50.155,50.015,50.155,6266
2022-04-07 10:45:00,50.16,50.18,50.05,50.05,5499
2022-04-07 10:50:00,50.045,50.085,50.01,50.075,3530
2022-04-07 10:55:00,50.1,50.16,50.07,50.15,6422
2022-04-07 11:00:00,50.15,50.29,50.15,50.16,6437
2022-04-07 11:05:00,50.18,50.245,50.07,50.11,10105
2022-04-07 11:10:00,50.08,50.12,50.065,50.08,5408
2022-04-07 11:15:00,50.11,50.3,50.11,50.3,7783
2022-04-07 11:20:00,50.32,50.38,50.3,50.33,20328
2022-04-07 11:25:00,50.335,50.38,50.19,50.23,12360
2022-04-07 11:30:00,50.28,50.32,50.11,50.32,22552
2022-04-07 11:35:00,50.335,50.47,50.29,50.345,27609
2022-04-07 11:40:00,50.345,50.355,50.17,50.225,21467
2022-04-07 11:45:00,50.21,50.28,50.16,50.205,47570
2022-04-07 11:50:00,50.19,50.405,50.18,50.34,11469
2022-04-07 11:55:00,50.3675,50.4,50.3675,50.375,2250
2022-04-07 12:00:00,50.35,50.35,50.19,50.195,5241
2022-04-07 12:05:00,50.21,50.21,50.16,50.2,3811
2022-04-07 12:10:00,50.2,50.225,50.18,50.18,3917
2022-04-07 12:15:00,50.18,50.185,50.09,50.09,5956
2022-04-07 12:20:00,50.07,50.13,50.07,50.13,3942
2022-04-07 12:25:00,50.15,50.24,50.15,50.19,3070
2022-04-07 12:30:00,50.195,50.26,50.19,50.22,4563
2022-04-07 12:35:00,50.22,50.29,50.22,50.29,3244
2022-04-07 12:40:00,50.3,50.36,50.3,50.35,4370
2022-04-07 12:45:00,50.355,50.41,50.32,50.335,7362
2022-04-07 12:50:00,50.33,50.44,50.33,50.44,10789
2022-04-07 12:55:00,50.44,50.475,50.345,50.39,7137
2022-04-07 13:00:00,50.39,50.39,50.305,50.32,5589
2022-04-07 13:05:00,50.33,50.33,50.265,50.28,5244
2022-04-07 13:10:00,50.27,50.46,50.27,50.45,3380
2022-04-07 13:15:00,50.43,50.48,50.41,50.48,4378
2022-04-07 13:20:00,50.47,50.485,50.46,50.47,2833
2022-04-07 13:25:00,50.48,50.485,50.45,50.465,4611
2022-04-07 13:30:00,50.47,50.54,50.445,50.445,15239
2022-04-07 13:35:00,50.45,50.46,50.415,50.45,4438
2022-04-07 13:40:00,50.44,50.44,50.39,50.42,3956
2022-04-07 13:45:00,50.44,50.522,50.44,50.5,7881
2022-04-07 13:50:00,50.53,50.53,50.445,50.445,6001
2022-04-07 13:55:00,50.445,50.57,50.445,50.57,6383
2022-04-07 14:00:00,50.555,50.62,50.55,50.55,11404
2022-04-07 14:05:00,50.535,50.535,50.445,50.45,4053
2022-04-07 14:10:00,50.47,50.53,50.45,50.51,4860
2022-04-07 14:15:00,50.5,50.52,50.48,50.485,4229
2022-04-07 14:20:00,50.49,50.5,50.46,50.46,2224
2022-04-07 14:25:00,50.47,50.54,50.47,50.525,10864
2022-04-07 14:30:00,50.51,50.56,50.49,50.5,8705
2022-04-07 14:35:00,50.495,50.58,50.49,50.565,5300
2022-04-07 14:40:00,50.58,50.58,50.52,50.55,28452
2022-04-07 14:45:00,50.55,50.6948,50.55,50.69,10691
2022-04-07 14:50:00,50.69,50.73,50.645,50.73,7300
2022-04-07 14:55:00,50.73,50.82,50.73,50.79,31447
2022-04-07 15:00:00,50.78,50.875,50.71,50.8,38615
2022-04-07 15:05:00,50.77,50.78,50.64,50.73,26329
2022-04-07 15:10:00,50.7301,50.735,50.68,50.7,9989
2022-04-07 15:15:00,50.71,50.7229,50.63,50.64,7496
2022-04-07 15:20:00,50.63,50.63,50.545,50.61,9736
2022-04-07 15:25:00,50.61,50.64,50.52,50.56,11299
2022-04-07 15:30:00,50.58,50.615,50.55,50.58,9223
2022-04-07 15:35:00,50.58,50.625,50.54,50.609,14633
2022-04-07 15:40:00,50.6,50.6,50.52,50.53,18759
2022-04-07 15:45:00,50.53,50.6,50.4971,50.59,24907
2022-04-07 15:50:00,50.58,50.58,50.5,50.53,34942
2022-04-07 15:55:00,50.52,50.53,50.47,50.5,75486
2022-04-07 16:00:00,50.49,50.49,50.49,50.49,300511
2022-04-07 16:25:00,50.49,50.49,50.49,50.49,100
2022-04-08 08:05:00,50.85,50.85,50.32,50.32,600
2022-04-08 09:30:00,50.93,51.42,50.89,50.975,28197
2022-04-08 09:35:00,51.01,51.21,51.0,51.06,11625
2022-04-08 09:40:00,51.03,51.03,50.69,50.69,21175
2022-04-08 09:45:00,50.635,50.76,50.59,50.73,7349
2022-04-08 09:50:00,50.715,50.93,50.715,50.925,11755
2022-04-08 09:55:00,50.95,51.15,50.89,51.15,9970
2022-04-08 10:00:00,51.16,51.24,51.05,51.105,13729
2022-04-08 10:05:00,51.105,51.265,51.1,51.265,15577
2022-04-08 10:10:00,51.24,51.24,51.063,51.081,12568
2022-04-08 10:15:00,51.11,51.12,51.04,51.115,10613
2022-04-08 10:20:00,51.12,51.16,51.06,51.16,3952
2022-04-08 10:25:00,51.143,51.18,51.04,51.1,13260
2022-04-08 10:30:00,51.075,51.15,51.075,51.115,6406
2022-04-08 10:35:00,51.1,51.17,51.09,51.145,5001
2022-04-08 10:40:00,51.1666,51.25,51.14,51.24,7068
2022-04-08 10:45:00,51.265,51.355,51.265,51.355,11047
2022-04-08 10:50:00,51.365,51.45,51.365,51.435,5705
2022-04-08 10:55:00,51.435,51.46,51.4,51.44,14616
2022-04-08 11:00:00,51.44,51.515,51.44,51.51,8968
2022-04-08 11:05:00,51.525,51.62,51.525,51.61,12899
2022-04-08 11:10:00,51.615,51.7,51.585,51.65,11434
2022-04-08 11:15:00,51.62,51.69,51.61,51.635,13613
2022-04-08 11:20:00,51.62,51.65,51.6,51.635,5779
2022-04-08 11:25:00,51.61,51.665,51.55,51.59,5116
2022-04-08 11:30:00,51.61,51.7389,51.61,51.69,3160
2022-04-08 11:35:00,51.7,51.7,51.61,51.61,2538
2022-04-08 11:40:00,51.61,51.61,51.48,51.5,5547
2022-04-08 11:45:00,51.49,51.49,51.44,51.49,3201
2022-04-08 11:50:00,51.5,51.52,51.48,51.48,3060
2022-04-08 11:55:00,51.47,51.4917,51.47,51.49,3393
2022-04-08 12:00:00,51.47,51.51,51.42,51.51,7572
2022-04-08 12:05:00,51.52,51.55,51.47,51.47,3485
2022-04-08 12:10:00,51.485,51.5,51.36,51.36,2777
2022-04-08 12:15:00,51.36,51.445,51.33,51.445,8115
2022-04-08 12:20:00,51.445,51.49,51.445,51.49,1065
2022-04-08 12:25:00,51.52,51.57,51.48,51.57,5787
2022-04-08 12:30:00,51.555,51.555,51.5,51.5,3216
2022-04-08 12:35:00,51.52,51.575,51.52,51.56,3591
2022-04-08 12:40:00,51.57,51.57,51.48,51.54,10976
2022-04-08 12:45:00,51.53,51.53,51.4,51.44,8389
2022-04-08 12:50:00,51.43,51.525,51.41,51.525,5017
2022-04-08 12:55:00,51.5291,51.55,51.44,51.475,4376
2022-04-08 13:00:00,51.4899,51.4899,51.44,51.44,1652
2022-04-08 13:05:00,51.46,51.48,51.406,51.47,5151
2022-04-08 13:10:00,51.4863,51.49,51.39,51.39,4895
2022-04-08 13:15:00,51.395,51.51,51.39,51.44,13509
2022-04-08 13:20:00,51.41,51.44,51.35,51.4,7757
2022-04-08 13:25:00,51.41,51.45,51.41,51.43,1989
2022-04-08 13:30:00,51.44,51.45,51.41,51.43,2319
2022-04-08 13:35:00,51.425,51.51,51.41,51.48,2963
2022-04-08 13:40:00,51.48,51.5,51.46,51.46,2790
2022-04-08 13:45:00,51.44,51.46,51.43,51.45,2071
2022-04-08 13:50:00,51.45,51.49,51.441,51.45,4816
2022-04-08 13:55:00,51.47,51.5,51.46,51.48,2001
2022-04-08 14:00:00,51.495,51.51,51.475,51.51,3125
2022-04-08 14:05:00,51.495,51.5,51.42,51.46,7130
2022-04-08 14:10:00,51.45,51.65,51.45,51.6464,24765
2022-04-08 14:15:00,51.64,51.67,51.58,51.595,5533
2022-04-08 14:20:00,51.62,51.64,51.57,51.57,3976
2022-04-08 14:25:00,51.56,51.57,51.47,51.52,5817
2022-04-08 14:30:00,51.55,51.56,51.5,51.53,5108
2022-04-08 14:35:00,51.5299,51.555,51.5299,51.555,3102
2022-04-08 14:40:00,51.56,51.58,51.55,51.55,3662
2022-04-08 14:45:00,51.56,51.58,51.46,51.465,4947
2022-04-08 14:50:00,51.48,51.555,51.47,51.55,3713
2022-04-08 14:55:00,51.54,51.585,51.53,51.57,4679
2022-04-08 15:00:00,51.58,51.587,51.56,51.587,3935
2022-04-08 15:05:00,51.57,51.585,51.51,51.559,6153
2022-04-08 15:10:00,51.56,51.62,51.53,51.565,9363
2022-04-08 15:15:00,51.57,51.64,51.57,51.58,6705
2022-04-08 15:20:00,51.575,51.58,51.52,51.545,4360
2022-04-08 15:25:00,51.56,51.59,51.52,51.59,6356
2022-04-08 15:30:00,51.59,51.62,51.51,51.52,9649
2022-04-08 15:35:00,51.52,51.52,51.47,51.47,7168
2022-04-08 15:40:00,51.47,51.56,51.45,51.55,11148
2022-04-08 15:45:00,51.55,51.6,51.51,51.53,18919
2022-04-08 15:50:00,51.54,51.58,51.455,51.495,31806
2022-04-08 15:55:00,51.5,51.59,51.5,51.59,90489
2022-04-08 16:00:00,51.56,51.56,51.56,51.56,220253
2022-04-08 16:25:00,51.56,51.56,51.56,51.56,1039
2022-04-08 16:40:00,51.56,51.56,51.56,51.56,291
2022-04-11 07:25:00,51.56,51.56,51.56,51.56,101
2022-04-11 09:20:00,51.75,51.75,51.75,51.75,100
2022-04-11 09:30:00,51.81,52.17,51.8,52.16,33147
2022-04-11 09:35:00,52.16,52.57,52.07,52.07,6328
2022-04-11 09:40:00,52.07,52.27,52.07,52.19,4516
2022-04-11 09:45:00,52.14,52.245,52.14,52.245,5881
2022-04-11 09:50:00,52.27,52.61,52.23,52.61,16435
2022-04-11 09:55:00,52.66,52.86,52.64,52.83,27569
2022-04-11 10:00:00,52.82,52.88,52.625,52.78,13546
2022-04-11 10:05:00,52.74,52.95,52.72,52.94,9608
2022-04-11 10:10:00,52.92,53.08,52.87,53.0509,12454
2022-04-11 10:15:00,53.0519,53.24,53.02,53.23,14462
2022-04-11 10:20:00,53.21,53.36,53.2,53.32,9949
2022-04-11 10:25:00,53.315,53.355,53.27,53.33,12336
2022-04-11 10:30:00,53.3,53.31,53.195,53.195,12417
2022-04-11 10:35:00,53.22,53.26,53.1576,53.23,6320
2022-04-11 10:40:00,53.27,53.46,53.27,53.46,8906
2022-04-11 10:45:00,53.435,53.64,53.42,53.62,14836
2022-04-11 10:50:00,53.625,53.64,53.41,53.42,12499
2022-04-11 10:55:00,53.41,53.48,53.33,53.4,11652
2022-04-11 11:00:00,53.38,53.48,53.33,53.4471,10889
2022-04-11 11:05:00,53.45,53.58,53.395,53.47,27168
2022-04-11 11:10:00,53.46,53.48,53.36,53.36,29429
2022-04-11 11:15:00,53.37,53.37,53.17,53.265,17199
2022-04-11 11:20:00,53.33,53.33,53.21,53.21,13128
2022-04-11 11:25:00,53.2,53.2,52.97,53.07,12026
2022-04-11 11:30:00,53.06,53.1341,53.01,53.05,8740
2022-04-11 11:35:00,53.06,53.08,52.84,52.87,9243
2022-04-11 11:40:00,52.87,52.95,52.87,52.95,5287
2022-04-11 11:45:00,53.0,53.03,52.96,53.0,10158
2022-04-11 11:50:00,53.02,53.02,52.94,53.0,12253
2022-04-11 11:55:00,52.97,53.0,52.86,52.88,6497
2022-04-11 12:00:00,52.87,52.905,52.8,52.8,2711
2022-04-11 12:05:00,52.83,52.9095,52.82,52.9095,5415
2022-04-11 12:10:00,52.92,52.93,52.825,52.93,4897
2022-04-11 12:15:00,52.925,52.95,52.89,52.93,4785
2022-04-11 12:20:00,52.96,52.985,52.88,52.9,5761
2022-04-11 12:25:00,52.87,52.93,52.85,52.881,4572
2022-04-11 12:30:00,52.88,52.985,52.88,52.96,4130
2022-04-11 12:35:00,52.94,52.98,52.91,52.98,3033
2022-04-11 12:40:00,52.97,53.02,52.96,52.98,18990
2022-04-11 12:45:00,52.95,52.99,52.94,52.975,4357
2022-04-11 12:50:00,52.95,52.95,52.7,52.7,3708
2022-04-11 12:55:00,52.62,52.62,52.54,52.59,15042
2022-04-11 13:00:00,52.58,52.6,52.53,52.57,3197
2022-04-11 13:05:00,52.56,52.61,52.52,52.53,3325
2022-04-11 13:10:00,52.545,52.545,52.49,52.53,4037
2022-04-11 13:15:00,52.525,52.56,52.48,52.5392,2427
2022-04-11 13:20:00,52.54,52.57,52.49,52.49,4536
2022-04-11 13:25:00,52.52,52.56,52.45,52.5,2917
2022-04-11 13:30:00,52.51,52.57,52.5,52.5,3454
2022-04-11 13:35:00,52.49,52.55,52.46,52.55,2701
2022-04-11 13:40:00,52.58,52.68,52.58,52.68,3135
2022-04-11 13:45:00,52.685,52.7234,52.67,52.7234,2464
2022-04-11 13:50:00,52.72,52.76,52.68,52.75,5231
2022-04-11 13:55:00,52.75,52.79,52.69,52.77,3737
2022-04-11 14:00:00,52.771,52.771,52.71,52.73,7435
2022-04-11 14:05:00,52.71,52.82,52.7,52.82,2166
2022-04-11 14:10:00,52.81,52.83,52.7,52.715,4967
2022-04-11 14:15:00,52.7,52.7625,52.69,52.72,6015
2022-04-11 14:20:00,52.73,52.8,52.72,52.73,4635
2022-04-11 14:25:00,52.76,52.83,52.76,52.79,5318
2022-04-11 14:30:00,52.8243,52.83,52.79,52.81,5737
2022-04-11 14:35:00,52.8,52.8,52.75,52.795,4721
2022-04-11 14:40:00,52.795,52.84,52.795,52.825,3696
2022-04-11 14:45:00,52.81,52.88,52.8,52.88,3568
2022-04-11 14:50:00,52.89,52.9298,52.8575,52.88,5300
2022-04-11 14:55:00,52.89,52.9206,52.88,52.92,4605
2022-04-11 15:00:00,52.91,52.92,52.79,52.79,5767
2022-04-11 15:05:00,52.8,52.9,52.8,52.9,4084
2022-04-11 15:10:00,52.89,52.89,52.8,52.84,4589
2022-04-11 15:15:00,52.86,52.91,52.85,52.91,8576
2022-04-11 15:20:00,52.9,52.92,52.88,52.88,10018
2022-04-11 15:25:00,52.87,52.91,52.82,52.82,8210
2022-04-11 15:30:00,52.8,52.81,52.69,52.76,8695
2022-04-11 15:35:00,52.75,52.85,52.74,52.81,14143
2022-04-11 15:40:00,52.82,52.91,52.76,52.86,20854
2022-04-11 15:45:00,52.87,52.9,52.78,52.7906,18413
2022-04-11 15:50:00,52.8,52.8899,52.75,52.78,31109
2022-04-11 15:55:00,52.78,52.865,52.76,52.84,61572
2022-04-11 16:00:00,52.84,52.84,52.84,52.84,127037
2022-04-12 08:55:00,53.4,53.4,53.4,53.4,100
2022-04-12 09:15:00,53.2,53.2,53.19,53.2,350
2022-04-12 09:30:00,52.88,53.07,52.65,52.89,27234
2022-04-12 09:35:00,52.87,53.12,52.84,53.045,4868
2022-04-12 09:40:00,53.025,53.2,53.025,53.13,4336
2022-04-12 09:45:00,53.05,53.09,52.93,53.05,3774
2022-04-12 09:50:00,53.09,53.21,53.09,53.16,4861
2022-04-12 09:55:00,53.165,53.165,52.97,53.06,2357
2022-04-12 10:00:00,53.02,53.32,52.97,53.21,4656
2022-04-12 10:05:00,53.18,53.199,52.97,52.97,4112
2022-04-12 10:10:00,53.01,53.027,52.88,52.95,5392
2022-04-12 10:15:00,52.9501,53.02,52.93,52.96,3766
2022-04-12 10:20:00,53.019,53.1569,53.019,53.13,2764
2022-04-12 10:25:00,53.1683,53.1683,53.0,53.125,3037
2022-04-12 10:30:00,53.1,53.16,53.06,53.1211,3437
2022-04-12 10:35:00,53.139,53.2,53.1,53.2,4144
2022-04-12 10:40:00,53.18,53.205,53.11,53.2,2817
2022-04-12 10:45:00,53.2,53.225,53.09,53.225,4575
2022-04-12 10:50:00,53.2,53.2753,53.16,53.2753,4285
2022-04-12 10:55:00,53.28,53.2895,53.205,53.24,5391
2022-04-12 11:00:00,53.22,53.35,53.21,53.35,7612
2022-04-12 11:05:00,53.34,53.48,53.33,53.44,7828
2022-04-12 11:10:00,53.45,53.5,53.39,53.42,5085
2022-04-12 11:15:00,53.45,53.4732,53.3,53.39,10530
2022-04-12 11:20:00,53.4,53.44,53.35,53.44,3888
2022-04-12 11:25:00,53.475,53.52,53.415,53.44,3975
2022-04-12 11:30:00,53.46,53.55,53.37,53.53,5706
2022-04-12 11:35:00,53.539,53.555,53.48,53.54,7136
2022-04-12 11:40:00,53.52,53.54,53.44,53.5,7679
2022-04-12 11:45:00,53.5,53.565,53.48,53.55,7842
2022-04-12 11:50:00,53.5334,53.58,53.52,53.55,5288
2022-04-12 11:55:00,53.555,53.64,53.555,53.64,3793
2022-04-12 12:00:00,53.62,53.71,53.58,53.71,7817
2022-04-12 12:05:00,53.71,53.72,53.59,53.59,6784
2022-04-12 12:10:00,53.59,53.6,53.46,53.47,8126
2022-04-12 12:15:00,53.5,53.5,53.34,53.34,1923
2022-04-12 12:20:00,53.26,53.3,53.15,53.2,2970
2022-04-12 12:25:00,53.19,53.2,53.13,53.145,2590
2022-04-12 12:30:00,53.16,53.3,53.16,53.28,5320
2022-04-12 12:35:00,53.3,53.35,53.275,53.31,5705
2022-04-12 12:40:00,53.3,53.309,53.2,53.2,6046
2022-04-12 12:45:00,53.22,53.24,53.21,53.235,2432
2022-04-12 12:50:00,53.22,53.25,53.18,53.19,4354
2022-04-12 12:55:00,53.2,53.25,53.2,53.24,3312
2022-04-12 13:00:00,53.26,53.28,53.21,53.23,3031
2022-04-12 13:05:00,53.25,53.47,53.25,53.43,22571
2022-04-12 13:10:00,53.43,53.53,53.43,53.505,18025
2022-04-12 13:15:00,53.51,53.59,53.47,53.47,25332
2022-04-12 13:20:00,53.47,53.51,53.44,53.46,8110
2022-04-12 13:25:00,53.44,53.445,53.37,53.43,9895
2022-04-12 13:30:00,53.41,53.49,53.38,53.47,6198
2022-04-12 13:35:00,53.46,53.495,53.46,53.49,4196
2022-04-12 13:40:00,53.48,53.4807,53.4,53.4,5964
2022-04-12 13:45:00,53.4,53.42,53.37,53.41,10315
2022-04-12 13:50:00,53.38,53.46,53.37,53.445,6449
2022-04-12 13:55:00,53.45,53.47,53.41,53.43,16990
2022-04-12 14:00:00,53.41,53.48,53.3,53.48,14393
2022-04-12 14:05:00,53.48,53.51,53.47,53.48,4305
2022-04-12 14:10:00,53.47,53.5345,53.44,53.53,4669
2022-04-12 14:15:00,53.53,53.605,53.51,53.605,8086
2022-04-12 14:20:00,53.615,53.74,53.61,53.65,16406
2022-04-12 14:25:00,53.69,53.72,53.67,53.71,6986
2022-04-12 14:30:00,53.695,53.71,53.46,53.48,17853
2022-04-12 14:35:00,53.48,53.61,53.45,53.59,12021
2022-04-12 14:40:00,53.61,53.61,53.55,53.59,6179
2022-04-12 14:45:00,53.59,53.63,53.54,53.55,16488
2022-04-12 14:50:00,53.54,53.59,53.515,53.59,15197
2022-04-12 14:55:00,53.6,53.64,53.59,53.64,7161
2022-04-12 15:00:00,53.62,53.6471,53.54,53.565,11712
2022-04-12 15:05:00,53.58,53.59,53.5,53.5,10934
2022-04-12 15:10:00,53.515,53.55,53.5,53.55,10282
2022-04-12 15:15:00,53.53,53.635,53.51,53.625,31060
2022-04-12 15:20:00,53.65,53.7,53.61,53.62,27624
2022-04-12 15:25:00,53.62,53.7,53.56,53.59,21415
2022-04-12 15:30:00,53.6,53.64,53.471,53.5351,19084
2022-04-12 15:35:00,53.53,53.6299,53.51,53.61,16771
2022-04-12 15:40:00,53.64,53.67,53.585,53.67,30599
2022-04-12 15:45:00,53.66,53.7,53.62,53.65,43159
2022-04-12 15:50:00,53.66,53.71,53.55,53.6,49675
2022-04-12 15:55:00,53.59,53.7,53.56,53.66,75659
2022-04-12 16:00:00,53.67,53.67,53.67,53.67,138736
2022-04-12 17:55:00,53.9,53.9,53.9,53.9,300
2022-04-13 08:00:00,54.0922,54.0922,54.0922,54.0922,100
2022-04-13 09:30:00,53.71,54.08,53.64,54.045,18024
2022-04-13 09:35:00,54.0,54.07,53.87,54.04,5295
2022-04-13 09:40:00,54.05,54.19,53.949,53.975,12655
2022-04-13 09:45:00,53.95,53.95,53.74,53.88,8086
2022-04-13 09:50:00,53.87,54.01,53.77,53.985,8669
2022-04-13 09:55:00,54.0,54.24,53.95,54.24,6224
2022-04-13 10:00:00,54.18,54.52,54.15,54.37,26256
2022-04-13 10:05:00,54.33,54.48,54.28,54.43,22562
2022-04-13 10:10:00,54.41,54.56,54.36,54.39,17136
2022-04-13 10:15:00,54.38,54.5,54.38,54.435,13908
2022-04-13 10:20:00,54.425,54.5,54.4,54.46,9299
2022-04-13 10:25:00,54.465,54.48,54.29,54.33,14994
2022-04-13 10:30:00,54.33,54.34,54.15,54.15,7096
2022-04-13 10:35:00,54.15,54.27,54.15,54.19,5689
2022-04-13 10:40:00,54.19,54.198,54.05,54.08,10385
2022-04-13 10:45:00,54.1,54.15,54.07,54.085,20497
2022-04-13 10:50:00,54.0739,54.225,54.0739,54.21,4354
2022-04-13 10:55:00,54.205,54.35,54.205,54.29,9809
2022-04-13 11:00:00,54.27,54.35,54.19,54.275,13044
2022-04-13 11:05:00,54.275,54.37,54.24,54.26,9177
2022-04-13 11:10:00,54.29,54.33,54.255,54.255,3887
2022-04-13 11:15:00,54.24,54.34,54.23,54.25,5033
2022-04-13 11:20:00,54.25,54.29,54.23,54.26,3526
2022-04-13 11:25:00,54.24,54.301,54.21,54.26,10139
2022-04-13 11:30:00,54.26,54.27,54.2,54.22,7237
2022-04-13 11:35:00,54.23,54.29,54.205,54.21,4513
2022-04-13 11:40:00,54.2,54.21,54.14,54.155,7783
2022-04-13 11:45:00,54.16,54.18,54.09,54.11,3878
2022-04-13 11:50:00,54.08,54.08,53.9,53.9,5068
2022-04-13 11:55:00,53.89,53.89,53.82,53.82,4009
2022-04-13 12:00:00,53.82,53.9,53.78,53.875,27089
2022-04-13 12:05:00,53.875,53.89,53.83,53.86,7649
2022-04-13 12:10:00,53.85,54.09,53.83,54.03,39573
2022-04-13 12:15:00,54.07,54.23,54.07,54.16,5018
2022-04-13 12:20:00,54.18,54.207,54.15,54.185,5336
2022-04-13 12:25:00,54.2,54.215,54.15,54.19,4893
2022-04-13 12:30:00,54.185,54.27,54.185,54.24,2489
2022-04-13 12:35:00,54.255,54.255,54.15,54.165,6994
2022-04-13 12:40:00,54.2,54.29,54.2,54.29,3736
2022-04-13 12:45:00,54.29,54.37,54.28,54.37,3695
2022-04-13 12:50:00,54.34,54.34,54.298,54.33,2879
2022-04-13 12:55:00,54.36,54.36,54.2885,54.29,3529
2022-04-13 13:00:00,54.32,54.36,54.3,54.335,4234
2022-04-13 13:05:00,54.33,54.365,54.32,54.3406,4210
2022-04-13 13:10:00,54.3394,54.3394,54.21,54.24,24805
2022-04-13 13:15:00,54.24,54.34,54.24,54.33,2152
2022-04-13 13:20:00,54.365,54.39,54.28,54.31,6581
2022-04-13 13:25:00,54.315,54.385,54.24,54.36,7909
2022-04-13 13:30:00,54.36,54.389,54.31,54.32,2550
2022-04-13 13:35:00,54.34,54.34,54.28,54.29,4957
2022-04-13 13:40:00,54.3,54.34,54.28,54.29,3064
2022-04-13 13:45:00,54.29,54.29,54.25,54.27,1747
2022-04-13 13:50:00,54.25,54.25,54.2,54.205,4185
2022-04-13 13:55:00,54.205,54.215,54.145,54.2,10145
2022-04-13 14:00:00,54.22,54.237,54.16,54.18,6286
2022-04-13 14:05:00,54.18,54.22,54.14,54.2,3998
2022-04-13 14:10:00,54.2,54.21,54.15,54.18,3979
2022-04-13 14:15:00,54.22,54.25,54.2,54.25,2034
2022-04-13 14:20:00,54.25,54.29,54.23,54.28,2939
2022-04-13 14:25:00,54.28,54.28,54.21,54.28,26620
2022-04-13 14:30:00,54.28,54.31,54.23,54.23,4474
2022-04-13 14:35:00,54.2467,54.25,54.2,54.2,3437
2022-04-13 14:40:00,54.2,54.24,54.2,54.24,2477
2022-04-13 14:45:00,54.23,54.26,54.21,54.26,3078
2022-04-13 14:50:00,54.26,54.29,54.23,54.255,3333
2022-04-13 14:55:00,54.25,54.26,54.21,54.21,6301
2022-04-13 15:00:00,54.19,54.21,54.17,54.21,5195
2022-04-13 15:05:00,54.18,54.21,54.17,54.17,3905
2022-04-13 15:10:00,54.1679,54.1784,54.13,54.17,3319
2022-04-13 15:15:00,54.18,54.21,54.16,54.17,4014
2022-04-13 15:20:00,54.1697,54.29,54.1697,54.29,4937
2022-04-13 15:25:00,54.29,54.33,54.2,54.215,10085
2022-04-13 15:30:00,54.22,54.33,54.22,54.27,7933
2022-04-13 15:35:00,54.2928,54.35,54.26,54.34,7760
2022-04-13 15:40:00,54.33,54.3783,54.32,54.355,10156
2022-04-13 15:45:00,54.375,54.4,54.355,54.39,11240
2022-04-13 15:50:00,54.39,54.39,54.24,54.27,33545
2022-04-13 15:55:00,54.28,54.3,54.241,54.3,55509
2022-04-13 16:00:00,54.29,54.29,54.29,54.29,241376
2022-04-14 09:30:00,54.5,54.86,54.5,54.82,43098
2022-04-14 09:35:00,54.79,54.99,54.75,54.895,7612
2022-04-14 09:40:00,54.77,54.89,54.71,54.7801,4887
2022-04-14 09:45:00,54.84,54.97,54.82,54.89,6480
2022-04-14 09:50:00,54.85,54.88,54.7225,54.81,29068
2022-04-14 09:55:00,54.82,55.06,54.81,55.02,24307
2022-04-14 10:00:00,55.015,55.295,55.01,55.295,21121
2022-04-14 10:05:00,55.32,55.365,55.15,55.18,15412
2022-04-14 10:10:00,55.18,55.2,55.05,55.05,10677
2022-04-14 10:15:00,55.04,55.11,54.94,55.0623,8513
2022-04-14 10:20:00,55.11,55.25,55.11,55.25,7156
2022-04-14 10:25:00,55.23,55.26,55.18,55.1827,8432
2022-04-14 10:30:00,55.21,55.35,55.2,55.35,6315
2022-04-14 10:35:00,55.34,55.408,55.32,55.35,7414
2022-04-14 10:40:00,55.35,55.36,55.2986,55.31,4844
2022-04-14 10:45:00,55.31,55.51,55.31,55.49,17935
2022-04-14 10:50:00,55.49,55.525,55.45,55.48,30559
2022-04-14 10:55:00,55.5,55.58,55.5,55.53,11861
2022-04-14 11:00:00,55.52,55.67,55.485,55.67,10773
2022-04-14 11:05:00,55.67,55.7,55.545,55.5994,15984
2022-04-14 11:10:00,55.62,55.65,55.585,55.61,4635
2022-04-14 11:15:00,55.59,55.66,55.56,55.66,8737
2022-04-14 11:20:00,55.7,55.72,55.61,55.68,9984
2022-04-14 11:25:00,55.69,55.73,55.59,55.61,15496
2022-04-14 11:30:00,55.63,55.66,55.51,55.53,6896
2022-04-14 11:35:00,55.51,55.58,55.39,55.39,7186
2022-04-14 11:40:00,55.39,55.58,55.38,55.5361,30145
2022-04-14 11:45:00,55.54,55.6001,55.44,55.6,24475
2022-04-14 11:50:00,55.605,55.62,55.46,55.57,9754
2022-04-14 11:55:00,55.57,55.695,55.57,55.65,5124
2022-04-14 12:00:00,55.68,55.81,55.62,55.79,13716
2022-04-14 12:05:00,55.785,55.81,55.68,55.73,4740
2022-04-14 12:10:00,55.75,55.77,55.71,55.72,4375
2022-04-14 12:15:00,55.725,55.725,55.6,55.6,2477
2022-04-14 12:20:00,55.57,55.59,55.52,55.59,4199
2022-04-14 12:25:00,55.5922,55.6,55.545,55.545,59795
2022-04-14 12:30:00,55.53,55.53,55.41,55.48,3244
2022-04-14 12:35:00,55.44,55.515,55.44,55.48,3789
2022-04-14 12:40:00,55.48,55.59,55.39,55.39,109217
2022-04-14 12:45:00,55.39,55.39,55.25,55.31,6862
2022-04-14 12:50:00,55.335,55.44,55.28,55.43,30103
2022-04-14 12:55:00,55.425,55.48,55.415,55.48,7183
2022-04-14 13:00:00,55.45,55.46,55.36,55.42,5586
2022-04-14 13:05:00,55.38,55.4,55.3,55.34,6057
2022-04-14 13:10:00,55.34,55.355,55.24,55.25,4227
2022-04-14 13:15:00,55.25,55.25,55.18,55.188,4964
2022-04-14 13:20:00,55.2,55.22,55.14,55.15,3646
2022-04-14 13:25:00,55.15,55.18,55.105,55.12,6913
2022-04-14 13:30:00,55.13,55.185,55.115,55.15,7359
2022-04-14 13:35:00,55.125,55.185,55.125,55.17,2852
2022-04-14 13:40:00,55.17,55.2,55.15,55.165,4671
2022-04-14 13:45:00,55.18,55.2377,55.18,55.21,3940
2022-04-14 13:50:00,55.21,55.22,55.17,55.205,5929
2022-04-14 13:55:00,55.2,55.29,55.2,55.29,4473
2022-04-14 14:00:00,55.29,55.4,55.29,55.39,2949
2022-04-14 14:05:00,55.39,55.41,55.34,55.34,12666
2022-04-14 14:10:00,55.345,55.42,55.3,55.34,19180
2022-04-14 14:15:00,55.34,55.37,55.31,55.345,14003
2022-04-14 14:20:00,55.355,55.37,55.275,55.275,22039
2022-04-14 14:25:00,55.29,55.43,55.28,55.405,25705
2022-04-14 14:30:00,55.4,55.4,55.33,55.38,5084
2022-04-14 14:35:00,55.36,55.39,55.31,55.315,5271
2022-04-14 14:40:00,55.315,55.36,55.2704,55.36,11754
2022-04-14 14:45:00,55.365,55.52,55.35,55.48,12007
2022-04-14 14:50:00,55.48,55.53,55.46,55.53,10511
2022-04-14 14:55:00,55.53,55.555,55.495,55.53,7414
2022-04-14 15:00:00,55.52,55.57,55.51,55.54,33576
2022-04-14 15:05:00,55.525,55.56,55.46,55.46,15180
2022-04-14 15:10:00,55.45,55.45,55.35,55.415,7146
2022-04-14 15:15:00,55.4,55.48,55.39,55.45,11122
2022-04-14 15:20:00,55.45,55.57,55.45,55.51,21765
2022-04-14 15:25:00,55.49,55.52,55.42,55.5096,7536
2022-04-14 15:30:00,55.5,55.55,55.45,55.465,9777
2022-04-14 15:35:00,55.465,55.55,55.46,55.48,15302
2022-04-14 15:40:00,55.5016,55.53,55.47,55.5,20339
2022-04-14 15:45:00,55.51,55.6,55.505,55.5501,25132
2022-04-14 15:50:00,55.55,55.56,55.48,55.5301,38762
2022-04-14 15:55:00,55.535,55.65,55.5,55.62,118847
2022-04-14 16:00:00,55.61,55.61,55.61,55.61,306218
2022-04-14 16:05:00,55.7,55.7,55.7,55.7,482875
