2022-04-01 08:00:00,213.65,213.98,213.65,213.98,370
2022-04-01 08:20:00,213.5,213.5,213.5,213.5,100
2022-04-01 08:25:00,212.22,212.22,212.22,212.22,113
2022-04-01 08:30:00,213.5,213.5,213.5,213.5,1251
2022-04-01 08:45:00,213.5,213.5,213.5,213.5,199
2022-04-01 08:55:00,213.08,213.08,213.08,213.08,407
2022-04-01 09:10:00,213.98,213.98,213.98,213.98,1000
2022-04-01 09:30:00,213.32,214.13,213.0,213.8,84041
2022-04-01 09:35:00,213.605,213.8,213.26,213.5,43176
2022-04-01 09:40:00,213.41,213.55,212.475,213.2,32452
2022-04-01 09:45:00,213.295,213.805,212.945,213.51,35462
2022-04-01 09:50:00,213.48,213.905,213.01,213.14,21445
2022-04-01 09:55:00,213.135,213.57,212.97,213.57,23724
2022-04-01 10:00:00,213.57,213.85,212.38,212.515,32800
2022-04-01 10:05:00,212.505,212.54,211.63,211.72,23173
2022-04-01 10:10:00,211.8,211.84,211.265,211.715,31879
2022-04-01 10:15:00,211.7283,211.7283,210.98,210.98,28123
2022-04-01 10:20:00,210.98,211.065,210.515,210.77,25733
2022-04-01 10:25:00,210.9,211.18,210.5,211.18,24333
2022-04-01 10:30:00,211.13,211.31,210.91,211.3,27076
2022-04-01 10:35:00,211.32,211.665,211.28,211.52,16584
2022-04-01 10:40:00,211.495,211.61,211.15,211.15,24599
2022-04-01 10:45:00,211.22,211.81,211.22,211.7734,25307
2022-04-01 10:50:00,211.8,212.01,211.6026,211.93,16372
2022-04-01 10:55:00,211.91,212.04,211.685,212.04,16045
2022-04-01 11:00:00,211.99,212.09,211.54,211.64,17020
2022-04-01 11:05:00,211.7,212.229,211.645,212.04,11045
2022-04-01 11:10:00,212.035,212.49,211.8964,211.98,14927
2022-04-01 11:15:00,212.0,212.1,211.745,212.1,12224
2022-04-01 11:20:00,212.06,212.2,211.935,212.055,20025
2022-04-01 11:25:00,212.02,212.27,211.78,211.85,8759
2022-04-01 11:30:00,211.87,211.93,211.49,211.49,8122
2022-04-01 11:35:00,211.35,211.395,211.18,211.2556,9168
2022-04-01 11:40:00,211.2,211.209,210.9344,211.04,14397
2022-04-01 11:45:00,211.0898,211.1,210.78,210.89,40610
2022-04-01 11:50:00,210.8728,211.1463,210.79,211.06,11214
2022-04-01 11:55:00,211.06,211.06,210.695,210.95,14206
2022-04-01 12:00:00,211.05,211.065,210.795,210.88,11334
2022-04-01 12:05:00,210.8,210.89,210.64,210.83,9639
2022-04-01 12:10:00,210.84,211.0,210.46,210.97,22734
2022-04-01 12:15:00,211.0,211.17,210.905,210.93,15557
2022-04-01 12:20:00,210.935,211.3,210.935,211.07,15121
2022-04-01 12:25:00,211.12,211.38,211.12,211.38,24065
2022-04-01 12:30:00,211.34,211.34,210.92,211.11,20930
2022-04-01 12:35:00,211.09,211.145,210.955,211.1,26304
2022-04-01 12:40:00,211.07,211.4384,211.0,211.37,11576
2022-04-01 12:45:00,211.375,211.375,210.935,211.03,11459
2022-04-01 12:50:00,211.03,211.03,210.61,210.78,7069
2022-04-01 12:55:00,210.67,210.98,210.64,210.77,14803
2022-04-01 13:00:00,210.73,210.97,210.63,210.66,10248
2022-04-01 13:05:00,210.67,210.93,210.62,210.775,14568
2022-04-01 13:10:00,210.75,210.87,210.6,210.6,11454
2022-04-01 13:15:00,210.63,210.8386,210.6146,210.79,10013
2022-04-01 13:20:00,210.805,210.88,210.59,210.79,11439
2022-04-01 13:25:00,210.77,210.83,210.61,210.68,9687
2022-04-01 13:30:00,210.63,210.81,210.57,210.69,13359
2022-04-01 13:35:00,210.72,211.1882,210.72,211.11,10478
2022-04-01 13:40:00,211.1,211.4,211.0931,211.26,13475
2022-04-01 13:45:00,211.265,211.265,210.955,211.03,11184
2022-04-01 13:50:00,211.03,211.15,210.93,210.93,9002
2022-04-01 13:55:00,210.982,211.13,210.92,211.0452,18859
2022-04-01 14:00:00,211.05,211.145,210.96,211.07,13564
2022-04-01 14:05:00,211.17,211.25,211.0,211.2,13466
2022-04-01 14:10:00,211.185,211.25,211.03,211.13,9436
2022-04-01 14:15:00,211.18,211.35,210.9,210.92,12823
2022-04-01 14:20:00,210.89,211.05,210.81,210.825,10633
2022-04-01 14:25:00,210.8,211.12,210.71,211.09,11535
2022-04-01 14:30:00,211.05,211.595,211.05,211.595,16115
2022-04-01 14:35:00,211.57,211.61,211.405,211.48,14954
2022-04-01 14:40:00,211.52,211.52,211.205,211.24,12163
2022-04-01 14:45:00,211.24,211.37,211.11,211.195,12065
2022-04-01 14:50:00,211.15,211.15,211.0,211.035,10494
2022-04-01 14:55:00,211.1,211.17,210.9,210.93,13840
2022-04-01 15:00:00,210.92,211.26,210.91,211.205,14994
2022-04-01 15:05:00,211.18,211.47,210.91,210.975,26309
2022-04-01 15:10:00,210.975,211.05,210.82,210.92,20488
2022-04-01 15:15:00,210.9118,211.1,210.65,210.66,39712
2022-04-01 15:20:00,210.645,210.68,210.3,210.355,26502
2022-04-01 15:25:00,210.38,210.46,210.31,210.41,13460
2022-04-01 15:30:00,210.36,210.45,210.01,210.115,27907
2022-04-01 15:35:00,210.08,210.15,209.68,209.9,51787
2022-04-01 15:40:00,209.85,210.16,209.66,209.7,56928
2022-04-01 15:45:00,209.69,209.92,209.61,209.91,59203
2022-04-01 15:50:00,209.91,210.37,209.91,210.07,68751
2022-04-01 15:55:00,210.05,210.7,209.94,210.47,157393
2022-04-01 16:00:00,210.49,210.54,210.49,210.54,436477
2022-04-01 16:05:00,210.54,210.89,210.5,210.81,1309
2022-04-01 16:15:00,210.49,210.49,210.49,210.49,150
2022-04-01 16:20:00,211.12,211.12,211.12,211.12,894
2022-04-01 16:35:00,210.0,210.54,210.0,210.54,1135
2022-04-01 16:55:00,210.0,210.0,210.0,210.0,300
2022-04-01 18:25:00,211.0,211.0,211.0,211.0,100
2022-04-01 19:00:00,211.09,211.09,211.09,211.09,1000
2022-04-01 19:25:00,211.04,211.04,211.04,211.04,145
2022-04-01 19:55:00,210.0,210.0,210.0,210.0,124
2022-04-04 09:10:00,210.39,210.39,210.39,210.39,100
2022-04-04 09:25:00,209.36,209.36,208.45,208.67,1852
2022-04-04 09:30:00,210.19,210.19,206.19,207.66,181993
2022-04-04 09:35:00,207.69,209.18,207.24,208.1601,41983
2022-04-04 09:40:00,208.5,209.1225,208.36,208.98,40662
2022-04-04 09:45:00,208.93,209.04,208.32,209.01,26452
2022-04-04 09:50:00,209.09,209.91,209.015,209.38,36042
2022-04-04 09:55:00,209.38,210.025,209.2,209.38,35262
2022-04-04 10:00:00,209.385,210.27,209.1475,210.27,21019
2022-04-04 10:05:00,210.18,210.75,209.66,210.46,46624
2022-04-04 10:10:00,210.45,211.295,210.37,211.28,33816
2022-04-04 10:15:00,211.23,211.33,210.67,211.0,21633
2022-04-04 10:20:00,211.05,211.84,211.02,211.77,31236
2022-04-04 10:25:00,211.85,212.05,211.6,211.92,25034
2022-04-04 10:30:00,211.87,212.2852,211.84,212.14,36921
2022-04-04 10:35:00,212.15,212.55,212.05,212.1506,33178
2022-04-04 10:40:00,212.19,212.92,212.06,212.75,19076
2022-04-04 10:45:00,212.73,213.0253,212.44,212.63,16970
2022-04-04 10:50:00,212.605,213.14,212.56,213.03,17134
2022-04-04 10:55:00,213.06,213.405,213.02,213.19,17267
2022-04-04 11:00:00,213.15,213.5593,213.09,213.52,20035
2022-04-04 11:05:00,213.5,213.865,213.28,213.29,19893
2022-04-04 11:10:00,213.22,213.25,212.82,212.96,13028
2022-04-04 11:15:00,212.965,213.46,212.67,213.4,14846
2022-04-04 11:20:00,213.51,213.67,213.33,213.595,11270
2022-04-04 11:25:00,213.635,213.85,213.195,213.22,12313
2022-04-04 11:30:00,213.21,213.21,212.777,212.85,12816
2022-04-04 11:35:00,212.82,213.28,212.77,213.24,7432
2022-04-04 11:40:00,213.16,213.325,213.1,213.32,6342
2022-04-04 11:45:00,213.34,213.4,213.155,213.305,7499
2022-04-04 11:50:00,213.34,213.6515,213.34,213.6515,7895
2022-04-04 11:55:00,213.65,213.65,213.45,213.58,8973
2022-04-04 12:00:00,213.5,213.54,213.25,213.385,11865
2022-04-04 12:05:00,213.36,213.6,213.304,213.5,11152
2022-04-04 12:10:00,213.48,213.55,213.28,213.41,12750
2022-04-04 12:15:00,213.42,213.44,213.15,213.23,10086
2022-04-04 12:20:00,213.255,213.32,213.01,213.125,8448
2022-04-04 12:25:00,213.1,213.34,213.1,213.33,8353
2022-04-04 12:30:00,213.345,213.3722,213.1,213.12,15976
2022-04-04 12:35:00,213.19,213.21,212.835,212.89,8255
2022-04-04 12:40:00,212.89,212.89,212.68,212.8202,8487
2022-04-04 12:45:00,212.805,212.905,212.7,212.875,6135
2022-04-04 12:50:00,212.92,213.11,212.9,213.0,10867
2022-04-04 12:55:00,212.98,212.98,212.78,212.83,35042
2022-04-04 13:00:00,212.82,212.84,212.558,212.6,9828
2022-04-04 13:05:00,212.59,212.67,212.37,212.645,6608
2022-04-04 13:10:00,212.62,212.645,212.49,212.58,6461
2022-04-04 13:15:00,212.61,213.0,212.585,212.87,10342
2022-04-04 13:20:00,212.86,212.92,212.64,212.81,9645
2022-04-04 13:25:00,212.79,212.82,212.72,212.72,5931
2022-04-04 13:30:00,212.64,213.0,212.55,212.96,10721
2022-04-04 13:35:00,212.99,213.05,212.61,212.61,25819
2022-04-04 13:40:00,212.68,212.88,212.62,212.88,12786
2022-04-04 13:45:00,212.88,212.93,212.77,212.77,11280
2022-04-04 13:50:00,212.815,212.86,212.63,212.68,10128
2022-04-04 13:55:00,212.68,212.8,212.6,212.73,11363
2022-04-04 14:00:00,212.72,212.84,212.66,212.82,12107
2022-04-04 14:05:00,212.84,212.88,212.535,212.58,14074
2022-04-04 14:10:00,212.58,212.69,212.475,212.6,9220
2022-04-04 14:15:00,212.58,212.82,212.55,212.8111,10487
2022-04-04 14:20:00,212.8,213.08,212.76,213.08,9993
2022-04-04 14:25:00,213.115,213.35,213.07,213.21,13899
2022-04-04 14:30:00,213.2,213.23,213.04,213.05,12755
2022-04-04 14:35:00,213.06,213.1,212.8301,213.1,8830
2022-04-04 14:40:00,213.09,213.25,213.03,213.235,6427
2022-04-04 14:45:00,213.24,213.345,213.16,213.19,10972
2022-04-04 14:50:00,213.27,213.37,213.19,213.31,15780
2022-04-04 14:55:00,213.34,213.54,213.29,213.54,16062
2022-04-04 15:00:00,213.52,213.61,213.45,213.59,18128
2022-04-04 15:05:00,213.6,213.625,213.37,213.39,13577
2022-04-04 15:10:00,213.425,213.46,213.325,213.37,19205
2022-04-04 15:15:00,213.375,213.46,213.265,213.39,16770
2022-04-04 15:20:00,213.42,213.5,213.36,213.38,11761
2022-04-04 15:25:00,213.43,213.435,213.3,213.31,14356
2022-04-04 15:30:00,213.305,213.57,213.17,213.435,22159
2022-04-04 15:35:00,213.42,213.55,213.41,213.52,21105
2022-04-04 15:40:00,213.53,213.81,213.44,213.78,28199
2022-04-04 15:45:00,213.77,214.59,213.74,214.39,132146
2022-04-04 15:50:00,214.4,214.61,214.22,214.37,103025
2022-04-04 15:55:00,214.35,214.51,214.05,214.33,150064
2022-04-04 16:00:00,214.44,214.44,214.41,214.41,313990
2022-04-04 16:25:00,214.39,214.4,214.39,214.4,300
2022-04-04 16:30:00,214.41,214.41,214.41,214.41,840
2022-04-05 08:15:00,214.0,214.0,214.0,214.0,117
2022-04-05 09:30:00,213.49,216.1897,213.1838,216.06,85239
2022-04-05 09:35:00,216.19,217.13,216.09,216.5476,39948
2022-04-05 09:40:00,216.68,217.38,216.68,216.77,31445
2022-04-05 09:45:00,216.73,216.81,215.86,216.08,18331
2022-04-05 09:50:00,216.17,216.89,216.16,216.89,21597
2022-04-05 09:55:00,216.87,217.59,216.81,217.59,27352
2022-04-05 10:00:00,217.65,218.3728,217.28,218.15,41925
2022-04-05 10:05:00,218.14,218.14,216.52,216.71,23464
2022-04-05 10:10:00,216.71,216.98,216.16,216.295,21459
2022-04-05 10:15:00,216.295,216.295,215.88,216.14,18709
2022-04-05 10:20:00,216.08,216.42,215.69,216.13,18693
2022-04-05 10:25:00,216.095,216.36,215.97,216.005,21442
2022-04-05 10:30:00,216.0,216.27,215.84,215.88,26336
2022-04-05 10:35:00,215.9,216.04,215.69,216.02,12847
2022-04-05 10:40:00,216.05,216.5,216.05,216.11,15441
2022-04-05 10:45:00,216.15,216.33,216.06,216.26,14761
2022-04-05 10:50:00,216.21,216.78,215.98,216.71,14176
2022-04-05 10:55:00,216.72,216.94,216.46,216.6952,15724
2022-04-05 11:00:00,216.75,217.05,216.56,216.63,14520
2022-04-05 11:05:00,216.65,216.845,216.58,216.84,18206
2022-04-05 11:10:00,216.85,216.97,216.37,216.62,17089
2022-04-05 11:15:00,216.61,216.87,216.42,216.425,9319
2022-04-05 11:20:00,216.42,216.63,216.42,216.61,9564
2022-04-05 11:25:00,216.6,216.75,216.43,216.61,12474
2022-04-05 11:30:00,216.48,216.85,216.48,216.75,12393
2022-04-05 11:35:00,216.72,216.7783,216.02,216.09,14663
2022-04-05 11:40:00,216.07,216.15,215.9,216.13,8964
2022-04-05 11:45:00,216.16,216.34,215.975,216.2,10163
2022-04-05 11:50:00,216.18,216.38,216.08,216.38,12321
2022-04-05 11:55:00,216.41,216.416,216.11,216.39,9181
2022-04-05 12:00:00,216.28,216.29,215.97,216.08,17835
2022-04-05 12:05:00,216.11,216.425,216.1,216.37,22655
2022-04-05 12:10:00,216.33,216.48,216.25,216.48,7136
2022-04-05 12:15:00,216.44,216.44,216.22,216.38,12572
2022-04-05 12:20:00,216.395,216.545,216.37,216.46,12910
2022-04-05 12:25:00,216.45,216.5,216.26,216.37,8399
2022-04-05 12:30:00,216.34,216.34,216.1399,216.26,12512
2022-04-05 12:35:00,216.22,216.4,215.98,216.32,8116
2022-04-05 12:40:00,216.235,216.2839,216.0,216.07,10082
2022-04-05 12:45:00,216.08,216.22,215.96,216.22,10646
2022-04-05 12:50:00,216.23,216.38,216.19,216.26,6939
2022-04-05 12:55:00,216.28,216.28,216.07,216.18,9196
2022-04-05 13:00:00,216.19,216.26,216.02,216.16,7584
2022-04-05 13:05:00,216.19,216.329,216.03,216.26,13283
2022-04-05 13:10:00,216.26,216.33,216.12,216.215,8964
2022-04-05 13:15:00,216.19,216.455,216.125,216.33,10184
2022-04-05 13:20:00,216.2988,216.31,216.08,216.08,7336
2022-04-05 13:25:00,216.0632,216.08,215.7,215.97,20849
2022-04-05 13:30:00,215.97,215.99,215.73,215.76,11072
2022-04-05 13:35:00,215.75,215.75,215.4651,215.47,16539
2022-04-05 13:40:00,215.48,215.5244,215.38,215.419,13890
2022-04-05 13:45:00,215.39,215.47,215.23,215.31,9408
2022-04-05 13:50:00,215.31,215.31,215.095,215.25,9609
2022-04-05 13:55:00,215.24,215.395,215.18,215.3276,8174
2022-04-05 14:00:00,215.3,215.31,215.13,215.13,7851
2022-04-05 14:05:00,215.16,215.39,215.062,215.33,9464
2022-04-05 14:10:00,215.35,215.45,215.26,215.34,10606
2022-04-05 14:15:00,215.32,215.59,215.3,215.59,11849
2022-04-05 14:20:00,215.62,215.85,215.555,215.595,13400
2022-04-05 14:25:00,215.63,215.7419,215.44,215.5,7994
2022-04-05 14:30:00,215.52,215.55,215.3217,215.36,7143
2022-04-05 14:35:00,215.39,215.39,215.16,215.21,8190
2022-04-05 14:40:00,215.26,215.43,215.16,215.42,5957
2022-04-05 14:45:00,215.39,215.53,215.29,215.29,7919
2022-04-05 14:50:00,215.425,215.535,215.4001,215.47,6815
2022-04-05 14:55:00,215.54,215.58,215.2,215.235,10459
2022-04-05 15:00:00,215.27,215.3429,215.075,215.12,7363
2022-04-05 15:05:00,215.115,215.26,214.96,215.235,13088
2022-04-05 15:10:00,215.28,215.29,214.95,215.0378,14311
2022-04-05 15:15:00,215.06,215.315,215.05,215.08,11675
2022-04-05 15:20:00,215.07,215.625,215.05,215.61,17522
2022-04-05 15:25:00,215.62,215.62,215.37,215.37,22275
2022-04-05 15:30:00,215.37,215.46,215.14,215.42,25260
2022-04-05 15:35:00,215.425,215.55,215.19,215.47,24477
2022-04-05 15:40:00,215.5,215.53,215.22,215.33,29322
2022-04-05 15:45:00,215.37,215.41,214.75,214.76,48580
2022-04-05 15:50:00,214.66,215.0,214.58,214.79,43752
2022-04-05 15:55:00,214.78,214.89,214.49,214.82,115889
2022-04-05 16:00:00,214.79,214.79,214.79,214.79,274943
2022-04-05 16:05:00,214.79,214.79,214.79,214.79,1334
2022-04-05 16:25:00,214.79,214.79,214.79,214.79,14595
2022-04-05 16:30:00,214.0,214.0,214.0,214.0,236
2022-04-05 16:40:00,214.79,214.79,214.79,214.79,695
2022-04-05 16:50:00,214.79,214.79,214.79,214.79,250
2022-04-05 17:10:00,214.79,214.79,214.79,214.79,100
2022-04-05 17:45:00,215.45,215.45,215.45,215.45,100
2022-04-05 17:55:00,214.92,214.92,214.92,214.92,100
2022-04-06 08:30:00,213.1805,213.1805,213.1805,213.1805,150
2022-04-06 09:05:00,213.18,213.18,213.18,213.18,143
2022-04-06 09:25:00,213.18,213.18,210.99,210.99,1430
2022-04-06 09:30:00,211.67,212.61,211.0,212.56,115204
2022-04-06 09:35:00,212.62,213.64,212.345,213.64,42357
2022-04-06 09:40:00,213.53,214.14,213.4,214.0628,27349
2022-04-06 09:45:00,214.1,214.615,213.5,214.41,25208
2022-04-06 09:50:00,214.29,214.59,213.41,214.145,38586
2022-04-06 09:55:00,214.15,214.54,213.505,213.88,28694
2022-04-06 10:00:00,213.77,213.92,213.1,213.13,24738
2022-04-06 10:05:00,213.1,213.1,212.3,212.55,23883
2022-04-06 10:10:00,212.63,212.84,212.01,212.62,38089
2022-04-06 10:15:00,212.65,213.29,212.49,212.92,21861
2022-04-06 10:20:00,212.91,213.18,212.68,212.78,15278
2022-04-06 10:25:00,212.8,213.29,212.74,212.75,15928
2022-04-06 10:30:00,212.8,212.85,212.32,212.41,19346
2022-04-06 10:35:00,212.41,212.83,212.41,212.605,16008
2022-04-06 10:40:00,212.57,212.83,212.28,212.495,28083
2022-04-06 10:45:00,212.54,212.695,212.34,212.545,25860
2022-04-06 10:50:00,212.51,212.55,212.13,212.165,27659
2022-04-06 10:55:00,212.155,212.26,211.66,211.66,23279
2022-04-06 11:00:00,211.63,212.41,211.29,212.3,74454
2022-04-06 11:05:00,212.28,212.48,212.1,212.46,25961
2022-04-06 11:10:00,212.46,212.58,212.28,212.36,36996
2022-04-06 11:15:00,212.375,213.07,212.375,212.92,26915
2022-04-06 11:20:00,212.98,213.27,212.96,213.12,36918
2022-04-06 11:25:00,213.15,213.2,212.71,212.78,17973
2022-04-06 11:30:00,212.82,212.86,212.53,212.59,15026
2022-04-06 11:35:00,212.62,212.68,211.93,211.99,28005
2022-04-06 11:40:00,211.99,212.06,211.795,211.93,22905
2022-04-06 11:45:00,211.9159,212.02,211.71,211.935,25313
2022-04-06 11:50:00,211.97,212.17,211.78,211.91,24616
2022-04-06 11:55:00,211.8701,211.99,211.75,211.95,12094
2022-04-06 12:00:00,212.0,212.15,211.85,211.945,12849
2022-04-06 12:05:00,211.98,212.395,211.98,212.2791,8870
2022-04-06 12:10:00,212.3,212.45,212.28,212.375,7439
2022-04-06 12:15:00,212.3948,212.49,212.13,212.28,9174
2022-04-06 12:20:00,212.32,212.32,212.0303,212.05,12438
2022-04-06 12:25:00,212.055,212.11,211.89,211.9,12479
2022-04-06 12:30:00,211.87,212.03,211.81,211.96,21026
2022-04-06 12:35:00,211.95,211.95,211.71,211.74,10711
2022-04-06 12:40:00,211.76,212.04,211.76,211.96,10669
2022-04-06 12:45:00,211.93,211.99,211.78,211.87,10326
2022-04-06 12:50:00,211.88,211.88,211.52,211.79,6788
2022-04-06 12:55:00,211.82,211.99,211.67,211.9699,9425
2022-04-06 13:00:00,211.91,211.92,211.755,211.88,6754
2022-04-06 13:05:00,211.89,211.98,211.73,211.88,22190
2022-04-06 13:10:00,211.86,211.99,211.71,211.915,7116
2022-04-06 13:15:00,211.925,212.19,211.9,212.125,23813
2022-04-06 13:20:00,212.12,212.2,212.035,212.14,17882
2022-04-06 13:25:00,212.145,212.38,211.98,212.34,13612
2022-04-06 13:30:00,212.34,212.42,212.2,212.42,27205
2022-04-06 13:35:00,212.42,213.03,212.35,213.03,32201
2022-04-06 13:40:00,213.05,213.29,213.01,213.26,31881
2022-04-06 13:45:00,213.265,213.345,213.13,213.275,29695
2022-04-06 13:50:00,213.24,213.4,213.14,213.39,42852
2022-04-06 13:55:00,213.36,213.42,213.01,213.01,17401
2022-04-06 14:00:00,213.05,214.16,212.83,213.63,23058
2022-04-06 14:05:00,213.53,213.53,212.9,212.9,8795
2022-04-06 14:10:00,212.875,213.02,212.41,212.5,23879
2022-04-06 14:15:00,212.49,212.5,212.15,212.22,15831
2022-04-06 14:20:00,212.28,212.71,212.18,212.31,30667
2022-04-06 14:25:00,212.325,212.64,212.14,212.49,36819
2022-04-06 14:30:00,212.4607,213.43,212.455,213.165,29910
2022-04-06 14:35:00,213.12,213.36,212.64,212.76,22381
2022-04-06 14:40:00,212.75,213.67,212.695,213.52,36908
2022-04-06 14:45:00,213.51,213.62,213.22,213.41,16377
2022-04-06 14:50:00,213.41,214.06,213.4,214.06,44414
2022-04-06 14:55:00,214.08,214.31,213.89,214.2,51927
2022-04-06 15:00:00,214.23,214.77,214.22,214.66,19004
2022-04-06 15:05:00,214.63,214.63,214.21,214.45,13915
2022-04-06 15:10:00,214.48,214.97,214.47,214.895,20252
2022-04-06 15:15:00,214.875,215.399,214.875,214.96,24139
2022-04-06 15:20:00,214.99,215.14,214.77,214.89,24593
2022-04-06 15:25:00,214.915,215.09,214.7763,215.0865,14342
2022-04-06 15:30:00,215.05,215.26,214.91,215.08,30762
2022-04-06 15:35:00,215.11,215.61,214.98,215.57,35715
2022-04-06 15:40:00,215.53,216.335,215.5,216.205,69934
2022-04-06 15:45:00,216.165,217.09,216.11,216.35,104756
2022-04-06 15:50:00,216.45,216.54,215.955,216.16,67137
2022-04-06 15:55:00,216.18,216.49,215.89,215.95,128190
2022-04-06 16:00:00,216.1,216.1,215.94,215.94,329699
2022-04-06 16:15:00,216.0,216.0,215.94,215.94,200
2022-04-06 16:45:00,215.5,215.5,215.5,215.5,285
2022-04-06 17:10:00,215.9399,215.9399,215.9399,215.9399,388
2022-04-06 17:20:00,215.9399,215.9399,215.9399,215.9399,500
2022-04-06 17:25:00,215.9399,215.9399,215.9399,215.9399,500
2022-04-06 17:40:00,215.9399,215.9399,215.9399,215.9399,500
2022-04-06 17:45:00,215.9399,215.9399,215.9399,215.9399,500
2022-04-06 17:55:00,215.9399,215.9399,215.9399,215.9399,500
2022-04-06 18:15:00,215.94,215.94,215.94,215.94,928
2022-04-06 19:55:00,215.91,215.91,215.91,215.91,477
2022-04-07 07:00:00,218.0,218.0,218.0,218.0,147
2022-04-07 07:45:00,217.95,218.0,217.74,218.0,1978
2022-04-07 07:50:00,217.98,218.0,217.98,218.0,935
2022-04-07 07:55:00,217.26,217.26,217.26,217.26,100
2022-04-07 08:00:00,216.75,217.37,216.75,217.3,1100
2022-04-07 08:05:00,217.3,217.3,217.3,217.3,200
2022-04-07 08:10:00,216.95,217.5,216.75,216.97,6410
2022-04-07 08:30:00,216.95,216.95,216.95,216.95,700
2022-04-07 08:40:00,216.96,216.96,216.96,216.96,332
2022-04-07 08:45:00,216.95,216.95,216.95,216.95,200
2022-04-07 08:55:00,216.68,216.68,216.68,216.68,200
2022-04-07 09:15:00,216.5,216.5,216.5,216.5,500
2022-04-07 09:20:00,216.6,217.55,216.6,217.55,400
2022-04-07 09:25:00,218.47,218.99,218.47,218.99,639
2022-04-07 09:30:00,219.0,221.38,218.43,220.92,244634
2022-04-07 09:35:00,221.05,221.64,220.52,221.11,62834
2022-04-07 09:40:00,220.99,221.95,220.55,221.3,56205
2022-04-07 09:45:00,221.28,222.12,220.78,221.25,54004
2022-04-07 09:50:00,221.23,222.28,221.23,222.045,56721
2022-04-07 09:55:00,222.15,222.705,221.7817,222.47,65393
2022-04-07 10:00:00,222.3359,222.61,221.78,221.9,53491
2022-04-07 10:05:00,221.9,221.9,220.26,220.68,35099
2022-04-07 10:10:00,220.67,221.42,220.355,221.315,35701
2022-04-07 10:15:00,221.355,221.8269,221.21,221.355,16320
2022-04-07 10:20:00,221.345,221.45,220.77,221.07,30511
2022-04-07 10:25:00,221.13,221.6,221.115,221.26,32239
2022-04-07 10:30:00,221.26,221.5,220.91,221.17,32431
2022-04-07 10:35:00,221.24,221.24,220.63,221.04,37400
2022-04-07 10:40:00,221.0,221.0,219.8001,220.565,40668
2022-04-07 10:45:00,220.575,220.97,220.487,220.97,24529
2022-04-07 10:50:00,220.945,221.62,220.945,221.415,29869
2022-04-07 10:55:00,221.4,221.775,220.77,220.92,26969
2022-04-07 11:00:00,221.09,221.57,220.93,221.09,43512
2022-04-07 11:05:00,221.1,221.16,220.48,220.83,41714
2022-04-07 11:10:00,220.77,221.04,220.521,220.8,43126
2022-04-07 11:15:00,220.8,221.4,220.78,221.34,30503
2022-04-07 11:20:00,221.32,221.76,221.28,221.58,28837
2022-04-07 11:25:00,221.57,221.94,221.32,221.61,30579
2022-04-07 11:30:00,221.665,221.775,221.3309,221.63,42164
2022-04-07 11:35:00,221.63,222.4,221.61,222.385,37536
2022-04-07 11:40:00,222.375,222.58,221.87,222.0,24470
2022-04-07 11:45:00,222.02,222.19,221.88,221.985,23671
2022-04-07 11:50:00,221.965,222.06,221.81,221.81,18440
2022-04-07 11:55:00,221.84,222.34,221.84,222.34,21452
2022-04-07 12:00:00,222.33,222.61,222.23,222.61,45487
2022-04-07 12:05:00,222.615,223.15,222.605,223.015,40050
2022-04-07 12:10:00,223.04,223.19,222.75,222.86,91839
2022-04-07 12:15:00,222.855,222.93,222.66,222.8,49983
2022-04-07 12:20:00,222.78,223.45,222.6,222.97,41395
2022-04-07 12:25:00,222.93,223.68,222.86,223.645,34762
2022-04-07 12:30:00,223.65,224.13,223.6,224.09,69063
2022-04-07 12:35:00,224.14,224.6605,223.85,224.6605,70803
2022-04-07 12:40:00,224.6999,224.715,224.3666,224.715,58274
2022-04-07 12:45:00,224.715,225.02,224.59,224.88,69165
2022-04-07 12:50:00,224.85,225.27,224.81,224.92,128932
2022-04-07 12:55:00,224.9,225.61,224.89,225.465,92502
2022-04-07 13:00:00,225.47,226.0,225.405,225.66,89129
2022-04-07 13:05:00,225.64,225.89,225.53,225.73,34264
2022-04-07 13:10:00,225.71,226.73,225.69,226.205,55283
2022-04-07 13:15:00,226.23,226.65,226.2094,226.5,48308
2022-04-07 13:20:00,226.52,226.91,226.25,226.52,53225
2022-04-07 13:25:00,226.54,227.21,226.52,227.06,60388
2022-04-07 13:30:00,227.13,227.245,226.891,227.1,74372
2022-04-07 13:35:00,227.115,227.33,226.99,227.05,37979
2022-04-07 13:40:00,227.05,227.27,226.9501,227.05,40716
2022-04-07 13:45:00,227.03,227.26,226.92,227.145,83776
2022-04-07 13:50:00,227.215,227.7392,227.16,227.7392,211004
2022-04-07 13:55:00,227.6733,228.77,227.66,228.66,83335
2022-04-07 14:00:00,228.69,228.745,227.41,227.63,78673
2022-04-07 14:05:00,227.635,227.7099,227.14,227.65,45506
2022-04-07 14:10:00,227.64,228.4189,227.55,228.4189,43850
2022-04-07 14:15:00,228.44,228.46,228.115,228.4125,80370
2022-04-07 14:20:00,228.44,228.6591,228.288,228.54,60158
2022-04-07 14:25:00,228.555,228.84,228.03,228.03,75514
2022-04-07 14:30:00,228.01,228.14,227.72,227.97,55185
2022-04-07 14:35:00,227.98,228.4482,227.85,228.315,33914
2022-04-07 14:40:00,228.28,228.28,227.9521,228.07,21574
2022-04-07 14:45:00,228.09,228.64,228.07,228.455,28988
2022-04-07 14:50:00,228.42,228.5,228.24,228.4,25496
2022-04-07 14:55:00,228.44,229.06,228.44,229.0,63392
2022-04-07 15:00:00,228.98,229.19,228.855,228.92,81559
2022-04-07 15:05:00,228.86,229.14,228.77,229.105,74294
2022-04-07 15:10:00,229.1314,229.81,229.11,229.46,83956
2022-04-07 15:15:00,229.5,229.56,228.71,228.8,68760
2022-04-07 15:20:00,228.77,228.89,228.22,228.42,66433
2022-04-07 15:25:00,228.44,228.665,228.35,228.55,66514
2022-04-07 15:30:00,228.53,229.13,228.44,229.07,74145
2022-04-07 15:35:00,229.06,229.21,228.756,229.095,90542
2022-04-07 15:40:00,229.115,229.32,228.7502,228.985,81468
2022-04-07 15:45:00,228.96,229.15,228.75,229.04,70962
2022-04-07 15:50:00,229.01,229.05,228.75,228.86,123348
2022-04-07 15:55:00,228.87,228.87,227.94,228.22,321330
2022-04-07 16:00:00,228.01,228.55,228.01,228.55,602590
2022-04-07 16:05:00,228.22,228.22,228.22,228.22,100
2022-04-07 16:10:00,228.1799,228.2,228.1799,228.2,300
2022-04-07 16:15:00,228.2,228.2,228.2,228.2,100
2022-04-07 16:20:00,228.19,228.19,228.19,228.19,4496
2022-04-07 16:30:00,228.19,228.19,228.19,228.19,2469
2022-04-07 16:35:00,228.2,228.2,228.2,228.2,100
2022-04-07 16:40:00,228.95,228.95,228.3176,228.3788,575
2022-04-07 16:45:00,228.2,228.2,228.2,228.2,692
2022-04-07 16:55:00,228.2399,228.2399,228.2399,228.2399,100
2022-04-07 17:00:00,228.18,228.18,228.18,228.18,100
2022-04-07 17:05:00,228.24,228.24,228.24,228.24,137
2022-04-07 17:20:00,228.24,228.24,228.24,228.24,3000
2022-04-07 17:50:00,228.2,228.24,228.2,228.24,300
2022-04-07 18:05:00,228.4,228.49,228.4,228.49,630
2022-04-07 18:10:00,228.6,228.6,228.6,228.6,300
2022-04-07 18:15:00,228.78,228.78,228.78,228.78,100
2022-04-07 19:00:00,228.4,228.4,228.28,228.4,1102
2022-04-07 19:10:00,228.4,228.4,228.4,228.4,1909
2022-04-07 19:25:00,228.2,228.2,228.2,228.2,100
2022-04-08 05:35:00,229.0,229.0,229.0,229.0,100
2022-04-08 06:00:00,229.99,230.0,229.99,230.0,250
2022-04-08 06:05:00,230.04,230.04,230.0,230.0,400
2022-04-08 06:10:00,230.43,230.75,230.43,230.75,2078
2022-04-08 06:15:00,230.05,230.49,230.0,230.0,414
2022-04-08 06:30:00,230.05,230.5,230.05,230.5,1800
2022-04-08 06:35:00,230.5,230.74,230.5,230.5,1251
2022-04-08 06:40:00,230.7,230.74,230.7,230.74,465
2022-04-08 06:45:00,230.66,230.96,230.5,230.96,444
2022-04-08 06:55:00,231.49,231.49,231.49,231.49,100
2022-04-08 07:00:00,231.04,231.04,231.04,231.04,200
2022-04-08 07:05:00,231.5,231.5,231.5,231.5,100
2022-04-08 07:10:00,231.5,231.58,231.5,231.5,665
2022-04-08 07:20:00,231.51,231.79,231.49,231.79,500
2022-04-08 07:35:00,231.69,231.96,231.69,231.7,600
2022-04-08 07:40:00,231.7,231.7,231.7,231.7,1200
2022-04-08 07:50:00,231.5,231.5,231.5,231.5,105
2022-04-08 07:55:00,231.45,231.45,231.35,231.35,300
2022-04-08 08:00:00,231.4785,231.8,230.76,231.33,8201
2022-04-08 08:05:00,231.12,231.12,231.11,231.12,600
2022-04-08 08:10:00,231.11,231.11,231.11,231.11,600
2022-04-08 08:15:00,231.5,231.5,231.5,231.5,100
2022-04-08 08:20:00,231.48,231.49,231.48,231.48,700
2022-04-08 08:25:00,231.5,231.5,231.5,231.5,760
2022-04-08 08:30:00,231.5,231.5,231.5,231.5,250
2022-04-08 08:35:00,231.44,231.7,231.4,231.65,4112
2022-04-08 08:40:00,231.66,231.7,231.65,231.7,1710
2022-04-08 08:45:00,231.7,231.7,231.7,231.7,300
2022-04-08 08:50:00,231.82,231.82,231.7001,231.7001,400
2022-04-08 08:55:00,231.7,231.7,231.64,231.7,5620
2022-04-08 09:00:00,231.7,232.0,231.65,231.86,9289
2022-04-08 09:05:00,231.98,232.2,231.95,232.0,6031
2022-04-08 09:10:00,231.61,232.0,231.61,232.0,1812
2022-04-08 09:15:00,232.0,232.49,231.95,232.49,8552
2022-04-08 09:20:00,232.27,233.28,232.27,233.1999,27847
2022-04-08 09:25:00,233.17,233.5,232.0,232.33,7328
2022-04-08 09:30:00,233.0,233.43,231.4,231.69,317364
2022-04-08 09:35:00,231.7,231.99,230.62,230.94,94297
2022-04-08 09:40:00,230.91,232.3609,230.88,231.43,186804
2022-04-08 09:45:00,231.47,233.75,231.2,233.75,135422
2022-04-08 09:50:00,233.83,234.05,232.51,232.81,163908
2022-04-08 09:55:00,232.93,233.8,232.88,233.6,86981
2022-04-08 10:00:00,233.5101,233.7899,231.7126,232.64,128832
2022-04-08 10:05:00,232.57,233.8,232.56,233.6,55507
2022-04-08 10:10:00,233.55,233.72,232.32,232.38,36753
2022-04-08 10:15:00,232.35,232.99,231.9438,232.7,74575
2022-04-08 10:20:00,232.74,234.0999,232.62,233.8,137555
2022-04-08 10:25:00,233.8226,234.0,233.23,233.545,48215
2022-04-08 10:30:00,233.54,234.4,233.4806,233.97,88204
2022-04-08 10:35:00,234.06,234.65,234.06,234.45,67429
2022-04-08 10:40:00,234.41,234.45,233.48,233.92,39038
2022-04-08 10:45:00,233.91,234.2648,233.72,234.145,37546
2022-04-08 10:50:00,234.1262,234.98,234.09,234.98,47805
2022-04-08 10:55:00,234.96,235.7128,234.85,235.65,167956
2022-04-08 11:00:00,235.67,235.85,235.29,235.33,71079
2022-04-08 11:05:00,235.29,235.56,235.01,235.2756,48810
2022-04-08 11:10:00,235.28,235.89,235.21,235.88,54488
2022-04-08 11:15:00,235.92,236.07,235.0701,235.12,65527
2022-04-08 11:20:00,235.14,235.14,234.5011,234.555,41957
2022-04-08 11:25:00,234.5,234.915,234.4401,234.71,53996
2022-04-08 11:30:00,234.71,235.135,234.6126,234.94,64980
2022-04-08 11:35:00,234.93,234.96,234.0,234.08,76216
2022-04-08 11:40:00,234.1,234.9321,234.05,234.87,114584
2022-04-08 11:45:00,234.86,235.05,234.76,234.885,110710
2022-04-08 11:50:00,234.8504,235.69,234.8504,235.5,100388
2022-04-08 11:55:00,235.54,235.96,235.37,235.425,32525
2022-04-08 12:00:00,235.43,235.7,234.85,234.9464,29904
2022-04-08 12:05:00,234.96,235.005,234.4396,234.505,38191
2022-04-08 12:10:00,234.45,234.62,234.3204,234.575,23181
2022-04-08 12:15:00,234.58,234.6,234.32,234.4,23578
2022-04-08 12:20:00,234.395,234.52,234.17,234.18,21153
2022-04-08 12:25:00,234.2192,234.7,234.195,234.59,20975
2022-04-08 12:30:00,234.55,234.56,233.67,233.8,60215
2022-04-08 12:35:00,233.81,233.87,233.62,233.735,18786
2022-04-08 12:40:00,233.76,233.79,233.5188,233.57,21201
2022-04-08 12:45:00,233.5422,233.71,233.52,233.61,37745
2022-04-08 12:50:00,233.56,234.195,233.5,234.165,22138
2022-04-08 12:55:00,234.15,234.43,234.03,234.13,22627
2022-04-08 13:00:00,234.1207,234.13,233.82,233.8301,15141
2022-04-08 13:05:00,233.82,233.82,233.51,233.625,17911
2022-04-08 13:10:00,233.73,233.77,233.57,233.7,17699
2022-04-08 13:15:00,233.67,233.7395,233.13,233.175,39115
2022-04-08 13:20:00,233.14,233.47,233.13,233.28,11111
2022-04-08 13:25:00,233.31,233.52,233.2734,233.385,17412
2022-04-08 13:30:00,233.42,233.61,233.17,233.1785,15684
2022-04-08 13:35:00,233.17,233.28,232.86,233.215,34012
2022-04-08 13:40:00,233.21,233.7,233.21,233.51,15099
2022-04-08 13:45:00,233.51,233.6,233.31,233.58,18252
2022-04-08 13:50:00,233.51,233.93,233.348,233.76,23241
2022-04-08 13:55:00,233.76,234.09,233.75,233.842,18597
2022-04-08 14:00:00,233.83,233.9999,233.5108,233.548,24593
2022-04-08 14:05:00,233.53,233.74,233.3,233.71,16270
2022-04-08 14:10:00,233.75,233.97,233.63,233.96,38391
2022-04-08 14:15:00,233.98,234.2,233.95,233.99,24614
2022-04-08 14:20:00,233.97,234.07,233.8,233.88,23662
2022-04-08 14:25:00,233.83,233.835,233.39,233.64,28734
2022-04-08 14:30:00,233.62,233.73,232.85,232.9,25758
2022-04-08 14:35:00,232.9,233.25,232.8,233.21,49483
2022-04-08 14:40:00,233.16,233.42,233.13,233.19,13122
2022-04-08 14:45:00,233.23,233.47,233.13,233.46,15692
2022-04-08 14:50:00,233.445,233.83,233.39,233.61,23465
2022-04-08 14:55:00,233.6187,233.64,233.4,233.5,18437
2022-04-08 15:00:00,233.545,233.57,233.39,233.49,14586
2022-04-08 15:05:00,233.51,233.67,233.45,233.67,21201
2022-04-08 15:10:00,233.68,234.07,233.475,233.955,30616
2022-04-08 15:15:00,233.91,234.235,233.78,234.0,25168
2022-04-08 15:20:00,234.085,234.4,234.03,234.27,61757
2022-04-08 15:25:00,234.28,234.38,234.21,234.29,23316
2022-04-08 15:30:00,234.33,234.45,234.18,234.265,62552
2022-04-08 15:35:00,234.3,234.38,233.77,234.03,40171
2022-04-08 15:40:00,234.06,234.06,233.6456,233.98,32931
2022-04-08 15:45:00,233.96,233.96,233.36,233.53,48739
2022-04-08 15:50:00,233.47,233.62,233.16,233.47,68687
2022-04-08 15:55:00,233.47,233.565,233.05,233.43,170492
2022-04-08 16:00:00,233.42,233.42,233.34,233.34,389918
2022-04-08 16:10:00,233.1,233.1,233.1,233.1,104
2022-04-08 16:20:00,233.34,233.34,233.34,233.34,1133
2022-04-08 16:40:00,233.5,233.5,233.5,233.5,500
2022-04-08 16:45:00,233.5,233.5,233.1,233.1,700
2022-04-08 18:25:00,233.25,233.25,233.25,233.25,100
2022-04-08 18:30:00,233.2,233.2,233.2,233.2,142
2022-04-08 18:35:00,233.2,233.2,233.2,233.2,400
2022-04-08 19:00:00,233.1,233.4,233.1,233.4,900
2022-04-08 19:40:00,233.77,233.77,233.77,233.77,107
2022-04-08 19:50:00,233.5,233.5,233.5,233.5,100
2022-04-11 08:00:00,232.0,232.0,232.0,232.0,100
2022-04-11 08:35:00,230.55,230.55,230.55,230.55,200
2022-04-11 08:40:00,231.88,232.18,231.88,232.18,200
2022-04-11 09:15:00,232.0,232.0,232.0,232.0,300
2022-04-11 09:30:00,233.26,234.55,231.53,232.4875,126831
2022-04-11 09:35:00,232.63,234.35,231.69,231.73,27191
2022-04-11 09:40:00,231.84,232.87,231.43,232.675,29904
2022-04-11 09:45:00,232.78,233.46,232.41,233.18,27147
2022-04-11 09:50:00,233.11,234.27,232.9,234.27,54361
2022-04-11 09:55:00,234.22,235.96,234.08,234.43,92249
2022-04-11 10:00:00,234.35,234.415,232.38,232.38,34067
2022-04-11 10:05:00,232.3,232.875,232.05,232.82,38466
2022-04-11 10:10:00,232.75,233.06,232.0301,232.18,22187
2022-04-11 10:15:00,232.27,232.77,232.13,232.47,20517
2022-04-11 10:20:00,232.44,232.72,232.3,232.3,22386
2022-04-11 10:25:00,232.43,232.51,231.24,231.58,29842
2022-04-11 10:30:00,231.55,231.81,231.34,231.44,20214
2022-04-11 10:35:00,231.4,231.67,230.52,231.01,29214
2022-04-11 10:40:00,230.985,231.28,230.8824,231.05,16823
2022-04-11 10:45:00,231.015,231.32,230.77,231.2099,25762
2022-04-11 10:50:00,231.25,231.62,231.12,231.23,18705
2022-04-11 10:55:00,231.18,231.18,230.53,230.575,13223
2022-04-11 11:00:00,230.53,230.535,230.105,230.3365,40824
2022-04-11 11:05:00,230.29,230.57,230.21,230.52,19583
2022-04-11 11:10:00,230.48,230.5118,229.73,229.75,45080
2022-04-11 11:15:00,229.725,229.87,229.54,229.8,24775
2022-04-11 11:20:00,229.78,229.9541,229.71,229.77,14471
2022-04-11 11:25:00,229.73,230.39,229.59,230.39,15917
2022-04-11 11:30:00,230.33,230.725,230.3,230.48,13568
2022-04-11 11:35:00,230.56,230.95,230.45,230.8,24212
2022-04-11 11:40:00,230.85,231.27,230.85,231.15,19603
2022-04-11 11:45:00,231.1588,231.67,231.1588,231.67,35806
2022-04-11 11:50:00,231.67,232.23,231.63,232.1996,18596
2022-04-11 11:55:00,232.26,232.32,231.98,232.245,18060
2022-04-11 12:00:00,232.24,232.42,231.92,232.3,13062
2022-04-11 12:05:00,232.29,232.38,232.08,232.18,22573
2022-04-11 12:10:00,232.18,232.32,231.9317,232.27,15423
2022-04-11 12:15:00,232.36,232.54,232.34,232.47,19030
2022-04-11 12:20:00,232.455,232.84,232.4,232.8,18984
2022-04-11 12:25:00,232.815,232.95,232.71,232.71,24047
2022-04-11 12:30:00,232.71,232.71,231.81,231.99,24121
2022-04-11 12:35:00,232.0,232.0,231.68,231.68,5445
2022-04-11 12:40:00,231.68,231.68,231.14,231.15,12109
2022-04-11 12:45:00,231.22,231.325,230.9,231.1229,7871
2022-04-11 12:50:00,231.17,231.33,231.07,231.23,32469
2022-04-11 12:55:00,231.22,231.335,231.08,231.13,11961
2022-04-11 13:00:00,231.2,231.47,231.11,231.3,10917
2022-04-11 13:05:00,231.305,231.41,230.93,230.9347,11100
2022-04-11 13:10:00,230.98,231.39,230.98,231.31,24111
2022-04-11 13:15:00,231.27,231.43,231.17,231.36,10860
2022-04-11 13:20:00,231.425,231.43,230.72,230.74,12010
2022-04-11 13:25:00,230.85,231.065,230.1,230.1561,26267
2022-04-11 13:30:00,230.18,230.39,229.92,230.39,25855
2022-04-11 13:35:00,230.38,230.6,230.26,230.51,13885
2022-04-11 13:40:00,230.54,230.86,230.47,230.7746,24870
2022-04-11 13:45:00,230.76,230.83,230.375,230.58,34173
2022-04-11 13:50:00,230.55,230.79,230.45,230.47,14668
2022-04-11 13:55:00,230.5,230.935,230.455,230.9,18911
2022-04-11 14:00:00,230.86,230.93,230.56,230.8,14663
2022-04-11 14:05:00,230.73,231.24,230.71,231.22,12870
2022-04-11 14:10:00,231.1255,231.3,230.63,230.63,20259
2022-04-11 14:15:00,230.56,230.78,230.35,230.6831,14134
2022-04-11 14:20:00,230.6998,230.81,230.45,230.57,9102
2022-04-11 14:25:00,230.52,230.7799,230.52,230.625,9962
2022-04-11 14:30:00,230.58,230.99,230.5,230.99,9654
2022-04-11 14:35:00,230.97,231.23,230.96,231.2,26621
2022-04-11 14:40:00,231.19,231.37,230.93,230.99,19741
2022-04-11 14:45:00,231.0,231.06,230.72,230.9013,14036
2022-04-11 14:50:00,230.89,231.06,230.79,230.81,10509
2022-04-11 14:55:00,230.8404,230.9332,230.745,230.7995,19587
2022-04-11 15:00:00,230.76,231.07,230.34,230.34,18601
2022-04-11 15:05:00,230.35,230.68,230.14,230.67,21681
2022-04-11 15:10:00,230.7,230.77,230.57,230.57,11798
2022-04-11 15:15:00,230.6,230.63,230.35,230.565,17114
2022-04-11 15:20:00,230.53,230.62,230.35,230.355,12986
2022-04-11 15:25:00,230.3383,230.39,229.881,229.91,24648
2022-04-11 15:30:00,229.905,230.109,229.65,229.7,20925
2022-04-11 15:35:00,229.7,229.99,229.59,229.79,25041
2022-04-11 15:40:00,229.77,229.98,229.69,229.79,23109
2022-04-11 15:45:00,229.74,229.9569,229.61,229.63,36451
2022-04-11 15:50:00,229.5,229.84,228.97,229.04,55638
2022-04-11 15:55:00,229.01,229.48,228.91,229.48,122890
2022-04-11 16:00:00,229.31,229.31,229.31,229.31,235779
2022-04-11 16:05:00,229.31,229.31,229.31,229.31,649
2022-04-11 16:30:00,229.31,229.5,229.31,229.5,732
2022-04-11 16:35:00,228.04,228.04,228.04,228.04,200
2022-04-11 16:50:00,229.31,229.31,229.31,229.31,977
2022-04-11 17:15:00,229.02,229.02,229.02,229.02,100
2022-04-11 18:15:00,229.31,229.31,229.31,229.31,282
2022-04-11 19:55:00,228.11,228.11,228.11,228.11,250
2022-04-12 07:45:00,229.5,229.5,229.5,229.5,100
2022-04-12 08:00:00,228.0201,228.0201,228.0201,228.0201,1000
2022-04-12 08:05:00,229.31,229.31,229.31,229.31,200
2022-04-12 08:15:00,229.0,229.0,229.0,229.0,400
2022-04-12 08:20:00,229.01,229.01,229.0,229.0,423
2022-04-12 08:25:00,229.0,229.0,229.0,229.0,204
2022-04-12 08:30:00,230.0,230.0,230.0,230.0,150
2022-04-12 08:35:00,230.5,233.7,230.5,233.7,3643
2022-04-12 09:10:00,232.6673,232.6673,232.6673,232.6673,100
2022-04-12 09:15:00,233.5,233.5,233.5,233.5,150
2022-04-12 09:25:00,232.44,232.46,232.44,232.46,300
2022-04-12 09:30:00,232.3,233.06,231.8756,232.185,79781
2022-04-12 09:35:00,232.2,232.89,231.3006,232.58,36447
2022-04-12 09:40:00,232.58,232.78,231.76,232.705,26085
2022-04-12 09:45:00,232.71,234.27,232.62,234.19,45828
2022-04-12 09:50:00,234.2,235.41,234.1031,234.51,52122
2022-04-12 09:55:00,234.58,234.595,233.88,234.4,26443
2022-04-12 10:00:00,234.445,234.5,233.84,233.93,45487
2022-04-12 10:05:00,234.05,234.62,234.005,234.62,18645
2022-04-12 10:10:00,234.71,234.9,234.32,234.85,30001
2022-04-12 10:15:00,234.7268,235.05,234.2175,234.315,24243
2022-04-12 10:20:00,234.37,234.75,234.36,234.67,10546
2022-04-12 10:25:00,234.74,235.0,234.19,234.2,16180
2022-04-12 10:30:00,234.26,234.31,233.97,234.215,13163
2022-04-12 10:35:00,234.23,234.5,233.9,234.18,21259
2022-04-12 10:40:00,234.13,234.15,233.78,234.14,25808
2022-04-12 10:45:00,234.1253,234.2,233.815,234.2,9602
2022-04-12 10:50:00,234.19,234.3129,234.0,234.145,12923
2022-04-12 10:55:00,234.08,234.4,233.86,233.99,12151
2022-04-12 11:00:00,234.065,234.26,233.82,234.26,11280
2022-04-12 11:05:00,234.24,234.28,233.34,233.34,10696
2022-04-12 11:10:00,233.4,233.89,233.3765,233.89,6596
2022-04-12 11:15:00,233.96,234.2897,233.775,234.24,9805
2022-04-12 11:20:00,234.24,234.36,234.04,234.07,10010
2022-04-12 11:25:00,234.11,234.37,233.85,234.125,12410
2022-04-12 11:30:00,234.18,234.61,234.15,234.36,13255
2022-04-12 11:35:00,234.42,234.54,234.01,234.11,13150
2022-04-12 11:40:00,234.2,234.66,234.2,234.49,10575
2022-04-12 11:45:00,234.51,234.7,234.44,234.6,5091
2022-04-12 11:50:00,234.61,234.91,234.51,234.845,9249
2022-04-12 11:55:00,234.89,235.025,234.6668,234.75,24329
2022-04-12 12:00:00,234.73,234.92,234.5576,234.84,11599
2022-04-12 12:05:00,234.845,234.87,234.1219,234.22,10218
2022-04-12 12:10:00,234.27,234.34,234.095,234.31,7695
2022-04-12 12:15:00,234.36,234.56,234.0219,234.0219,20588
2022-04-12 12:20:00,234.0031,234.04,233.67,233.67,9326
2022-04-12 12:25:00,233.68,233.69,233.27,233.27,11526
2022-04-12 12:30:00,233.27,233.485,233.2,233.32,14645
2022-04-12 12:35:00,233.34,234.1,233.305,233.94,13803
2022-04-12 12:40:00,233.935,233.945,233.34,233.4005,17522
2022-04-12 12:45:00,233.4,233.61,233.25,233.53,27780
2022-04-12 12:50:00,233.54,233.72,233.357,233.357,11003
2022-04-12 12:55:00,233.375,233.46,232.35,232.48,47802
2022-04-12 13:00:00,232.53,232.8992,232.25,232.37,39051
2022-04-12 13:05:00,232.48,232.84,232.4586,232.59,12817
2022-04-12 13:10:00,232.58,233.0003,232.5,232.82,16047
2022-04-12 13:15:00,232.71,232.9883,232.61,232.9248,10784
2022-04-12 13:20:00,232.91,233.07,232.62,233.0,19029
2022-04-12 13:25:00,233.05,233.15,232.7615,232.8481,10366
2022-04-12 13:30:00,232.85,232.85,232.52,232.71,17314
2022-04-12 13:35:00,232.7,233.0291,232.66,232.71,16083
2022-04-12 13:40:00,232.66,232.72,232.17,232.17,10727
2022-04-12 13:45:00,232.12,232.12,231.35,231.44,22189
2022-04-12 13:50:00,231.46,231.495,231.07,231.16,17384
2022-04-12 13:55:00,231.16,231.32,230.91,231.26,11702
2022-04-12 14:00:00,231.33,231.69,231.13,231.63,6474
2022-04-12 14:05:00,231.7,232.0299,231.54,231.91,12360
2022-04-12 14:10:00,231.89,231.9,231.48,231.515,13906
2022-04-12 14:15:00,231.38,231.387,230.86,230.92,20697
2022-04-12 14:20:00,230.86,231.18,230.83,230.99,13874
2022-04-12 14:25:00,230.94,231.11,230.91,230.94,12244
2022-04-12 14:30:00,231.02,231.27,230.78,231.075,21752
2022-04-12 14:35:00,231.09,231.37,231.0553,231.06,11291
2022-04-12 14:40:00,231.11,231.16,230.945,231.045,9009
2022-04-12 14:45:00,231.14,231.33,231.04,231.18,7442
2022-04-12 14:50:00,231.17,231.405,231.12,231.375,7865
2022-04-12 14:55:00,231.61,231.61,231.3586,231.54,13233
2022-04-12 15:00:00,231.38,231.66,231.2,231.26,20438
2022-04-12 15:05:00,231.3,231.32,230.75,230.75,13007
2022-04-12 15:10:00,230.79,230.86,230.51,230.55,15310
2022-04-12 15:15:00,230.63,230.68,230.3911,230.57,13370
2022-04-12 15:20:00,230.64,231.15,230.63,231.08,21958
2022-04-12 15:25:00,231.03,231.16,230.72,230.94,25453
2022-04-12 15:30:00,230.93,230.9999,230.68,230.77,16388
2022-04-12 15:35:00,230.77,231.23,230.73,231.19,19364
2022-04-12 15:40:00,231.17,231.32,231.0,231.16,18014
2022-04-12 15:45:00,231.03,231.48,230.9118,231.22,17436
2022-04-12 15:50:00,231.15,231.39,230.94,231.26,30054
2022-04-12 15:55:00,231.27,231.53,231.19,231.19,80262
2022-04-12 16:00:00,231.34,231.34,231.34,231.34,271899
2022-04-12 16:40:00,231.34,231.34,231.34,231.34,100
2022-04-12 17:30:00,231.34,231.34,231.34,231.34,1040
2022-04-12 18:20:00,231.34,231.34,231.34,231.34,100
2022-04-12 19:10:00,231.34,231.34,231.34,231.34,100
2022-04-12 19:50:00,231.34,231.34,231.34,231.34,100
2022-04-13 08:05:00,232.86,232.86,232.86,232.86,100
2022-04-13 09:25:00,230.07,230.07,230.07,230.07,100
2022-04-13 09:30:00,230.3,230.91,229.51,230.51,47887
2022-04-13 09:35:00,230.755,232.7,230.755,232.7,19922
2022-04-13 09:40:00,232.85,233.01,232.305,232.89,19405
2022-04-13 09:45:00,232.88,233.38,232.52,233.29,17370
2022-04-13 09:50:00,233.39,233.5073,232.46,232.7,17683
2022-04-13 09:55:00,232.73,233.09,232.32,232.8457,25274
2022-04-13 10:00:00,232.93,232.93,232.03,232.83,19282
2022-04-13 10:05:00,232.83,233.5862,232.83,232.88,30724
2022-04-13 10:10:00,232.8039,233.62,232.74,233.4,25806
2022-04-13 10:15:00,233.47,233.89,233.23,233.57,30262
2022-04-13 10:20:00,233.64,233.85,233.47,233.694,18067
2022-04-13 10:25:00,233.6,233.86,233.25,233.46,24381
2022-04-13 10:30:00,233.45,233.87,233.26,233.87,20572
2022-04-13 10:35:00,233.83,234.09,233.73,233.8553,29820
2022-04-13 10:40:00,233.83,234.05,233.42,233.91,18651
2022-04-13 10:45:00,233.96,234.53,233.91,234.21,35619
2022-04-13 10:50:00,234.205,234.7773,234.08,234.63,24395
2022-04-13 10:55:00,234.625,234.91,234.49,234.76,18282
2022-04-13 11:00:00,234.68,235.19,234.48,235.12,22812
2022-04-13 11:05:00,235.15,235.16,234.55,234.8,21316
2022-04-13 11:10:00,234.8002,234.97,234.73,234.88,12824
2022-04-13 11:15:00,234.84,235.04,234.73,234.75,16624
2022-04-13 11:20:00,234.82,234.87,234.51,234.8011,17283
2022-04-13 11:25:00,234.78,235.025,234.77,234.94,15074
2022-04-13 11:30:00,234.98,235.07,234.62,234.71,19411
2022-04-13 11:35:00,234.77,234.81,234.21,234.415,16085
2022-04-13 11:40:00,234.41,234.41,234.1706,234.318,14779
2022-04-13 11:45:00,234.32,234.36,234.12,234.12,13536
2022-04-13 11:50:00,234.125,234.125,233.91,234.09,8060
2022-04-13 11:55:00,234.06,234.11,233.66,233.77,12465
2022-04-13 12:00:00,233.75,234.22,233.75,234.165,8012
2022-04-13 12:05:00,234.14,234.23,233.845,233.89,14161
2022-04-13 12:10:00,233.96,234.01,233.695,234.01,9631
2022-04-13 12:15:00,233.98,234.08,233.8,233.83,15234
2022-04-13 12:20:00,233.845,234.17,233.74,234.14,18222
2022-04-13 12:25:00,234.18,234.21,233.915,233.985,9031
2022-04-13 12:30:00,233.99,234.19,233.97,234.17,11250
2022-04-13 12:35:00,234.18,234.65,234.18,234.545,15309
2022-04-13 12:40:00,234.59,234.78,234.57,234.695,9029
2022-04-13 12:45:00,234.7,234.73,234.5145,234.6317,11700
2022-04-13 12:50:00,234.63,234.65,234.15,234.1508,10444
2022-04-13 12:55:00,234.19,234.195,233.845,233.93,14044
2022-04-13 13:00:00,233.92,234.22,233.92,234.22,10205
2022-04-13 13:05:00,234.17,234.36,234.1,234.22,14535
2022-04-13 13:10:00,234.225,234.325,234.15,234.2,10203
2022-04-13 13:15:00,234.17,234.41,234.17,234.36,8209
2022-04-13 13:20:00,234.32,234.375,234.18,234.205,8147
2022-04-13 13:25:00,234.18,234.2475,233.95,233.95,11528
2022-04-13 13:30:00,233.94,234.0,233.575,233.575,19235
2022-04-13 13:35:00,233.575,233.575,233.26,233.29,17523
2022-04-13 13:40:00,233.31,233.57,233.2,233.44,10260
2022-04-13 13:45:00,233.495,233.565,233.35,233.435,8187
2022-04-13 13:50:00,233.4,233.44,233.14,233.2,9016
2022-04-13 13:55:00,233.166,233.61,233.15,233.61,9382
2022-04-13 14:00:00,233.59,233.615,233.2,233.225,13132
2022-04-13 14:05:00,233.26,233.55,233.21,233.265,18222
2022-04-13 14:10:00,233.25,233.25,232.9,232.95,18461
2022-04-13 14:15:00,232.95,233.07,232.945,233.035,8623
2022-04-13 14:20:00,233.09,233.14,232.88,232.91,8510
2022-04-13 14:25:00,232.96,232.97,232.72,232.88,10648
2022-04-13 14:30:00,232.895,233.16,232.8,233.145,9132
2022-04-13 14:35:00,233.135,233.215,233.02,233.115,12079
2022-04-13 14:40:00,233.13,233.1899,233.03,233.1899,8622
2022-04-13 14:45:00,233.19,233.455,233.16,233.4,14463
2022-04-13 14:50:00,233.405,233.68,233.405,233.57,18935
2022-04-13 14:55:00,233.5641,233.84,233.5641,233.58,14357
2022-04-13 15:00:00,233.55,233.67,233.41,233.59,13543
2022-04-13 15:05:00,233.61,233.86,233.51,233.79,20715
2022-04-13 15:10:00,233.78,233.79,233.63,233.69,16248
2022-04-13 15:15:00,233.7,233.91,233.7,233.845,17983
2022-04-13 15:20:00,233.85,233.865,233.62,233.67,14807
2022-04-13 15:25:00,233.69,233.755,233.54,233.56,24034
2022-04-13 15:30:00,233.56,233.7,233.453,233.55,20967
2022-04-13 15:35:00,233.55,233.715,233.31,233.715,27272
2022-04-13 15:40:00,233.72,233.75,233.53,233.64,24591
2022-04-13 15:45:00,233.65,233.795,233.585,233.76,31088
2022-04-13 15:50:00,233.77,233.86,233.45,233.735,58351
2022-04-13 15:55:00,233.66,233.93,233.54,233.79,72248
2022-04-13 16:00:00,233.9,234.27,233.82,233.82,224389
2022-04-13 16:15:00,233.9,233.9,233.9,233.9,100
2022-04-13 16:20:00,233.8999,233.8999,233.8999,233.8999,1800
2022-04-13 16:25:00,233.77,233.77,233.77,233.77,2026
2022-04-13 16:45:00,233.82,233.82,233.82,233.82,826
2022-04-13 18:00:00,233.9,233.9,233.9,233.9,100
2022-04-14 07:20:00,234.6,234.6,234.6,234.6,100
2022-04-14 08:00:00,234.8305,234.85,231.3,234.85,780
2022-04-14 08:05:00,234.49,234.49,234.49,234.49,100
2022-04-14 09:20:00,233.01,233.01,233.01,233.01,100
2022-04-14 09:25:00,232.63,232.67,232.63,232.67,450
2022-04-14 09:30:00,233.91,235.49,233.1089,234.88,128047
2022-04-14 09:35:00,234.92,235.32,233.63,233.78,34839
2022-04-14 09:40:00,233.82,234.44,233.35,234.24,17420
2022-04-14 09:45:00,234.205,234.71,234.03,234.055,23495
2022-04-14 09:50:00,234.05,234.92,233.85,234.8441,35273
2022-04-14 09:55:00,234.81,234.9999,234.43,234.585,18092
2022-04-14 10:00:00,234.64,235.56,234.53,235.2,36918
2022-04-14 10:05:00,235.24,235.61,233.7,234.065,32269
2022-04-14 10:10:00,234.04,234.66,233.85,234.62,12259
2022-04-14 10:15:00,234.56,235.64,234.52,235.255,26124
2022-04-14 10:20:00,235.17,235.72,235.09,235.56,29405
2022-04-14 10:25:00,235.56,235.8386,235.32,235.66,24521
2022-04-14 10:30:00,235.7261,236.58,235.64,236.4496,57103
2022-04-14 10:35:00,236.42,236.8,236.0545,236.27,42411
2022-04-14 10:40:00,236.24,236.62,236.03,236.38,48217
2022-04-14 10:45:00,236.36,236.99,236.31,236.7024,40077
2022-04-14 10:50:00,236.7,236.8,236.19,236.585,27618
2022-04-14 10:55:00,236.6,236.95,236.6,236.9,23604
2022-04-14 11:00:00,236.9,237.1,236.7,237.07,33948
2022-04-14 11:05:00,237.06,237.22,236.95,236.95,31350
2022-04-14 11:10:00,236.9774,237.38,236.89,237.04,33314
2022-04-14 11:15:00,237.0306,237.49,236.9,237.44,40578
2022-04-14 11:20:00,237.46,237.56,237.18,237.48,29745
2022-04-14 11:25:00,237.51,237.8,237.19,237.2992,45122
2022-04-14 11:30:00,237.28,237.42,236.69,236.775,36301
2022-04-14 11:35:00,236.77,236.77,236.2304,236.2444,32959
2022-04-14 11:40:00,236.25,236.275,235.9416,236.275,34158
2022-04-14 11:45:00,236.3866,236.5,236.29,236.36,18889
2022-04-14 11:50:00,236.335,236.56,236.3191,236.5,25530
2022-04-14 11:55:00,236.49,236.82,236.47,236.79,22522
2022-04-14 12:00:00,236.755,236.87,236.545,236.6,27291
2022-04-14 12:05:00,236.55,236.73,236.31,236.37,13310
2022-04-14 12:10:00,236.34,236.46,235.87,235.95,32762
2022-04-14 12:15:00,236.0,236.1513,235.92,236.02,16809
2022-04-14 12:20:00,235.98,236.16,235.94,236.16,11993
2022-04-14 12:25:00,236.2,236.3,235.965,236.05,19470
2022-04-14 12:30:00,236.03,236.27,236.0,236.17,12495
2022-04-14 12:35:00,236.17,236.34,236.1,236.16,10879
2022-04-14 12:40:00,236.13,236.18,236.09,236.15,10344
2022-04-14 12:45:00,236.08,236.19,236.08,236.16,10984
2022-04-14 12:50:00,236.17,236.2299,236.12,236.16,10540
2022-04-14 12:55:00,236.141,236.69,236.141,236.66,12576
2022-04-14 13:00:00,236.75,236.765,236.4396,236.55,15643
2022-04-14 13:05:00,236.58,236.74,236.53,236.64,16088
2022-04-14 13:10:00,236.665,237.08,236.665,236.87,29440
2022-04-14 13:15:00,236.88,236.93,236.4822,236.51,18138
2022-04-14 13:20:00,236.47,236.54,236.3475,236.39,13607
2022-04-14 13:25:00,236.44,236.56,236.38,236.52,10029
2022-04-14 13:30:00,236.58,236.73,236.53,236.71,10786
2022-04-14 13:35:00,236.75,237.03,236.72,236.75,11970
2022-04-14 13:40:00,236.75,236.92,236.71,236.84,15279
2022-04-14 13:45:00,236.8103,237.25,236.8103,237.15,37951
2022-04-14 13:50:00,237.195,237.21,236.95,236.96,16799
2022-04-14 13:55:00,236.97,237.4,236.96,237.4,30789
2022-04-14 14:00:00,237.39,237.79,237.39,237.74,34963
2022-04-14 14:05:00,237.72,237.9,237.66,237.79,74821
2022-04-14 14:10:00,237.78,238.19,237.68,237.96,57453
2022-04-14 14:15:00,237.98,238.08,237.53,237.54,18801
2022-04-14 14:20:00,237.52,237.52,237.22,237.3,19852
2022-04-14 14:25:00,237.3061,237.64,237.21,237.48,11989
2022-04-14 14:30:00,237.48,237.61,237.27,237.27,14872
2022-04-14 14:35:00,237.2278,237.42,237.18,237.31,21886
2022-04-14 14:40:00,237.3,237.61,237.3,237.56,12635
2022-04-14 14:45:00,237.58,237.6,237.48,237.49,11257
2022-04-14 14:50:00,237.485,237.545,237.27,237.35,30320
2022-04-14 14:55:00,237.33,237.5399,237.23,237.3,28345
2022-04-14 15:00:00,237.31,237.33,236.96,237.15,19149
2022-04-14 15:05:00,237.13,237.28,236.91,236.91,14246
2022-04-14 15:10:00,236.91,237.35,236.9,237.325,34835
2022-04-14 15:15:00,237.34,237.71,237.33,237.505,57619
2022-04-14 15:20:00,237.49,237.66,237.3,237.42,48708
2022-04-14 15:25:00,237.39,237.39,237.03,237.2,21076
2022-04-14 15:30:00,237.19,237.44,237.125,237.13,24391
2022-04-14 15:35:00,237.15,237.945,237.125,237.81,122357
2022-04-14 15:40:00,237.8,237.84,237.57,237.67,108028
2022-04-14 15:45:00,237.68,237.79,237.16,237.4901,59922
2022-04-14 15:50:00,237.52,237.56,237.15,237.37,61305
2022-04-14 15:55:00,237.43,237.47,237.09,237.26,173716
2022-04-14 16:00:00,237.2,237.2,237.2,237.2,305762
2022-04-14 16:05:00,237.2,237.2,237.2,237.2,100
2022-04-14 16:10:00,236.88,236.88,236.88,236.88,258
2022-04-14 16:20:00,237.2,237.2,236.5,236.5,1329
2022-04-14 16:45:00,237.2,237.2,237.2,237.2,4700
2022-04-14 17:00:00,237.0,237.0,237.0,237.0,114
