2022-04-01 04:55:00,38.58,38.58,38.58,38.58,132
2022-04-01 06:25:00,38.98,39.19,38.98,39.19,1807
2022-04-01 06:45:00,39.16,39.16,39.16,39.16,150
2022-04-01 07:00:00,39.0,39.0,39.0,39.0,1000
2022-04-01 07:05:00,39.01,39.01,39.01,39.01,150
2022-04-01 07:35:00,38.95,38.95,38.95,38.95,100
2022-04-01 07:45:00,38.93,38.93,38.93,38.93,300
2022-04-01 08:00:00,38.8,38.89,38.8,38.89,760
2022-04-01 08:25:00,38.91,38.91,38.91,38.91,399
2022-04-01 08:30:00,38.9,38.9,38.82,38.82,605
2022-04-01 08:35:00,38.93,38.93,38.93,38.93,700
2022-04-01 08:50:00,38.82,38.83,38.82,38.82,2608
2022-04-01 08:55:00,38.84,38.84,38.84,38.84,100
2022-04-01 09:00:00,38.83,38.83,38.81,38.81,275
2022-04-01 09:05:00,38.81,38.81,38.69,38.78,19392
2022-04-01 09:10:00,38.77,38.77,38.77,38.77,221
2022-04-01 09:15:00,38.83,38.83,38.83,38.83,100
2022-04-01 09:20:00,38.92,38.92,38.92,38.92,100
2022-04-01 09:25:00,38.9,39.38,38.9,39.38,3862
2022-04-01 09:30:00,39.16,39.54,39.0,39.47,432476
2022-04-01 09:35:00,39.42,39.5799,39.245,39.3,305986
2022-04-01 09:40:00,39.295,39.63,39.26,39.63,247823
2022-04-01 09:45:00,39.61,39.778,39.46,39.4783,235654
2022-04-01 09:50:00,39.475,39.48,39.3,39.33,221645
2022-04-01 09:55:00,39.33,39.5,39.31,39.495,241449
2022-04-01 10:00:00,39.495,39.5962,39.33,39.56,224480
2022-04-01 10:05:00,39.57,39.61,39.38,39.47,152553
2022-04-01 10:10:00,39.48,39.61,39.4201,39.6,158191
2022-04-01 10:15:00,39.605,39.63,39.36,39.36,169021
2022-04-01 10:20:00,39.37,39.4,39.31,39.3264,153469
2022-04-01 10:25:00,39.34,39.39,39.305,39.39,155011
2022-04-01 10:30:00,39.4,39.605,39.38,39.605,148053
2022-04-01 10:35:00,39.61,39.77,39.585,39.61,207728
2022-04-01 10:40:00,39.61,39.74,39.52,39.66,97235
2022-04-01 10:45:00,39.675,39.79,39.62,39.77,115302
2022-04-01 10:50:00,39.78,39.855,39.72,39.76,128368
2022-04-01 10:55:00,39.75,39.83,39.73,39.7685,102088
2022-04-01 11:00:00,39.76,39.8195,39.69,39.705,115642
2022-04-01 11:05:00,39.7,39.7,39.525,39.57,86435
2022-04-01 11:10:00,39.55,39.64,39.515,39.52,73359
2022-04-01 11:15:00,39.51,39.59,39.5,39.52,58939
2022-04-01 11:20:00,39.51,39.6,39.43,39.435,106546
2022-04-01 11:25:00,39.43,39.45,39.34,39.345,156265
2022-04-01 11:30:00,39.365,39.415,39.29,39.36,147709
2022-04-01 11:35:00,39.36,39.3886,39.31,39.33,105499
2022-04-01 11:40:00,39.33,39.37,39.29,39.32,87032
2022-04-01 11:45:00,39.33,39.42,39.33,39.405,57389
2022-04-01 11:50:00,39.405,39.455,39.37,39.39,66014
2022-04-01 11:55:00,39.38,39.38,39.22,39.23,146183
2022-04-01 12:00:00,39.22,39.2201,39.14,39.17,93951
2022-04-01 12:05:00,39.16,39.24,39.13,39.24,52701
2022-04-01 12:10:00,39.23,39.285,39.205,39.27,70609
2022-04-01 12:15:00,39.27,39.27,39.195,39.21,51066
2022-04-01 12:20:00,39.21,39.305,39.21,39.305,72346
2022-04-01 12:25:00,39.315,39.35,39.29,39.315,83604
2022-04-01 12:30:00,39.31,39.345,39.18,39.18,78913
2022-04-01 12:35:00,39.18,39.249,39.165,39.225,168890
2022-04-01 12:40:00,39.22,39.3299,39.21,39.315,67007
2022-04-01 12:45:00,39.32,39.365,39.25,39.365,66246
2022-04-01 12:50:00,39.3699,39.38,39.27,39.305,78719
2022-04-01 12:55:00,39.31,39.35,39.28,39.28,95669
2022-04-01 13:00:00,39.29,39.32,39.22,39.245,91632
2022-04-01 13:05:00,39.26,39.315,39.25,39.28,89244
2022-04-01 13:10:00,39.29,39.29,39.215,39.2355,77414
2022-04-01 13:15:00,39.23,39.24,39.16,39.179,107127
2022-04-01 13:20:00,39.18,39.21,39.13,39.15,79358
2022-04-01 13:25:00,39.15,39.21,39.13,39.2,102982
2022-04-01 13:30:00,39.19,39.21,39.145,39.2,57376
2022-04-01 13:35:00,39.205,39.355,39.18,39.335,89219
2022-04-01 13:40:00,39.33,39.405,39.32,39.35,104070
2022-04-01 13:45:00,39.34,39.345,39.29,39.31,36159
2022-04-01 13:50:00,39.31,39.35,39.2722,39.325,105458
2022-04-01 13:55:00,39.32,39.38,39.3,39.37,148293
2022-04-01 14:00:00,39.37,39.41,39.315,39.35,94815
2022-04-01 14:05:00,39.345,39.4,39.31,39.315,69821
2022-04-01 14:10:00,39.31,39.3199,39.25,39.27,63701
2022-04-01 14:15:00,39.28,39.43,39.275,39.4,95159
2022-04-01 14:20:00,39.395,39.3986,39.32,39.34,72049
2022-04-01 14:25:00,39.33,39.42,39.315,39.41,84903
2022-04-01 14:30:00,39.42,39.485,39.415,39.465,77929
2022-04-01 14:35:00,39.47,39.47,39.37,39.395,61040
2022-04-01 14:40:00,39.4,39.44,39.37,39.44,76011
2022-04-01 14:45:00,39.4304,39.4666,39.4,39.42,88114
2022-04-01 14:50:00,39.43,39.44,39.35,39.365,80805
2022-04-01 14:55:00,39.37,39.42,39.315,39.335,78535
2022-04-01 15:00:00,39.34,39.41,39.335,39.395,47964
2022-04-01 15:05:00,39.39,39.405,39.305,39.325,90521
2022-04-01 15:10:00,39.325,39.36,39.295,39.335,103677
2022-04-01 15:15:00,39.335,39.3575,39.25,39.255,96420
2022-04-01 15:20:00,39.25,39.31,39.21,39.28,146649
2022-04-01 15:25:00,39.29,39.31,39.22,39.23,126648
2022-04-01 15:30:00,39.24,39.27,39.22,39.235,139331
2022-04-01 15:35:00,39.24,39.25,39.15,39.175,203694
2022-04-01 15:40:00,39.17,39.22,39.14,39.17,208531
2022-04-01 15:45:00,39.17,39.215,39.16,39.215,191708
2022-04-01 15:50:00,39.22,39.355,39.22,39.28,339698
2022-04-01 15:55:00,39.28,39.34,39.255,39.31,494205
2022-04-01 16:00:00,39.32,39.45,39.26,39.4499,716420
2022-04-01 16:05:00,39.38,39.38,39.31,39.31,18341
2022-04-01 16:10:00,39.31,39.31,39.31,39.31,100
2022-04-01 16:15:00,39.2501,39.2501,39.2501,39.2501,300
2022-04-01 16:20:00,39.4052,39.4052,39.4052,39.4052,200
2022-04-01 16:35:00,39.33,39.33,39.33,39.33,100
2022-04-01 16:40:00,39.26,39.26,39.26,39.26,150
2022-04-01 16:45:00,39.3,39.3,39.3,39.3,403
2022-04-01 17:00:00,39.3,39.3,39.3,39.3,425
2022-04-01 17:05:00,39.27,39.27,39.27,39.27,123
2022-04-01 17:10:00,39.39,39.39,39.39,39.39,8014
2022-04-01 17:20:00,39.33,39.33,39.33,39.33,346
2022-04-01 17:30:00,39.41,39.41,39.39,39.39,1195
2022-04-01 17:55:00,39.39,39.39,39.39,39.39,200
2022-04-01 18:40:00,39.33,39.33,39.33,39.33,716
2022-04-01 18:45:00,39.27,39.28,39.27,39.28,886
2022-04-01 19:00:00,39.29,39.29,39.26,39.26,400
2022-04-01 19:05:00,39.31,39.31,39.31,39.31,1000
2022-04-01 19:45:00,39.31,39.44,39.26,39.44,5436
2022-04-01 19:55:00,39.26,39.26,39.26,39.26,100
2022-04-04 04:20:00,39.11,39.11,39.11,39.11,100
2022-04-04 04:45:00,39.3,39.3,39.3,39.3,209
2022-04-04 06:05:00,39.52,44.0,39.52,43.99,60100
2022-04-04 06:10:00,44.0,50.47,43.75,50.0,178083
2022-04-04 06:15:00,50.16,50.5,48.79,49.15,217124
2022-04-04 06:20:00,49.15,49.74,48.78,49.04,243583
2022-04-04 06:25:00,49.07,49.75,49.07,49.7,170115
2022-04-04 06:30:00,49.71,51.2,49.5,49.5,419343
2022-04-04 06:35:00,49.6,49.85,49.11,49.4,168020
2022-04-04 06:40:00,49.34,49.45,48.67,48.97,349987
2022-04-04 06:45:00,48.97,49.45,48.95,49.23,108934
2022-04-04 06:50:00,49.25,49.34,48.88,48.9,141683
2022-04-04 06:55:00,48.96,49.1,48.73,48.88,149016
2022-04-04 07:00:00,48.91,49.55,48.88,49.45,595134
2022-04-04 07:05:00,49.41,49.75,49.3,49.5,384584
2022-04-04 07:10:00,49.5,49.75,49.39,49.6,322863
2022-04-04 07:15:00,49.58,49.75,49.52,49.55,261532
2022-04-04 07:20:00,49.57,49.57,48.91,49.2,314380
2022-04-04 07:25:00,49.18,49.24,48.9,49.0,345353
2022-04-04 07:30:00,49.0,49.15,48.73,48.87,315160
2022-04-04 07:35:00,48.85,48.99,48.65,48.72,305033
2022-04-04 07:40:00,48.74,49.0,48.65,48.97,186045
2022-04-04 07:45:00,48.96,48.96,48.6,48.65,133163
2022-04-04 07:50:00,48.61,48.7,48.25,48.42,357043
2022-04-04 07:55:00,48.42,48.45,47.81,47.9,403313
2022-04-04 08:00:00,49.283,49.75,47.3,47.6,2051318
2022-04-04 08:05:00,47.64,47.65,47.05,47.21,679535
2022-04-04 08:10:00,47.2,47.3,46.76,46.87,797820
2022-04-04 08:15:00,46.88,47.31,46.83,46.96,728264
2022-04-04 08:20:00,46.9612,47.31,46.95,47.3,461457
2022-04-04 08:25:00,47.282,47.53,47.0,47.39,565064
2022-04-04 08:30:00,47.36,47.49,47.18,47.38,416724
2022-04-04 08:35:00,47.45,47.55,47.25,47.31,659574
2022-04-04 08:40:00,47.31,47.38,47.06,47.23,523252
2022-04-04 08:45:00,47.22,47.35,47.2,47.33,352365
2022-04-04 08:50:00,47.35,48.02,47.32,47.92,1156145
2022-04-04 08:55:00,47.9,48.12,47.66,47.8,561415
2022-04-04 09:00:00,47.7701,48.3,47.52,48.11,1251090
2022-04-04 09:05:00,48.11,48.13,47.57,47.8,647901
2022-04-04 09:10:00,47.8,47.92,47.71,47.84,328352
2022-04-04 09:15:00,47.84,48.5,47.84,48.35,1059555
2022-04-04 09:20:00,48.33,48.5,48.1,48.37,819732
2022-04-04 09:25:00,48.34,48.49,47.71,47.87,832488
2022-04-04 09:30:00,47.87,49.78,47.46,47.6399,13103431
2022-04-04 09:35:00,47.6169,48.9,47.4,47.675,7437980
2022-04-04 09:40:00,47.6651,49.0,47.66,48.3206,6366710
2022-04-04 09:45:00,48.365,48.63,47.07,47.755,5411123
2022-04-04 09:50:00,47.755,47.87,47.32,47.5,3586103
2022-04-04 09:55:00,47.51,47.99,47.14,47.275,3980217
2022-04-04 10:00:00,47.275,47.35,46.86,46.965,4016759
2022-04-04 10:05:00,46.952,47.48,46.9,47.125,3068541
2022-04-04 10:10:00,47.13,47.82,47.1,47.665,4402123
2022-04-04 10:15:00,47.67,47.96,47.601,47.85,3070771
2022-04-04 10:20:00,47.87,48.43,47.8,48.29,4070513
2022-04-04 10:25:00,48.28,48.85,48.28,48.78,3919922
2022-04-04 10:30:00,48.79,49.29,48.67,49.22,4687500
2022-04-04 10:35:00,49.215,49.295,48.9,49.1,3446489
2022-04-04 10:40:00,49.09,49.55,48.76,49.4982,4498434
2022-04-04 10:45:00,49.5099,49.55,49.16,49.198,2413357
2022-04-04 10:50:00,49.1991,49.295,48.9,49.2131,2664431
2022-04-04 10:55:00,49.22,49.37,48.94,49.08,2000906
2022-04-04 11:00:00,49.08,49.49,48.925,49.2946,3003696
2022-04-04 11:05:00,49.28,49.5,49.03,49.1398,2464910
2022-04-04 11:10:00,49.1301,49.43,49.0,49.42,2290219
2022-04-04 11:15:00,49.41,49.45,48.81,48.89,2940886
2022-04-04 11:20:00,48.87,49.06,48.76,48.935,2257825
2022-04-04 11:25:00,48.935,49.1,48.8,49.07,2018411
2022-04-04 11:30:00,49.075,49.35,49.02,49.1,2730243
2022-04-04 11:35:00,49.1,49.43,48.95,49.3956,1858508
2022-04-04 11:40:00,49.395,49.59,49.19,49.2276,2945585
2022-04-04 11:45:00,49.21,49.59,49.135,49.5541,2385571
2022-04-04 11:50:00,49.55,49.68,49.32,49.41,2762939
2022-04-04 11:55:00,49.4033,49.54,49.16,49.21,1673278
2022-04-04 12:00:00,49.21,49.6,49.15,49.51,1808378
2022-04-04 12:05:00,49.5,49.91,49.49,49.8463,4336473
2022-04-04 12:10:00,49.85,50.0,49.75,49.9374,3117943
2022-04-04 12:15:00,49.9499,50.0,49.75,49.985,2512435
2022-04-04 12:20:00,49.99,50.24,49.54,49.66,4410281
2022-04-04 12:25:00,49.65,49.86,49.65,49.76,1739083
2022-04-04 12:30:00,49.76,50.02,49.68,49.75,2424633
2022-04-04 12:35:00,49.75,50.15,49.7312,50.1107,3010312
2022-04-04 12:40:00,50.115,50.57,50.04,50.461,3652868
2022-04-04 12:45:00,50.46,50.52,50.31,50.485,1869578
2022-04-04 12:50:00,50.48,50.71,50.43,50.67,2703645
2022-04-04 12:55:00,50.68,50.79,50.57,50.6042,2214140
2022-04-04 13:00:00,50.6008,50.88,50.4,50.7351,3105293
2022-04-04 13:05:00,50.7461,50.97,50.56,50.94,2336365
2022-04-04 13:10:00,50.94,51.14,50.88,51.115,3198206
2022-04-04 13:15:00,51.11,51.33,50.96,51.195,3717842
2022-04-04 13:20:00,51.195,51.37,51.07,51.2022,2474320
2022-04-04 13:25:00,51.2072,51.234,50.76,50.9619,3081616
2022-04-04 13:30:00,50.9601,51.07,50.6621,50.9001,2613052
2022-04-04 13:35:00,50.9193,51.19,50.77,51.1398,2328234
2022-04-04 13:40:00,51.14,51.2,50.95,51.18,1697862
2022-04-04 13:45:00,51.1793,51.24,50.87,50.99,1949954
2022-04-04 13:50:00,51.0,51.12,50.82,50.99,1431121
2022-04-04 13:55:00,50.985,51.01,50.82,50.9307,1246849
2022-04-04 14:00:00,50.93,50.955,50.71,50.7822,1504752
2022-04-04 14:05:00,50.78,50.86,50.24,50.3802,3366270
2022-04-04 14:10:00,50.39,50.59,50.36,50.53,1916305
2022-04-04 14:15:00,50.54,50.69,50.45,50.59,2048683
2022-04-04 14:20:00,50.59,50.7,50.41,50.6813,1481850
2022-04-04 14:25:00,50.6801,50.95,50.6,50.8799,1967842
2022-04-04 14:30:00,50.8799,50.99,50.8022,50.9826,1524360
2022-04-04 14:35:00,50.9899,51.11,50.925,51.0299,1716706
2022-04-04 14:40:00,51.024,51.1,50.9101,51.079,1210815
2022-04-04 14:45:00,51.0721,51.075,50.78,50.845,1421615
2022-04-04 14:50:00,50.842,50.89,50.61,50.6501,1213433
2022-04-04 14:55:00,50.6572,50.67,50.35,50.405,1827009
2022-04-04 15:00:00,50.4014,50.55,50.26,50.4399,1865944
2022-04-04 15:05:00,50.4382,50.47,50.05,50.2181,2127071
2022-04-04 15:10:00,50.22,50.25,49.93,49.9959,2355573
2022-04-04 15:15:00,49.9901,50.3595,49.89,50.3232,3084444
2022-04-04 15:20:00,50.32,50.42,50.15,50.2101,1958833
2022-04-04 15:25:00,50.2199,50.355,50.0966,50.26,1587818
2022-04-04 15:30:00,50.2698,50.38,50.151,50.1666,1840287
2022-04-04 15:35:00,50.17,50.4599,50.15,50.3,2162199
2022-04-04 15:40:00,50.32,50.35,50.03,50.0583,2020487
2022-04-04 15:45:00,50.04,50.2,49.78,49.96,2863010
2022-04-04 15:50:00,49.9517,50.12,49.86,49.9607,2316047
2022-04-04 15:55:00,49.9601,50.03,49.85,49.98,3349897
2022-04-04 16:00:00,49.98,49.98,49.52,49.7,2731203
2022-04-04 16:05:00,49.7,49.75,49.59,49.7,186127
2022-04-04 16:10:00,49.7,49.9,49.7,49.82,124693
2022-04-04 16:15:00,49.83,49.88,49.78,49.86,49374
2022-04-04 16:20:00,49.83,49.97,49.8,49.9,98245
2022-04-04 16:25:00,49.92,49.94,49.83,49.86,35194
2022-04-04 16:30:00,49.84,49.97,49.84,49.93,77981
2022-04-04 16:35:00,49.93,50.28,49.91,50.2,231044
2022-04-04 16:40:00,50.2,50.25,50.11,50.11,109759
2022-04-04 16:45:00,50.13,50.15,49.96,50.0,82758
2022-04-04 16:50:00,50.01,50.1,49.98,50.1,68033
2022-04-04 16:55:00,50.1,50.46,50.03,50.39,207725
2022-04-04 17:00:00,50.4,50.44,50.29,50.32,67337
2022-04-04 17:05:00,50.34,50.62,50.32,50.41,213216
2022-04-04 17:10:00,50.43,50.49,50.35,50.47,75908
2022-04-04 17:15:00,50.46,50.46,50.3,50.43,58125
2022-04-04 17:20:00,50.41,50.43,50.34,50.35,46543
2022-04-04 17:25:00,50.33,50.37,50.17,50.37,58084
2022-04-04 17:30:00,50.38,50.39,50.24,50.24,57972
2022-04-04 17:35:00,50.24,50.35,50.24,50.3,38803
2022-04-04 17:40:00,50.3,50.3,50.17,50.22,37706
2022-04-04 17:45:00,50.2,50.42,50.18,50.41,51668
2022-04-04 17:50:00,50.4,50.45,50.31,50.41,35121
2022-04-04 17:55:00,50.41,50.42,50.3,50.33,36409
2022-04-04 18:00:00,50.38,50.42,50.33,50.35,19310
2022-04-04 18:05:00,50.39,50.39,50.33,50.35,17587
2022-04-04 18:10:00,50.35,50.49,50.33,50.47,46246
2022-04-04 18:15:00,50.46,50.48,50.39,50.41,32885
2022-04-04 18:20:00,50.4,50.44,50.35,50.41,44574
2022-04-04 18:25:00,50.42,50.45,50.4,50.43,15679
2022-04-04 18:30:00,50.4399,50.48,50.43,50.48,18717
2022-04-04 18:35:00,50.47,50.55,50.47,50.54,61590
2022-04-04 18:40:00,50.51,50.54,50.48,50.48,19870
2022-04-04 18:45:00,50.49,50.51,50.47,50.48,16427
2022-04-04 18:50:00,50.49,50.53,50.41,50.52,26548
2022-04-04 18:55:00,50.51,50.58,50.5,50.5,37097
2022-04-04 19:00:00,50.5,50.57,50.47,50.57,14504
2022-04-04 19:05:00,50.54,50.57,50.49,50.56,13748
2022-04-04 19:10:00,50.56,50.57,50.51,50.54,12737
2022-04-04 19:15:00,50.52,50.54,50.5,50.5,28753
2022-04-04 19:20:00,50.5,50.55,50.5,50.55,25048
2022-04-04 19:25:00,50.54,50.54,50.5,50.5,20475
2022-04-04 19:30:00,50.52,50.54,50.4999,50.54,22396
2022-04-04 19:35:00,50.55,50.55,50.5,50.51,26444
2022-04-04 19:40:00,50.51,50.55,50.5,50.55,22683
2022-04-04 19:45:00,50.54,50.55,50.4,50.43,48477
2022-04-04 19:50:00,50.4,50.49,50.31,50.49,46979
2022-04-04 19:55:00,50.51,50.5399,50.36,50.52,102874
2022-04-05 04:00:00,51.0,52.22,50.52,51.5,128626
2022-04-05 04:05:00,51.5,51.7,51.3,51.6,40172
2022-04-05 04:10:00,51.6,51.7,51.31,51.5,19541
2022-04-05 04:15:00,51.53,51.57,51.33,51.5,8113
2022-04-05 04:20:00,51.48,51.71,51.46,51.6,14052
2022-04-05 04:25:00,51.69,51.72,51.46,51.5,18104
2022-04-05 04:30:00,51.5,51.62,51.5,51.6,10376
2022-04-05 04:35:00,51.62,51.75,51.6,51.7,10083
2022-04-05 04:40:00,51.65,51.65,51.51,51.54,11432
2022-04-05 04:45:00,51.58,51.58,51.21,51.28,31494
2022-04-05 04:50:00,51.43,51.48,51.38,51.42,6338
2022-04-05 04:55:00,51.45,51.45,51.2,51.2,17186
2022-04-05 05:00:00,51.2,51.4,51.2,51.4,6779
2022-04-05 05:05:00,51.4,51.48,51.28,51.28,2856
2022-04-05 05:10:00,51.28,51.43,51.26,51.4,17714
2022-04-05 05:15:00,51.4,51.46,51.39,51.43,10950
2022-04-05 05:20:00,51.46,51.57,51.46,51.53,13951
2022-04-05 05:25:00,51.51,51.56,51.43,51.43,14164
2022-04-05 05:30:00,51.43,51.48,50.71,50.82,57400
2022-04-05 05:35:00,50.9,50.91,50.73,50.75,11254
2022-04-05 05:40:00,50.74,50.8,50.58,50.74,8282
2022-04-05 05:45:00,50.79,50.8,50.66,50.66,6547
2022-04-05 05:50:00,50.67,50.85,50.6,50.85,5230
2022-04-05 05:55:00,50.85,50.9,50.7,50.78,5088
2022-04-05 06:00:00,50.78,50.9,50.73,50.84,5322
2022-04-05 06:05:00,50.89,50.89,50.72,50.72,6595
2022-04-05 06:10:00,50.72,50.72,50.55,50.6,8879
2022-04-05 06:15:00,50.61,50.76,50.61,50.7,11444
2022-04-05 06:20:00,50.7,50.7,50.5,50.55,13513
2022-04-05 06:25:00,50.55,50.6,50.55,50.6,3393
2022-04-05 06:30:00,50.58,50.59,50.48,50.56,7976
2022-04-05 06:35:00,50.52,50.58,50.41,50.48,4289
2022-04-05 06:40:00,50.45,50.47,50.4,50.45,18336
2022-04-05 06:45:00,50.45,50.52,50.31,50.4,12142
2022-04-05 06:50:00,50.4,50.49,50.36,50.36,9498
2022-04-05 06:55:00,50.36,50.45,50.36,50.45,4762
2022-04-05 07:00:00,50.48,50.88,50.38,50.6,88722
2022-04-05 07:05:00,50.6,51.0,50.6,50.64,39292
2022-04-05 07:10:00,50.65,50.7,50.52,50.58,26220
2022-04-05 07:15:00,50.6,50.65,50.56,50.62,11857
2022-04-05 07:20:00,50.6,50.75,50.6,50.65,5740
2022-04-05 07:25:00,50.65,50.65,50.4,50.59,40332
2022-04-05 07:30:00,50.57,50.66,50.54,50.59,34059
2022-04-05 07:35:00,50.59,50.7,50.55,50.56,30335
2022-04-05 07:40:00,50.57,50.62,50.36,50.6,37802
2022-04-05 07:45:00,50.56,50.62,50.43,50.46,21432
2022-04-05 07:50:00,50.47,50.48,50.04,50.34,46664
2022-04-05 07:55:00,50.34,50.41,50.21,50.37,25147
2022-04-05 08:00:00,50.82,50.97,50.21,50.7,579726
2022-04-05 08:05:00,50.77,50.88,50.6,50.74,97764
2022-04-05 08:10:00,50.74,51.9,50.7,51.19,250734
2022-04-05 08:15:00,51.19,51.33,51.07,51.07,195668
2022-04-05 08:20:00,51.07,51.44,51.07,51.25,210685
2022-04-05 08:25:00,51.25,54.0,51.2,52.32,1695557
2022-04-05 08:30:00,52.4,52.95,52.1,52.68,1224837
2022-04-05 08:35:00,52.68,52.85,52.2601,52.58,724558
2022-04-05 08:40:00,52.58,53.4,52.5,53.2,1064058
2022-04-05 08:45:00,53.19,53.45,52.92,53.16,1120306
2022-04-05 08:50:00,53.16,53.4,53.11,53.35,787514
2022-04-05 08:55:00,53.33,53.49,53.02,53.35,873619
2022-04-05 09:00:00,53.35,53.79,53.26,53.65,1257962
2022-04-05 09:05:00,53.65,54.15,53.58,54.15,1466874
2022-04-05 09:10:00,54.15,54.89,54.11,54.71,1775269
2022-04-05 09:15:00,54.71,54.94,54.36,54.4,1903972
2022-04-05 09:20:00,54.38,54.81,54.19,54.34,1458538
2022-04-05 09:25:00,54.32,54.51,53.82,53.82,1021292
2022-04-05 09:30:00,53.85,54.57,53.12,53.53,12976528
2022-04-05 09:35:00,53.5201,54.21,53.0601,53.335,6855723
2022-04-05 09:40:00,53.34,53.4574,52.66,53.1848,6347927
2022-04-05 09:45:00,53.19,53.41,52.88,53.113,4210728
2022-04-05 09:50:00,53.115,53.21,52.27,52.325,5196218
2022-04-05 09:55:00,52.3264,52.98,52.24,52.82,4110585
2022-04-05 10:00:00,52.84,53.26,52.62,52.92,4552471
2022-04-05 10:05:00,52.925,53.0,51.63,51.6599,5068467
2022-04-05 10:10:00,51.6599,52.05,51.65,51.92,3259672
2022-04-05 10:15:00,51.91,52.17,51.5,52.04,3387972
2022-04-05 10:20:00,52.04,52.55,51.86,52.4372,3110922
2022-04-05 10:25:00,52.42,52.62,52.16,52.45,2750038
2022-04-05 10:30:00,52.4399,52.6,51.93,51.94,2331926
2022-04-05 10:35:00,51.94,51.995,51.26,51.38,3065703
2022-04-05 10:40:00,51.37,51.68,51.28,51.6401,2552631
2022-04-05 10:45:00,51.6434,52.04,51.58,51.94,2662323
2022-04-05 10:50:00,51.94,52.48,51.8,52.3242,3103497
2022-04-05 10:55:00,52.325,52.33,51.9157,52.3,2283561
2022-04-05 11:00:00,52.3,52.48,52.16,52.25,2188397
2022-04-05 11:05:00,52.25,52.49,52.2,52.3617,2041284
2022-04-05 11:10:00,52.365,52.57,52.05,52.3598,2030035
2022-04-05 11:15:00,52.36,52.55,52.29,52.4199,1848962
2022-04-05 11:20:00,52.41,52.89,52.32,52.827,2648882
2022-04-05 11:25:00,52.8215,53.17,52.8,52.915,3029453
2022-04-05 11:30:00,52.91,53.18,52.83,53.1661,2291070
2022-04-05 11:35:00,53.16,53.17,52.45,52.46,2718144
2022-04-05 11:40:00,52.46,52.46,52.2,52.25,2053629
2022-04-05 11:45:00,52.24,52.43,52.03,52.16,1674123
2022-04-05 11:50:00,52.16,52.25,51.85,51.9,1590809
2022-04-05 11:55:00,51.8999,52.05,51.75,51.9154,1729485
2022-04-05 12:00:00,51.9016,52.15,51.86,52.07,1708047
2022-04-05 12:05:00,52.051,52.14,51.78,51.7985,1359546
2022-04-05 12:10:00,51.7924,51.89,51.5,51.555,2263079
2022-04-05 12:15:00,51.5518,51.6,51.28,51.31,1958205
2022-04-05 12:20:00,51.31,51.685,51.3,51.665,1737604
2022-04-05 12:25:00,51.66,51.765,51.33,51.4116,1632820
2022-04-05 12:30:00,51.4199,51.429,50.8201,50.86,3029615
2022-04-05 12:35:00,50.8832,51.09,50.8,51.005,1933324
2022-04-05 12:40:00,51.0,51.24,50.95,51.1,2337378
2022-04-05 12:45:00,51.105,51.39,51.06,51.385,1648639
2022-04-05 12:50:00,51.38,51.49,51.17,51.2198,1786481
2022-04-05 12:55:00,51.21,51.39,51.07,51.29,1512814
2022-04-05 13:00:00,51.3,51.65,51.2,51.5401,1584020
2022-04-05 13:05:00,51.5401,51.7,51.42,51.6,1396551
2022-04-05 13:10:00,51.59,51.65,51.42,51.53,1169193
2022-04-05 13:15:00,51.52,52.15,51.42,52.01,2194381
2022-04-05 13:20:00,52.015,52.15,51.78,51.84,1906215
2022-04-05 13:25:00,51.845,51.87,51.68,51.71,1292192
2022-04-05 13:30:00,51.7135,51.83,51.6,51.625,1358922
2022-04-05 13:35:00,51.6208,51.64,51.37,51.4599,1422722
2022-04-05 13:40:00,51.455,51.53,51.25,51.265,1175316
2022-04-05 13:45:00,51.265,51.31,50.96,51.1501,1644145
2022-04-05 13:50:00,51.15,51.3701,51.09,51.2685,1289026
2022-04-05 13:55:00,51.26,51.4,51.25,51.32,1119600
2022-04-05 14:00:00,51.3299,51.35,51.02,51.2188,1490327
2022-04-05 14:05:00,51.2101,51.44,51.205,51.34,1102318
2022-04-05 14:10:00,51.328,51.5,51.28,51.4361,1131619
2022-04-05 14:15:00,51.435,51.55,51.26,51.5406,1065118
2022-04-05 14:20:00,51.55,51.68,51.36,51.4487,1505549
2022-04-05 14:25:00,51.441,51.55,51.36,51.4883,1013082
2022-04-05 14:30:00,51.48,51.4987,51.25,51.3101,836589
2022-04-05 14:35:00,51.3121,51.43,51.25,51.2786,715482
2022-04-05 14:40:00,51.2781,51.67,51.18,51.6486,1531799
2022-04-05 14:45:00,51.64,51.89,51.571,51.6028,2171670
2022-04-05 14:50:00,51.615,51.77,51.5701,51.7457,1022271
2022-04-05 14:55:00,51.75,51.76,51.44,51.52,1244334
2022-04-05 15:00:00,51.51,51.62,51.25,51.3601,1298669
2022-04-05 15:05:00,51.37,51.41,51.22,51.235,1175857
2022-04-05 15:10:00,51.2355,51.26,50.95,51.1,1671004
2022-04-05 15:15:00,51.09,51.16,51.0,51.01,1096369
2022-04-05 15:20:00,51.01,51.29,50.95,51.235,1301039
2022-04-05 15:25:00,51.235,51.235,50.96,50.97,994323
2022-04-05 15:30:00,50.99,51.05,50.82,50.9,2012650
2022-04-05 15:35:00,50.9,50.915,50.56,50.725,2147481
2022-04-05 15:40:00,50.725,50.83,50.57,50.6619,1455883
2022-04-05 15:45:00,50.67,50.77,50.61,50.76,1278654
2022-04-05 15:50:00,50.75,51.1299,50.74,50.921,2515024
2022-04-05 15:55:00,50.92,51.039,50.77,50.99,2357660
2022-04-05 16:00:00,50.985,51.18,50.84,51.07,1417174
2022-04-05 16:05:00,51.0999,51.1,50.92,50.93,76516
2022-04-05 16:10:00,50.93,50.95,50.88,50.88,38744
2022-04-05 16:15:00,50.86,50.95,50.86,50.94,31777
2022-04-05 16:20:00,50.9,51.24,50.9,51.14,105669
2022-04-05 16:25:00,51.11,51.15,51.08,51.08,32134
2022-04-05 16:30:00,51.04,51.14,51.0101,51.11,27315
2022-04-05 16:35:00,51.14,51.14,51.0,51.05,20405
2022-04-05 16:40:00,51.05,51.1199,51.0,51.07,19868
2022-04-05 16:45:00,51.03,51.1,51.0,51.01,11872
2022-04-05 16:50:00,51.06,51.1,51.01,51.01,23117
2022-04-05 16:55:00,51.07,51.09,51.01,51.05,4589
2022-04-05 17:00:00,51.02,51.06,51.0,51.05,16967
2022-04-05 17:05:00,51.05,51.06,51.01,51.06,7523
2022-04-05 17:10:00,51.02,51.02,50.91,50.96,13834
2022-04-05 17:15:00,50.97,51.15,50.9,50.91,57460
2022-04-05 17:20:00,51.09,51.09,50.85,51.04,49169
2022-04-05 17:25:00,50.95,51.49,50.94,51.45,118169
2022-04-05 17:30:00,51.47,51.75,51.28,51.35,149520
2022-04-05 17:35:00,51.35,51.5,51.3,51.43,44432
2022-04-05 17:40:00,51.36,51.59,51.33,51.54,89534
2022-04-05 17:45:00,51.54,51.59,51.4999,51.57,50643
2022-04-05 17:50:00,51.55,51.85,51.51,51.83,111009
2022-04-05 17:55:00,51.82,51.84,51.56,51.61,70651
2022-04-05 18:00:00,51.65,51.74,51.54,51.64,54848
2022-04-05 18:05:00,51.6,51.63,51.51,51.6,29766
2022-04-05 18:10:00,51.53,51.58,51.34,51.38,40052
2022-04-05 18:15:00,51.37,51.41,51.31,51.36,18987
2022-04-05 18:20:00,51.35,51.53,51.33,51.34,28746
2022-04-05 18:25:00,51.4,51.44,51.36,51.38,6494
2022-04-05 18:30:00,51.45,51.49,51.38,51.47,18369
2022-04-05 18:35:00,51.47,51.5,51.4,51.5,8412
2022-04-05 18:40:00,51.5,51.53,51.4,51.44,9989
2022-04-05 18:45:00,51.4,51.47,51.4,51.46,8043
2022-04-05 18:50:00,51.46,51.55,51.41,51.5,18645
2022-04-05 18:55:00,51.53,51.53,51.3,51.45,21804
2022-04-05 19:00:00,51.45,51.45,51.32,51.32,19132
2022-04-05 19:05:00,51.32,51.39,51.23,51.23,16944
2022-04-05 19:10:00,51.27,51.32,51.08,51.22,26763
2022-04-05 19:15:00,51.21,51.45,51.21,51.36,14982
2022-04-05 19:20:00,51.36,51.43,51.36,51.4,8339
2022-04-05 19:25:00,51.43,51.43,51.3799,51.38,11125
2022-04-05 19:30:00,51.36,51.36,51.28,51.34,9532
2022-04-05 19:35:00,51.33,51.34,51.28,51.31,11846
2022-04-05 19:40:00,51.32,51.34,51.15,51.15,19770
2022-04-05 19:45:00,51.17,51.22,51.11,51.13,17132
2022-04-05 19:50:00,51.13,51.15,51.09,51.12,33720
2022-04-05 19:55:00,51.12,51.2,51.09,51.15,62308
2022-04-06 04:00:00,51.15,51.59,50.8,51.22,11535
2022-04-06 04:05:00,51.22,51.32,50.93,50.93,6628
2022-04-06 04:10:00,50.92,50.93,50.5,50.5,12611
2022-04-06 04:15:00,50.5,50.55,49.8,50.02,28412
2022-04-06 04:20:00,50.05,50.05,49.66,49.71,34934
2022-04-06 04:25:00,49.7,49.85,49.69,49.85,16761
2022-04-06 04:30:00,49.88,50.15,49.88,49.96,13407
2022-04-06 04:35:00,49.94,50.14,49.92,50.0,2885
2022-04-06 04:40:00,50.0,50.09,49.95,50.09,4612
2022-04-06 04:45:00,50.1,50.21,49.98,50.18,11278
2022-04-06 04:50:00,50.16,50.21,50.16,50.18,3103
2022-04-06 04:55:00,50.23,50.23,50.11,50.21,2244
2022-04-06 05:00:00,50.21,50.33,50.21,50.25,6281
2022-04-06 05:05:00,50.25,50.3,50.25,50.28,5907
2022-04-06 05:10:00,50.28,50.3,50.2,50.2,2409
2022-04-06 05:15:00,50.11,50.24,50.01,50.19,4976
2022-04-06 05:20:00,50.25,50.33,50.2,50.33,5943
2022-04-06 05:25:00,50.33,50.39,50.3,50.39,5097
2022-04-06 05:30:00,50.4,50.55,50.26,50.27,9701
2022-04-06 05:35:00,50.27,50.43,50.27,50.37,2661
2022-04-06 05:40:00,50.41,50.41,50.2,50.27,4418
2022-04-06 05:45:00,50.34,50.34,50.15,50.24,11536
2022-04-06 05:50:00,50.24,50.25,50.11,50.22,4086
2022-04-06 05:55:00,50.22,50.34,50.22,50.3,6308
2022-04-06 06:00:00,50.32,50.44,50.32,50.37,1654
2022-04-06 06:05:00,50.42,50.47,50.4,50.47,1939
2022-04-06 06:10:00,50.39,50.4,50.35,50.37,1640
2022-04-06 06:15:00,50.3,50.3,50.28,50.29,1165
2022-04-06 06:20:00,50.35,50.35,50.15,50.19,3115
2022-04-06 06:25:00,50.29,50.32,50.16,50.17,8899
2022-04-06 06:30:00,50.17,50.29,50.17,50.29,645
2022-04-06 06:35:00,50.24,50.3,50.24,50.27,2938
2022-04-06 06:40:00,50.2,50.22,50.13,50.13,2918
2022-04-06 06:45:00,50.13,50.3,50.11,50.3,3526
2022-04-06 06:50:00,50.35,50.35,50.25,50.25,4331
2022-04-06 06:55:00,50.25,50.36,50.25,50.36,3892
2022-04-06 07:00:00,50.38,51.1,50.3,50.7,77902
2022-04-06 07:05:00,50.73,50.75,50.29,50.49,26147
2022-04-06 07:10:00,50.44,50.48,50.26,50.31,20078
2022-04-06 07:15:00,50.31,50.47,50.24,50.46,16190
2022-04-06 07:20:00,50.45,50.45,50.15,50.2,16136
2022-04-06 07:25:00,50.25,50.28,50.05,50.14,44018
2022-04-06 07:30:00,50.14,50.14,50.0,50.02,30808
2022-04-06 07:35:00,50.02,50.05,49.91,50.02,68635
2022-04-06 07:40:00,50.04,50.06,49.98,50.0,16464
2022-04-06 07:45:00,49.98,50.05,49.81,49.87,36252
2022-04-06 07:50:00,49.88,49.93,49.72,49.73,29410
2022-04-06 07:55:00,49.72,49.79,49.65,49.67,67363
2022-04-06 08:00:00,50.7101,50.9,49.53,49.55,563691
2022-04-06 08:05:00,49.58,49.69,49.5199,49.6,74650
2022-04-06 08:10:00,49.6,49.68,49.56,49.65,63322
2022-04-06 08:15:00,49.65,49.86,49.63,49.7,83348
2022-04-06 08:20:00,49.68,49.81,49.66,49.77,37169
2022-04-06 08:25:00,49.78,49.86,49.65,49.84,55120
2022-04-06 08:30:00,49.84,49.86,49.56,49.57,99966
2022-04-06 08:35:00,49.56,49.68,49.56,49.62,45554
2022-04-06 08:40:00,49.61,49.61,49.36,49.4399,148405
2022-04-06 08:45:00,49.44,49.5,49.38,49.45,99363
2022-04-06 08:50:00,49.46,49.68,49.45,49.63,78954
2022-04-06 08:55:00,49.5902,49.83,49.5902,49.8,81732
2022-04-06 09:00:00,49.8,50.1,49.71,49.85,215056
2022-04-06 09:05:00,49.84,49.94,49.75,49.77,84199
2022-04-06 09:10:00,49.82,49.88,49.75,49.82,61244
2022-04-06 09:15:00,49.82,50.13,49.76,49.94,147880
2022-04-06 09:20:00,49.94,50.34,49.93,50.27,131092
2022-04-06 09:25:00,50.23,50.29,49.8,50.06,217774
2022-04-06 09:30:00,50.035,50.44,49.34,49.5542,4325091
2022-04-06 09:35:00,49.58,50.1299,49.43,50.0463,2833188
2022-04-06 09:40:00,50.059,50.23,49.42,49.4785,2444251
2022-04-06 09:45:00,49.4701,49.69,49.3,49.6,2556930
2022-04-06 09:50:00,49.605,50.29,49.34,50.065,2730567
2022-04-06 09:55:00,50.06,50.56,50.02,50.105,2371022
2022-04-06 10:00:00,50.1199,50.17,49.66,49.7988,2235285
2022-04-06 10:05:00,49.795,50.28,49.62,50.195,2070407
2022-04-06 10:10:00,50.19,50.5,50.03,50.3902,1952607
2022-04-06 10:15:00,50.4,50.74,50.36,50.635,2570981
2022-04-06 10:20:00,50.6399,50.89,50.58,50.6387,1878626
2022-04-06 10:25:00,50.645,50.85,50.38,50.7001,2006409
2022-04-06 10:30:00,50.7,51.4,50.62,51.26,3036260
2022-04-06 10:35:00,51.28,51.74,51.192,51.52,2362525
2022-04-06 10:40:00,51.51,51.8712,51.28,51.85,2953147
2022-04-06 10:45:00,51.85,52.09,51.73,51.93,3536747
2022-04-06 10:50:00,51.9399,52.58,51.91,52.4315,3964418
2022-04-06 10:55:00,52.435,52.87,52.12,52.12,5487753
2022-04-06 11:00:00,52.135,52.39,52.02,52.0773,3239960
2022-04-06 11:05:00,52.075,52.38,52.01,52.19,2627526
2022-04-06 11:10:00,52.1999,52.64,52.175,52.37,3019869
2022-04-06 11:15:00,52.38,52.74,52.3,52.365,3385281
2022-04-06 11:20:00,52.36,52.55,52.18,52.285,2630632
2022-04-06 11:25:00,52.28,52.3,51.73,51.8198,3588529
2022-04-06 11:30:00,51.8116,51.93,51.59,51.72,2682732
2022-04-06 11:35:00,51.71,51.8,51.57,51.72,1914682
2022-04-06 11:40:00,51.72,51.98,51.57,51.8,2187848
2022-04-06 11:45:00,51.8,51.8699,51.36,51.5098,2268479
2022-04-06 11:50:00,51.4903,51.6,51.22,51.57,2115019
2022-04-06 11:55:00,51.56,51.64,51.31,51.575,1505285
2022-04-06 12:00:00,51.57,51.676,51.38,51.41,1250884
2022-04-06 12:05:00,51.402,51.6998,51.402,51.44,1136602
2022-04-06 12:10:00,51.4545,51.55,51.3041,51.465,1009589
2022-04-06 12:15:00,51.4693,51.6,51.37,51.48,981059
2022-04-06 12:20:00,51.485,51.52,50.96,51.01,1774617
2022-04-06 12:25:00,51.01,51.03,50.845,50.985,1371665
2022-04-06 12:30:00,50.98,51.15,50.8,50.87,1406087
2022-04-06 12:35:00,50.858,50.94,50.76,50.8508,936488
2022-04-06 12:40:00,50.85,50.985,50.7182,50.73,899975
2022-04-06 12:45:00,50.7229,50.83,50.46,50.58,1377125
2022-04-06 12:50:00,50.59,50.84,50.51,50.7998,1099465
2022-04-06 12:55:00,50.7921,50.88,50.6736,50.7866,992097
2022-04-06 13:00:00,50.775,50.855,50.69,50.7601,613391
2022-04-06 13:05:00,50.77,51.0,50.76,50.7724,1116522
2022-04-06 13:10:00,50.79,50.97,50.77,50.84,835475
2022-04-06 13:15:00,50.8413,51.19,50.81,51.145,1475987
2022-04-06 13:20:00,51.1395,51.32,51.12,51.21,1429036
2022-04-06 13:25:00,51.2199,51.2199,50.95,51.05,1007282
2022-04-06 13:30:00,51.055,51.08,50.82,50.9642,977087
2022-04-06 13:35:00,50.9601,50.97,50.7,50.885,1004697
2022-04-06 13:40:00,50.8804,51.18,50.8039,51.14,1172592
2022-04-06 13:45:00,51.135,51.43,51.1123,51.405,1467073
2022-04-06 13:50:00,51.4001,51.4001,51.15,51.23,1247782
2022-04-06 13:55:00,51.23,51.32,51.03,51.1201,1360044
2022-04-06 14:00:00,51.12,51.72,51.01,51.58,2164188
2022-04-06 14:05:00,51.5899,51.5899,50.72,50.76,1848245
2022-04-06 14:10:00,50.76,50.8603,50.33,50.6,1540271
2022-04-06 14:15:00,50.59,50.6,50.32,50.4091,1648144
2022-04-06 14:20:00,50.4001,50.61,50.37,50.56,1286480
2022-04-06 14:25:00,50.555,50.83,50.49,50.61,1667888
2022-04-06 14:30:00,50.61,51.27,50.6,51.138,1868678
2022-04-06 14:35:00,51.13,51.23,50.78,50.8201,1872123
2022-04-06 14:40:00,50.82,51.13,50.74,50.95,1459502
2022-04-06 14:45:00,50.95,51.11,50.73,50.815,1055614
2022-04-06 14:50:00,50.81,51.01,50.78,50.93,930600
2022-04-06 14:55:00,50.9288,51.58,50.9001,51.2532,1526094
2022-04-06 15:00:00,51.25,51.5,51.22,51.305,1822647
2022-04-06 15:05:00,51.2989,51.2999,50.66,50.8625,2006364
2022-04-06 15:10:00,50.86,50.97,50.67,50.815,1108596
2022-04-06 15:15:00,50.84,51.0,50.58,50.59,1114238
2022-04-06 15:20:00,50.58,50.67,50.5099,50.6,957567
2022-04-06 15:25:00,50.61,50.67,50.33,50.44,1283922
2022-04-06 15:30:00,50.43,50.67,50.36,50.4,1185992
2022-04-06 15:35:00,50.3999,50.76,50.3503,50.65,1380026
2022-04-06 15:40:00,50.6582,50.72,50.43,50.6316,1138076
2022-04-06 15:45:00,50.63,50.87,50.6,50.755,1378970
2022-04-06 15:50:00,50.77,50.86,50.64,50.69,1560640
2022-04-06 15:55:00,50.695,50.9,50.685,50.77,1756276
2022-04-06 16:00:00,50.81,50.81,50.63,50.7,866804
2022-04-06 16:05:00,50.76,50.77,50.706,50.77,26979
2022-04-06 16:10:00,50.78,50.78,50.71,50.74,27405
2022-04-06 16:15:00,50.73,50.78,50.7,50.78,18192
2022-04-06 16:20:00,50.73,50.78,50.7,50.78,26656
2022-04-06 16:25:00,50.78,50.78,50.7,50.71,20224
2022-04-06 16:30:00,50.7,50.82,50.7,50.81,26051
2022-04-06 16:35:00,50.78,50.81,50.73,50.75,9886
2022-04-06 16:40:00,50.77,50.82,50.76,50.77,10796
2022-04-06 16:45:00,50.78,50.83,50.74,50.74,12839
2022-04-06 16:50:00,50.75,50.97,50.72,50.86,61816
2022-04-06 16:55:00,50.85,50.97,50.84,50.96,40724
2022-04-06 17:00:00,50.95,50.96,50.8531,50.93,9409
2022-04-06 17:05:00,50.91,50.94,50.88,50.9299,9645
2022-04-06 17:10:00,50.92,50.93,50.85,50.9,5392
2022-04-06 17:15:00,50.8532,50.906,50.83,50.83,8536
2022-04-06 17:20:00,50.8301,50.91,50.8301,50.85,20809
2022-04-06 17:25:00,50.85,50.88,50.83,50.83,5365
2022-04-06 17:30:00,50.85,50.89,50.83,50.89,11230
2022-04-06 17:35:00,50.89,50.9,50.85,50.85,6748
2022-04-06 17:40:00,50.85,50.89,50.83,50.83,4931
2022-04-06 17:45:00,50.85,50.88,50.84,50.84,2277
2022-04-06 17:50:00,50.84,50.94,50.84,50.9399,13511
2022-04-06 17:55:00,50.88,50.93,50.86,50.88,2713
2022-04-06 18:00:00,50.88,50.9,50.85,50.8599,6682
2022-04-06 18:05:00,50.85,50.87,50.8401,50.87,5848
2022-04-06 18:10:00,50.87,50.87,50.85,50.85,4169
2022-04-06 18:20:00,50.86,50.9,50.85,50.9,4877
2022-04-06 18:25:00,50.85,50.87,50.83,50.83,13863
2022-04-06 18:30:00,50.83,50.85,50.83,50.85,2754
2022-04-06 18:35:00,50.89,50.95,50.89,50.95,11292
2022-04-06 18:40:00,50.94,50.94,50.86,50.86,4758
2022-04-06 18:45:00,50.92,50.95,50.86,50.95,3496
2022-04-06 18:50:00,50.95,50.95,50.92,50.94,1290
2022-04-06 18:55:00,50.96,50.96,50.9,50.93,2209
2022-04-06 19:00:00,50.9,50.9,50.87,50.87,2993
2022-04-06 19:05:00,50.87,50.89,50.86,50.89,2500
2022-04-06 19:10:00,50.86,50.9,50.86,50.88,1850
2022-04-06 19:15:00,50.94,50.95,50.9,50.9,889
2022-04-06 19:20:00,50.91,50.92,50.88,50.88,5129
2022-04-06 19:25:00,50.88,50.92,50.88,50.9,4388
2022-04-06 19:30:00,50.9,50.9,50.88,50.88,2867
2022-04-06 19:35:00,50.89,50.89,50.88,50.88,4165
2022-04-06 19:40:00,50.88,50.89,50.86,50.88,12417
2022-04-06 19:45:00,50.88,50.88,50.83,50.83,13499
2022-04-06 19:50:00,50.83,50.83,50.75,50.75,9858
2022-04-06 19:55:00,50.75,50.76,50.64,50.65,44401
2022-04-07 04:00:00,50.4,51.34,50.4,51.25,16829
2022-04-07 04:05:00,51.06,51.18,51.0,51.18,6079
2022-04-07 04:10:00,51.19,51.4,51.11,51.24,12294
2022-04-07 04:15:00,51.22,51.22,51.0,51.0,2712
2022-04-07 04:20:00,51.29,51.29,51.14,51.15,5522
2022-04-07 04:30:00,51.27,51.27,51.1,51.2,1036
2022-04-07 04:35:00,51.15,51.2,51.15,51.2,931
2022-04-07 04:40:00,51.2,51.26,51.13,51.14,1755
2022-04-07 04:45:00,51.15,51.26,51.15,51.17,2941
2022-04-07 04:50:00,51.2,51.22,51.2,51.2,807
2022-04-07 04:55:00,51.21,51.21,51.2,51.2,748
2022-04-07 05:00:00,51.26,51.26,51.2,51.23,587
2022-04-07 05:05:00,51.22,51.22,51.2,51.2,401
2022-04-07 05:10:00,51.21,51.22,51.19,51.2,1867
2022-04-07 05:15:00,51.18,51.21,51.17,51.2,1813
2022-04-07 05:20:00,51.18,51.22,51.18,51.2,3895
2022-04-07 05:25:00,51.21,51.21,51.21,51.21,100
2022-04-07 05:30:00,51.18,51.18,51.1,51.11,3220
2022-04-07 05:35:00,51.2,51.2,51.16,51.16,300
2022-04-07 05:40:00,51.22,51.24,51.19,51.24,1400
2022-04-07 05:45:00,51.25,51.4,51.25,51.36,5067
2022-04-07 05:50:00,51.31,51.31,51.27,51.27,1909
2022-04-07 05:55:00,51.3,51.3,51.27,51.28,659
2022-04-07 06:00:00,51.27,51.28,51.27,51.28,556
2022-04-07 06:05:00,51.33,51.4,51.28,51.39,1880
2022-04-07 06:10:00,51.38,51.48,51.38,51.41,3261
2022-04-07 06:15:00,51.47,51.47,51.42,51.45,1225
2022-04-07 06:20:00,51.48,51.49,51.45,51.48,700
2022-04-07 06:25:00,51.44,51.44,51.38,51.38,1124
2022-04-07 06:30:00,51.41,51.41,51.25,51.25,3967
2022-04-07 06:35:00,51.18,51.2,51.18,51.2,831
2022-04-07 06:40:00,51.31,51.31,51.28,51.28,1056
2022-04-07 06:45:00,51.23,51.29,51.13,51.29,5025
2022-04-07 06:50:00,51.25,51.25,51.25,51.25,100
2022-04-07 06:55:00,51.32,51.35,51.32,51.35,349
2022-04-07 07:00:00,51.33,51.38,51.02,51.02,24701
2022-04-07 07:05:00,51.07,51.25,51.07,51.25,9759
2022-04-07 07:10:00,51.26,51.31,51.15,51.31,5294
2022-04-07 07:15:00,51.31,51.31,51.18,51.25,12361
2022-04-07 07:20:00,51.15,51.25,51.1,51.19,7563
2022-04-07 07:25:00,51.19,51.2,51.05,51.16,22426
2022-04-07 07:30:00,51.2,51.23,51.2,51.2,2154
2022-04-07 07:35:00,51.19,51.24,51.18,51.22,4361
2022-04-07 07:40:00,51.18,51.18,51.15,51.15,2112
2022-04-07 07:45:00,51.13,51.13,51.11,51.11,700
2022-04-07 07:50:00,51.1,51.14,51.07,51.14,1250
2022-04-07 07:55:00,51.1,51.1,51.03,51.08,2459
2022-04-07 08:00:00,51.2,51.35,50.896,51.11,125378
2022-04-07 08:05:00,51.01,51.03,50.9,50.9099,43869
2022-04-07 08:10:00,50.93,50.93,50.73,50.86,36964
2022-04-07 08:15:00,50.85,50.86,50.76,50.8499,7632
2022-04-07 08:20:00,50.8499,51.08,50.8201,51.0,21753
2022-04-07 08:25:00,50.94,51.0,50.83,50.95,22526
2022-04-07 08:30:00,50.97,50.97,50.84,50.9599,5472
2022-04-07 08:35:00,50.9,50.94,50.85,50.86,7122
2022-04-07 08:40:00,50.84,51.09,50.84,51.0499,30408
2022-04-07 08:45:00,51.03,51.0399,50.89,50.89,26218
2022-04-07 08:50:00,50.9,50.9,50.75,50.75,41836
2022-04-07 08:55:00,50.7501,50.86,50.7,50.84,35585
2022-04-07 09:00:00,50.8,50.89,50.78,50.7866,37012
2022-04-07 09:05:00,50.71,50.73,50.45,50.48,85509
2022-04-07 09:10:00,50.54,50.7,50.5,50.65,44710
2022-04-07 09:15:00,50.58,50.7,50.58,50.6599,18667
2022-04-07 09:20:00,50.66,50.67,50.5,50.56,45290
2022-04-07 09:25:00,50.56,50.66,50.48,50.48,17093
2022-04-07 09:30:00,50.47,51.35,50.28,51.2205,1864306
2022-04-07 09:35:00,51.2106,51.64,51.04,51.3,2079866
2022-04-07 09:40:00,51.32,51.51,50.65,50.7212,2039693
2022-04-07 09:45:00,50.7202,50.93,50.17,50.18,1697444
2022-04-07 09:50:00,50.18,50.6,50.1401,50.53,1772238
2022-04-07 09:55:00,50.525,50.57,49.66,50.01,1663362
2022-04-07 10:00:00,50.02,50.24,49.62,49.8099,1837446
2022-04-07 10:05:00,49.8299,49.87,49.5,49.6401,1399887
2022-04-07 10:10:00,49.66,49.84,49.42,49.7,1506703
2022-04-07 10:15:00,49.69,49.74,49.5333,49.6,917357
2022-04-07 10:20:00,49.59,49.63,49.2,49.525,1670395
2022-04-07 10:25:00,49.5201,49.75,49.47,49.545,1166229
2022-04-07 10:30:00,49.5599,49.79,49.39,49.5694,1034969
2022-04-07 10:35:00,49.57,49.62,49.09,49.1037,995656
2022-04-07 10:40:00,49.1035,49.1282,48.87,48.875,1569280
2022-04-07 10:45:00,48.88,48.89,48.0,48.5301,1656014
2022-04-07 10:50:00,48.52,48.79,48.47,48.57,1661964
2022-04-07 10:55:00,48.58,48.6,48.36,48.51,1424766
2022-04-07 11:00:00,48.5,48.6,48.13,48.17,1532702
2022-04-07 11:05:00,48.17,48.26,47.91,48.06,2165157
2022-04-07 11:10:00,48.06,48.13,47.8,47.9697,1941512
2022-04-07 11:15:00,47.9627,47.99,47.58,47.62,1693553
2022-04-07 11:20:00,47.6157,47.85,47.56,47.78,1619352
2022-04-07 11:25:00,47.78,47.78,47.46,47.645,1732652
2022-04-07 11:30:00,47.655,47.66,47.03,47.1,2408131
2022-04-07 11:35:00,47.1,47.455,47.08,47.26,1632952
2022-04-07 11:40:00,47.26,47.55,47.2201,47.525,1467506
2022-04-07 11:45:00,47.52,47.81,47.49,47.635,2120174
2022-04-07 11:50:00,47.63,47.63,47.16,47.18,1777116
2022-04-07 11:55:00,47.18,47.64,47.17,47.6085,1572711
2022-04-07 12:00:00,47.6,47.61,47.28,47.34,1095990
2022-04-07 12:05:00,47.35,47.5,47.095,47.3673,1374010
2022-04-07 12:10:00,47.35,47.48,47.18,47.335,1093149
2022-04-07 12:15:00,47.33,47.3779,47.13,47.2209,850589
2022-04-07 12:20:00,47.2299,47.4797,46.865,46.999,1991071
2022-04-07 12:25:00,46.995,47.28,46.97,47.15,1273638
2022-04-07 12:30:00,47.1486,47.28,47.04,47.095,1087467
2022-04-07 12:35:00,47.095,47.2584,47.08,47.128,880101
2022-04-07 12:40:00,47.12,47.125,46.83,46.925,1331180
2022-04-07 12:45:00,46.92,46.9281,46.55,46.6297,1314518
2022-04-07 12:50:00,46.6284,46.77,46.5984,46.6038,992591
2022-04-07 12:55:00,46.59,46.83,46.571,46.6738,1206841
2022-04-07 13:00:00,46.674,47.1,46.6699,47.065,1487865
2022-04-07 13:05:00,47.065,47.25,46.95,47.235,1521620
2022-04-07 13:10:00,47.23,47.49,47.15,47.43,1447300
2022-04-07 13:15:00,47.425,47.575,47.32,47.46,1533493
2022-04-07 13:20:00,47.47,47.595,47.41,47.52,1274095
2022-04-07 13:25:00,47.525,47.93,47.44,47.848,1932649
2022-04-07 13:30:00,47.835,48.1199,47.83,47.9046,1651205
2022-04-07 13:35:00,47.9043,48.0399,47.5585,47.58,1373644
2022-04-07 13:40:00,47.5816,47.73,47.52,47.5699,1217444
2022-04-07 13:45:00,47.5676,47.72,47.31,47.4101,1359551
2022-04-07 13:50:00,47.4187,47.57,47.27,47.445,1050473
2022-04-07 13:55:00,47.44,47.8,47.4,47.735,1103474
2022-04-07 14:00:00,47.735,47.95,47.71,47.8242,1128548
2022-04-07 14:05:00,47.825,47.825,47.53,47.7143,1000319
2022-04-07 14:10:00,47.71,47.87,47.6001,47.8199,953547
2022-04-07 14:15:00,47.815,47.87,47.57,47.6,960748
2022-04-07 14:20:00,47.595,47.72,47.54,47.63,670319
2022-04-07 14:25:00,47.635,48.28,47.6,47.66,2059597
2022-04-07 14:30:00,47.65,47.87,47.61,47.67,1005208
2022-04-07 14:35:00,47.67,47.84,47.64,47.825,836704
2022-04-07 14:40:00,47.825,47.825,47.56,47.77,734145
2022-04-07 14:45:00,47.765,47.9,47.66,47.76,828740
2022-04-07 14:50:00,47.765,48.17,47.7,48.05,1322666
2022-04-07 14:55:00,48.05,48.41,48.0,48.34,1464780
2022-04-07 15:00:00,48.34,48.58,48.3099,48.4371,1782679
2022-04-07 15:05:00,48.43,48.4698,48.2008,48.4,1316595
2022-04-07 15:10:00,48.41,48.65,48.41,48.515,1405823
2022-04-07 15:15:00,48.51,48.72,48.46,48.4701,1404160
2022-04-07 15:20:00,48.475,48.495,48.17,48.2504,1101236
2022-04-07 15:25:00,48.2527,48.37,48.13,48.16,804574
2022-04-07 15:30:00,48.16,48.4581,48.14,48.3501,997238
2022-04-07 15:35:00,48.36,48.475,48.31,48.3984,801889
2022-04-07 15:40:00,48.395,48.46,48.27,48.28,804286
2022-04-07 15:45:00,48.28,48.53,48.26,48.2902,1006471
2022-04-07 15:50:00,48.28,48.34,47.95,48.085,1299801
2022-04-07 15:55:00,48.09,48.16,48.03,48.04,1499899
2022-04-07 16:00:00,48.04,48.15,48.0,48.08,4152293
2022-04-07 16:05:00,48.07,48.08,48.05,48.05,7594
2022-04-07 16:10:00,48.05,48.08,47.96,47.98,19340
2022-04-07 16:15:00,47.98,47.98,47.85,47.89,56389
2022-04-07 16:20:00,47.88,48.03,47.7001,47.75,37052
2022-04-07 16:25:00,47.71,47.82,47.66,47.82,19858
2022-04-07 16:30:00,47.76,47.84,47.67,47.67,20825
2022-04-07 16:35:00,47.77,47.8,47.7,47.7,13089
2022-04-07 16:40:00,47.73,47.74,47.67,47.74,14098
2022-04-07 16:45:00,47.7,47.78,47.7,47.78,8456
2022-04-07 16:50:00,47.76,47.89,47.75,47.89,5927
2022-04-07 16:55:00,47.86,47.88,47.8,47.81,6377
2022-04-07 17:00:00,47.76,47.88,47.76,47.78,1000
2022-04-07 17:05:00,47.86,47.86,47.81,47.86,699
2022-04-07 17:10:00,47.81,47.86,47.81,47.81,1020
2022-04-07 17:15:00,47.86,47.86,47.85,47.85,2044
2022-04-07 17:20:00,47.82,47.97,47.82,47.96,11251
2022-04-07 17:25:00,47.95,47.96,47.9,47.94,9386
2022-04-07 17:30:00,47.94,47.94,47.82,47.92,7376
2022-04-07 17:35:00,47.92,48.0,47.82,48.0,22082
2022-04-07 17:40:00,47.96,48.02,47.95,48.02,15835
2022-04-07 17:45:00,48.03,48.06,48.02,48.02,4785
2022-04-07 17:50:00,48.02,48.1,48.02,48.1,5888
2022-04-07 17:55:00,48.08,48.08,48.0,48.0,6620
2022-04-07 18:00:00,48.0,48.08,48.0,48.05,1841
2022-04-07 18:05:00,48.07,48.07,48.04,48.05,4952
2022-04-07 18:10:00,48.0,48.0,47.95,48.0,8724
2022-04-07 18:15:00,47.99,48.0,47.93,47.93,9526
2022-04-07 18:20:00,47.94,47.94,47.81,47.86,23404
2022-04-07 18:25:00,47.84,47.88,47.84,47.88,1743
2022-04-07 18:30:00,47.84,47.89,47.84,47.89,993
2022-04-07 18:35:00,47.9,47.9,47.85,47.8501,710
2022-04-07 18:40:00,47.89,47.9,47.89,47.9,300
2022-04-07 18:45:00,47.89,47.89,47.82,47.82,2761
2022-04-07 18:50:00,47.83,47.84,47.82,47.84,3259
2022-04-07 18:55:00,47.83,47.88,47.81,47.86,2691
2022-04-07 19:00:00,47.86,47.92,47.82,47.91,8086
2022-04-07 19:05:00,47.91,47.91,47.89,47.89,339
2022-04-07 19:10:00,47.88,47.94,47.88,47.94,9275
2022-04-07 19:15:00,47.94,47.95,47.9,47.94,5169
2022-04-07 19:20:00,47.95,47.95,47.84,47.84,3859
2022-04-07 19:25:00,47.83,47.83,47.83,47.83,3719
2022-04-07 19:30:00,47.85,47.85,47.82,47.82,3606
2022-04-07 19:35:00,47.88,47.88,47.83,47.83,1600
2022-04-07 19:40:00,47.83,47.86,47.83,47.85,4991
2022-04-07 19:45:00,47.83,47.85,47.83,47.85,3230
2022-04-07 19:50:00,47.83,47.92,47.8,47.9,14088
2022-04-07 19:55:00,47.9099,47.93,47.8,47.8,6422
2022-04-08 04:00:00,48.64,48.79,48.2,48.25,5466
2022-04-08 04:05:00,48.32,48.35,48.09,48.19,11272
2022-04-08 04:10:00,48.06,48.12,48.03,48.1,3078
2022-04-08 04:15:00,48.02,48.02,47.76,47.76,1008
2022-04-08 04:20:00,47.82,47.82,47.52,47.62,3036
2022-04-08 04:25:00,47.7,47.84,47.64,47.82,3844
2022-04-08 04:30:00,47.91,47.95,47.75,47.95,1664
2022-04-08 04:35:00,47.9,47.9,47.88,47.88,581
2022-04-08 04:40:00,47.9,48.0,47.9,48.0,2361
2022-04-08 04:45:00,47.89,47.91,47.8,47.8,2383
2022-04-08 04:50:00,47.74,47.75,47.72,47.75,700
2022-04-08 04:55:00,47.72,47.73,47.71,47.71,1080
2022-04-08 05:00:00,47.71,47.71,47.6,47.6,600
2022-04-08 05:05:00,47.68,47.74,47.59,47.68,1141
2022-04-08 05:10:00,47.69,47.7,47.66,47.66,1172
2022-04-08 05:15:00,47.66,47.74,47.55,47.74,1500
2022-04-08 05:20:00,47.67,47.75,47.6,47.75,2839
2022-04-08 05:25:00,47.7,47.76,47.7,47.76,1491
2022-04-08 05:35:00,47.75,47.8,47.75,47.8,2210
2022-04-08 05:40:00,47.63,47.78,47.63,47.78,1046
2022-04-08 05:45:00,47.61,47.61,47.6,47.6,1192
2022-04-08 05:50:00,47.61,47.61,47.6,47.6,941
2022-04-08 05:55:00,47.6,47.6,47.54,47.54,1277
2022-04-08 06:00:00,47.65,47.65,47.56,47.56,1550
2022-04-08 06:05:00,47.64,47.64,47.64,47.64,882
2022-04-08 06:10:00,47.64,47.64,47.64,47.64,101
2022-04-08 06:15:00,47.69,47.79,47.56,47.56,1502
2022-04-08 06:20:00,47.56,47.56,47.56,47.56,2221
2022-04-08 06:25:00,47.56,47.56,47.56,47.56,216
2022-04-08 06:30:00,47.64,47.69,47.64,47.69,200
2022-04-08 06:35:00,47.93,47.93,47.93,47.93,240
2022-04-08 06:40:00,47.93,47.93,47.88,47.9,1450
2022-04-08 06:45:00,47.77,47.77,47.77,47.77,108
2022-04-08 06:50:00,47.78,47.78,47.78,47.78,119
2022-04-08 06:55:00,47.62,47.62,47.62,47.62,530
2022-04-08 07:00:00,47.76,47.78,47.56,47.56,28541
2022-04-08 07:05:00,47.56,47.65,47.54,47.65,2441
2022-04-08 07:10:00,47.64,47.64,47.55,47.55,2000
2022-04-08 07:15:00,47.59,47.61,47.55,47.6,4390
2022-04-08 07:20:00,47.58,47.58,47.45,47.45,9044
2022-04-08 07:25:00,47.41,47.5,47.35,47.5,5971
2022-04-08 07:30:00,47.48,47.48,47.35,47.36,4536
2022-04-08 07:35:00,47.35,47.49,47.25,47.45,4796
2022-04-08 07:40:00,47.44,47.5,47.32,47.32,6671
2022-04-08 07:45:00,47.34,47.35,47.12,47.12,9650
2022-04-08 07:50:00,47.11,47.11,46.93,47.0,22795
2022-04-08 07:55:00,47.05,47.35,47.05,47.21,29058
2022-04-08 08:00:00,47.8799,48.15,46.93,47.15,148002
2022-04-08 08:05:00,47.22,47.28,47.12,47.2,11730
2022-04-08 08:10:00,47.2,47.22,47.04,47.14,10219
2022-04-08 08:15:00,47.08,47.1,46.9,46.93,35756
2022-04-08 08:20:00,46.94,47.15,46.91,47.13,36136
2022-04-08 08:25:00,47.14,47.14,47.07,47.07,8112
2022-04-08 08:30:00,47.0712,47.15,47.06,47.1001,6475
2022-04-08 08:35:00,47.12,47.15,47.08,47.12,24177
2022-04-08 08:40:00,47.12,47.18,47.12,47.1399,18119
2022-04-08 08:45:00,47.0801,47.18,47.0801,47.11,16226
2022-04-08 08:50:00,47.1,47.1699,47.07,47.08,24590
2022-04-08 08:55:00,47.0701,47.1,46.99,47.02,39872
2022-04-08 09:00:00,47.03,47.1,47.0,47.07,23014
2022-04-08 09:05:00,47.09,47.35,47.07,47.31,45847
2022-04-08 09:10:00,47.31,47.38,47.14,47.2,28095
2022-04-08 09:15:00,47.18,47.5,47.1501,47.42,46549
2022-04-08 09:20:00,47.4,48.03,47.18,47.27,32300
2022-04-08 09:25:00,47.26,47.4,47.13,47.27,27153
2022-04-08 09:30:00,47.3,47.92,47.2,47.9005,1293584
2022-04-08 09:35:00,47.88,48.39,47.43,48.28,2102146
2022-04-08 09:40:00,48.285,48.44,47.64,48.172,2178949
2022-04-08 09:45:00,48.1869,48.42,47.76,47.88,1780090
2022-04-08 09:50:00,47.885,47.89,47.42,47.4496,1359490
2022-04-08 09:55:00,47.445,47.48,46.82,46.8301,2113147
2022-04-08 10:00:00,46.85,46.85,46.46,46.7327,2600303
2022-04-08 10:05:00,46.74,46.99,46.5,46.9055,1924015
2022-04-08 10:10:00,46.89,46.9,46.61,46.78,1282638
2022-04-08 10:15:00,46.785,46.95,46.61,46.79,1360634
2022-04-08 10:20:00,46.79,47.2,46.79,47.0977,1442702
2022-04-08 10:25:00,47.1,47.39,46.98,47.27,1503307
2022-04-08 10:30:00,47.2701,47.42,46.84,46.925,1496031
2022-04-08 10:35:00,46.92,47.02,46.795,46.99,995084
2022-04-08 10:40:00,46.995,47.09,46.61,46.62,1247693
2022-04-08 10:45:00,46.625,46.68,46.24,46.3,1772091
2022-04-08 10:50:00,46.3018,46.947,46.281,46.85,1691587
2022-04-08 10:55:00,46.86,47.0,46.64,46.72,1129047
2022-04-08 11:00:00,46.7271,46.95,46.542,46.655,1317650
2022-04-08 11:05:00,46.6576,46.73,46.44,46.47,985519
2022-04-08 11:10:00,46.4698,46.8,46.36,46.705,1077840
2022-04-08 11:15:00,46.7182,46.74,46.45,46.4801,837388
2022-04-08 11:20:00,46.485,46.5,46.14,46.1942,1276796
2022-04-08 11:25:00,46.2,46.29,46.1003,46.26,979596
2022-04-08 11:30:00,46.2687,46.33,46.07,46.08,903235
2022-04-08 11:35:00,46.08,46.2,45.99,46.177,1181566
2022-04-08 11:40:00,46.17,46.27,45.98,46.2,846685
2022-04-08 11:45:00,46.2,46.4399,46.07,46.37,974371
2022-04-08 11:50:00,46.3614,46.39,46.22,46.23,616924
2022-04-08 11:55:00,46.23,46.52,46.14,46.51,845165
2022-04-08 12:00:00,46.5,46.585,46.22,46.37,834194
2022-04-08 12:05:00,46.375,46.45,46.232,46.3,531015
2022-04-08 12:10:00,46.29,46.488,46.18,46.3198,637195
2022-04-08 12:15:00,46.3299,46.5299,46.21,46.4819,669037
2022-04-08 12:20:00,46.48,46.65,46.4701,46.5824,678129
2022-04-08 12:25:00,46.58,46.74,46.565,46.72,685769
2022-04-08 12:30:00,46.72,46.73,46.48,46.535,699474
2022-04-08 12:35:00,46.535,46.58,46.41,46.496,464127
2022-04-08 12:40:00,46.5,46.645,46.4801,46.5917,608821
2022-04-08 12:45:00,46.59,46.66,46.5,46.55,478106
2022-04-08 12:50:00,46.55,46.6,46.47,46.5208,412934
2022-04-08 12:55:00,46.52,46.58,46.44,46.4498,382372
2022-04-08 13:00:00,46.45,46.475,46.11,46.2253,872579
2022-04-08 13:05:00,46.225,46.24,46.094,46.19,544881
2022-04-08 13:10:00,46.19,46.21,45.88,45.963,961811
2022-04-08 13:15:00,45.96,46.1,45.91,46.07,633798
2022-04-08 13:20:00,46.0714,46.2099,46.0,46.055,727729
2022-04-08 13:25:00,46.05,46.055,45.9032,45.9801,456123
2022-04-08 13:30:00,45.995,46.0201,45.88,45.9399,445117
2022-04-08 13:35:00,45.935,46.05,45.8321,46.025,650833
2022-04-08 13:40:00,46.025,46.265,46.0235,46.265,823391
2022-04-08 13:45:00,46.26,46.34,46.12,46.19,563552
2022-04-08 13:50:00,46.1923,46.32,46.17,46.247,489622
2022-04-08 13:55:00,46.24,46.305,46.165,46.2202,434508
2022-04-08 14:00:00,46.22,46.43,46.165,46.185,569898
2022-04-08 14:05:00,46.17,46.34,46.12,46.295,452395
2022-04-08 14:10:00,46.2974,46.43,46.29,46.42,415273
2022-04-08 14:15:00,46.43,46.45,46.26,46.3201,425803
2022-04-08 14:20:00,46.33,46.53,46.285,46.31,536129
2022-04-08 14:25:00,46.295,46.295,46.06,46.12,834090
2022-04-08 14:30:00,46.13,46.13,46.05,46.09,535360
2022-04-08 14:35:00,46.09,46.23,46.045,46.17,526820
2022-04-08 14:40:00,46.16,46.195,46.06,46.0899,328703
2022-04-08 14:45:00,46.085,46.21,46.0724,46.19,449085
2022-04-08 14:50:00,46.182,46.34,46.135,46.29,528469
2022-04-08 14:55:00,46.285,46.37,46.195,46.2279,481422
2022-04-08 15:00:00,46.2281,46.38,46.1527,46.3757,497517
2022-04-08 15:05:00,46.38,46.53,46.37,46.485,794629
2022-04-08 15:10:00,46.4899,46.67,46.43,46.54,776360
2022-04-08 15:15:00,46.5407,46.725,46.51,46.59,612687
2022-04-08 15:20:00,46.58,46.6699,46.55,46.59,555977
2022-04-08 15:25:00,46.58,46.67,46.57,46.63,634594
2022-04-08 15:30:00,46.63,46.66,46.23,46.265,904470
2022-04-08 15:35:00,46.265,46.38,46.15,46.245,878074
2022-04-08 15:40:00,46.25,46.425,46.2,46.345,859284
2022-04-08 15:45:00,46.3416,46.465,46.2811,46.2985,742428
2022-04-08 15:50:00,46.3,46.365,46.16,46.225,933994
2022-04-08 15:55:00,46.23,46.28,46.16,46.25,1155408
2022-04-08 16:00:00,46.28,46.28,46.2,46.23,1221247
2022-04-08 16:05:00,46.23,46.36,46.23,46.27,19371
2022-04-08 16:10:00,46.27,46.27,46.22,46.23,3933515
2022-04-08 16:15:00,46.23,46.3,46.21,46.25,25278
2022-04-08 16:20:00,46.22,46.29,46.22,46.23,7925
2022-04-08 16:25:00,46.29,46.33,46.23,46.23,11838
2022-04-08 16:30:00,46.28,46.28,46.25,46.25,4898
2022-04-08 16:35:00,46.28,46.28,46.26,46.26,5750
2022-04-08 16:40:00,46.28,46.35,46.26,46.3,14634
2022-04-08 16:45:00,46.33,46.33,46.29,46.31,7110
2022-04-08 16:50:00,46.32,46.35,46.32,46.32,12954
2022-04-08 16:55:00,46.32,46.32,46.28,46.28,10980
2022-04-08 17:00:00,46.28,46.3,46.27,46.27,11554
2022-04-08 17:05:00,46.26,46.27,46.26,46.26,11394
2022-04-08 17:10:00,46.3,46.3,46.3,46.3,1069
2022-04-08 17:15:00,46.3,46.36,46.3,46.33,4093
2022-04-08 17:20:00,46.33,46.37,46.3,46.37,5934
2022-04-08 17:25:00,46.36,46.44,46.36,46.44,9364
2022-04-08 17:30:00,46.38,46.4,46.38,46.4,1000
2022-04-08 17:35:00,46.38,46.44,46.37,46.44,4434
2022-04-08 17:40:00,46.4,46.4,46.35,46.37,7320
2022-04-08 17:45:00,46.35,46.4,46.35,46.35,1050
2022-04-08 17:50:00,46.35,46.39,46.33,46.33,2690
2022-04-08 17:55:00,46.33,46.33,46.3,46.3,3682
2022-04-08 18:00:00,46.32,46.32,46.3,46.3,502
2022-04-08 18:05:00,46.32,46.32,46.32,46.32,951
2022-04-08 18:10:00,46.32,46.33,46.32,46.33,3200
2022-04-08 18:15:00,46.33,46.35,46.33,46.35,1668
2022-04-08 18:20:00,46.34,46.34,46.28,46.28,3771
2022-04-08 18:25:00,46.3,46.3,46.3,46.3,2468
2022-04-08 18:30:00,46.28,46.3,46.28,46.3,800
2022-04-08 18:35:00,46.28,46.28,46.28,46.28,1500
2022-04-08 18:40:00,46.28,46.29,46.28,46.29,600
2022-04-08 18:45:00,46.29,46.29,46.29,46.29,373
2022-04-08 18:50:00,46.29,46.29,46.26,46.26,2600
2022-04-08 18:55:00,46.29,46.29,46.29,46.29,100
2022-04-08 19:00:00,46.26,46.27,46.26,46.26,765
2022-04-08 19:05:00,46.28,46.28,46.21,46.27,1299
2022-04-08 19:10:00,46.25,46.25,46.21,46.21,1267
2022-04-08 19:15:00,46.21,46.25,46.15,46.16,4846
2022-04-08 19:20:00,46.1501,46.26,46.15,46.2,1973
2022-04-08 19:25:00,46.2,46.26,46.2,46.21,1651
2022-04-08 19:30:00,46.21,46.23,46.2,46.21,3070
2022-04-08 19:35:00,46.21,46.23,46.2,46.2,1374
2022-04-08 19:40:00,46.18,46.23,46.17,46.17,2503
2022-04-08 19:45:00,46.1701,46.19,46.17,46.19,2924
2022-04-08 19:50:00,46.19,46.23,46.19,46.21,3196
2022-04-08 19:55:00,46.18,46.3,46.18,46.3,8201
2022-04-11 04:00:00,45.36,46.25,42.5,42.84,83098
2022-04-11 04:05:00,42.84,42.85,42.6,42.83,33129
2022-04-11 04:10:00,42.85,43.21,42.85,43.12,25550
2022-04-11 04:15:00,43.12,43.5,43.1,43.29,7709
2022-04-11 04:20:00,43.26,43.5,43.25,43.5,21929
2022-04-11 04:25:00,43.75,43.9,43.6,43.6,11187
2022-04-11 04:30:00,43.56,43.75,43.5,43.75,3399
2022-04-11 04:35:00,43.6,43.85,43.6,43.85,2888
2022-04-11 04:40:00,43.85,43.98,43.65,43.8,19451
2022-04-11 04:45:00,43.86,43.95,43.85,43.9,2809
2022-04-11 04:50:00,43.93,44.5,43.86,44.45,21297
2022-04-11 04:55:00,44.45,44.45,44.0,44.0,9293
2022-04-11 05:00:00,44.0,44.2,44.0,44.14,1567
2022-04-11 05:05:00,44.12,44.25,44.12,44.2,1293
2022-04-11 05:10:00,44.12,44.3,44.12,44.12,29206
2022-04-11 05:15:00,44.22,44.35,44.21,44.21,4599
2022-04-11 05:20:00,44.28,44.35,44.2,44.2,1967
2022-04-11 05:25:00,44.25,44.25,44.24,44.25,1730
2022-04-11 05:30:00,44.25,44.5,44.25,44.5,6721
2022-04-11 05:35:00,44.32,44.4,44.3,44.4,1425
2022-04-11 05:40:00,44.39,44.63,44.39,44.44,7635
2022-04-11 05:45:00,44.4,44.8,44.4,44.55,9373
2022-04-11 05:50:00,44.7,44.7,44.41,44.47,2045
2022-04-11 05:55:00,44.6,44.74,44.42,44.74,5575
2022-04-11 06:00:00,44.71,45.0,44.66,44.89,14676
2022-04-11 06:05:00,44.95,45.1,44.9,45.09,12616
2022-04-11 06:10:00,45.09,45.45,45.09,45.3,16377
2022-04-11 06:15:00,45.36,45.6,45.19,45.59,20942
2022-04-11 06:20:00,45.5,45.55,45.1,45.1,12967
2022-04-11 06:25:00,45.11,45.25,45.1,45.11,12297
2022-04-11 06:30:00,45.11,45.33,45.1,45.15,6241
2022-04-11 06:35:00,45.15,45.41,45.09,45.41,37237
2022-04-11 06:40:00,45.44,45.6,45.33,45.33,19278
2022-04-11 06:45:00,45.35,45.5,45.0,45.1,23967
2022-04-11 06:50:00,45.15,45.3,45.15,45.25,3899
2022-04-11 06:55:00,45.3,45.4,45.29,45.4,5020
2022-04-11 07:00:00,45.38,46.13,45.15,45.86,187681
2022-04-11 07:05:00,45.81,46.37,45.81,46.07,151050
2022-04-11 07:10:00,46.05,46.25,45.9,45.9,67641
2022-04-11 07:15:00,45.93,46.0,45.6,45.6,52994
2022-04-11 07:20:00,45.65,45.74,45.51,45.63,39909
2022-04-11 07:25:00,45.62,45.65,45.5,45.53,21877
2022-04-11 07:30:00,45.51,45.51,45.31,45.38,48646
2022-04-11 07:35:00,45.37,45.85,45.35,45.85,43300
2022-04-11 07:40:00,45.85,45.9,45.33,45.33,43584
2022-04-11 07:45:00,45.36,45.44,45.1,45.26,45458
2022-04-11 07:50:00,45.25,45.3,45.09,45.1,39416
2022-04-11 07:55:00,45.11,45.16,44.9,44.9,82582
2022-04-11 08:00:00,46.04,46.4,44.74,44.82,689830
2022-04-11 08:05:00,44.86,45.25,44.5,44.6201,264032
2022-04-11 08:10:00,44.63,44.7,44.34,44.64,122058
2022-04-11 08:15:00,44.63,44.7,44.53,44.63,116851
2022-04-11 08:20:00,44.63,44.64,44.5,44.54,88888
2022-04-11 08:25:00,44.56,44.65,44.46,44.56,88592
2022-04-11 08:30:00,44.55,44.6,44.45,44.59,57538
2022-04-11 08:35:00,44.6,44.79,44.56,44.7785,135530
2022-04-11 08:40:00,44.75,45.1,44.7201,44.95,135258
2022-04-11 08:45:00,44.95,45.27,44.92,45.27,86447
2022-04-11 08:50:00,45.27,45.36,44.45,44.89,195583
2022-04-11 08:55:00,44.8899,45.7,44.85,45.55,299885
2022-04-11 09:00:00,45.58,45.84,45.21,45.37,253493
2022-04-11 09:05:00,45.35,45.56,45.3,45.44,85771
2022-04-11 09:10:00,45.45,45.61,45.37,45.61,75232
2022-04-11 09:15:00,45.62,45.75,45.51,45.57,79552
2022-04-11 09:20:00,45.58,45.64,45.51,45.53,69154
2022-04-11 09:25:00,45.53,45.8,45.5,45.76,82326
2022-04-11 09:30:00,45.75,46.07,44.71,44.975,3691204
2022-04-11 09:35:00,44.99,46.17,44.99,45.9075,3172469
2022-04-11 09:40:00,45.92,47.0,45.92,46.99,4126963
2022-04-11 09:45:00,46.98,47.84,46.89,47.62,3954120
2022-04-11 09:50:00,47.6364,47.69,47.09,47.275,3246716
2022-04-11 09:55:00,47.28,47.3,46.88,47.11,2623074
2022-04-11 10:00:00,47.12,47.68,46.9,47.16,2369365
2022-04-11 10:05:00,47.16,47.84,47.0,47.63,2803163
2022-04-11 10:10:00,47.632,47.89,47.31,47.34,2641377
2022-04-11 10:15:00,47.357,47.5,46.77,46.86,2762071
2022-04-11 10:20:00,46.86,47.0,46.5,46.66,2053220
2022-04-11 10:25:00,46.67,46.8,46.35,46.48,1983695
2022-04-11 10:30:00,46.47,46.77,46.285,46.5399,2087555
2022-04-11 10:35:00,46.52,46.535,46.038,46.074,1701645
2022-04-11 10:40:00,46.08,46.23,45.99,46.2,1522644
2022-04-11 10:45:00,46.2,46.28,45.6801,45.705,1606531
2022-04-11 10:50:00,45.69,45.97,45.64,45.75,1227087
2022-04-11 10:55:00,45.75,46.04,45.65,45.73,1114285
2022-04-11 11:00:00,45.73,46.08,45.67,45.89,1271774
2022-04-11 11:05:00,45.895,46.08,45.72,45.94,1121623
2022-04-11 11:10:00,45.9484,46.12,45.55,45.6801,1151367
2022-04-11 11:15:00,45.6801,46.05,45.56,46.0275,1227888
2022-04-11 11:20:00,46.0203,46.26,45.9,45.975,1138397
2022-04-11 11:25:00,45.9812,46.095,45.8,46.09,858443
2022-04-11 11:30:00,46.0999,46.43,46.0743,46.2962,1010171
2022-04-11 11:35:00,46.28,46.45,46.2,46.27,777927
2022-04-11 11:40:00,46.265,46.49,46.19,46.36,932492
2022-04-11 11:45:00,46.36,46.54,46.1546,46.192,797485
2022-04-11 11:50:00,46.195,46.69,46.11,46.68,1243772
2022-04-11 11:55:00,46.67,46.76,46.43,46.5516,1277748
2022-04-11 12:00:00,46.55,46.62,46.34,46.455,809071
2022-04-11 12:05:00,46.45,46.4799,46.26,46.3701,549651
2022-04-11 12:10:00,46.37,46.57,46.37,46.45,657616
2022-04-11 12:15:00,46.455,46.785,46.415,46.7535,833745
2022-04-11 12:20:00,46.76,46.84,46.5201,46.5201,1004187
2022-04-11 12:25:00,46.5296,46.6299,46.4101,46.4702,658155
2022-04-11 12:30:00,46.49,46.639,46.45,46.615,547122
2022-04-11 12:35:00,46.615,46.96,46.5964,46.85,835064
2022-04-11 12:40:00,46.86,46.99,46.71,46.9401,823674
2022-04-11 12:45:00,46.945,47.19,46.91,46.93,1108805
2022-04-11 12:50:00,46.93,47.01,46.78,46.88,841608
2022-04-11 12:55:00,46.88,47.13,46.81,47.0158,784081
2022-04-11 13:00:00,47.015,47.2142,46.98,47.06,1029428
2022-04-11 13:05:00,47.05,47.22,46.97,47.1292,751707
2022-04-11 13:10:00,47.1299,47.37,47.05,47.3053,1150478
2022-04-11 13:15:00,47.305,47.31,47.01,47.25,1070072
2022-04-11 13:20:00,47.258,47.3808,47.13,47.2587,844657
2022-04-11 13:25:00,47.29,47.47,47.1203,47.345,1036303
2022-04-11 13:30:00,47.345,47.64,47.3414,47.63,977867
2022-04-11 13:35:00,47.615,47.66,47.26,47.37,894807
2022-04-11 13:40:00,47.36,47.4,47.255,47.3,687517
2022-04-11 13:45:00,47.29,47.32,47.0499,47.1,1010020
2022-04-11 13:50:00,47.105,47.3,47.04,47.2842,921370
2022-04-11 13:55:00,47.28,47.42,47.175,47.41,992676
2022-04-11 14:00:00,47.41,47.45,47.17,47.38,743190
2022-04-11 14:05:00,47.3729,47.73,47.255,47.6419,1289770
2022-04-11 14:10:00,47.645,47.74,47.5,47.545,1110570
2022-04-11 14:15:00,47.5498,47.57,47.4001,47.4625,724441
2022-04-11 14:20:00,47.4654,47.62,47.43,47.5399,636682
2022-04-11 14:25:00,47.5399,47.82,47.4934,47.59,1523722
2022-04-11 14:30:00,47.59,47.6951,47.4301,47.59,923540
2022-04-11 14:35:00,47.585,47.62,47.275,47.39,859375
2022-04-11 14:40:00,47.3892,47.4,47.2,47.25,822747
2022-04-11 14:45:00,47.25,47.65,47.24,47.62,1127107
2022-04-11 14:50:00,47.62,47.715,47.575,47.66,836074
2022-04-11 14:55:00,47.665,47.72,47.48,47.5687,790837
2022-04-11 15:00:00,47.56,47.67,47.45,47.4799,886597
2022-04-11 15:05:00,47.495,47.61,47.38,47.462,895151
2022-04-11 15:10:00,47.47,47.7,47.43,47.695,957314
2022-04-11 15:15:00,47.6945,47.8599,47.55,47.8501,1363985
2022-04-11 15:20:00,47.85,47.98,47.73,47.925,1768767
2022-04-11 15:25:00,47.93,47.93,47.52,47.6011,1532660
2022-04-11 15:30:00,47.59,47.68,47.3801,47.4509,1383075
2022-04-11 15:35:00,47.45,47.455,47.16,47.285,1251772
2022-04-11 15:40:00,47.285,47.385,47.08,47.115,1185780
2022-04-11 15:45:00,47.11,47.18,46.955,47.045,1196106
2022-04-11 15:50:00,47.045,47.1274,46.92,46.97,1147981
2022-04-11 15:55:00,46.98,47.07,46.97,47.0002,1437454
2022-04-11 16:00:00,47.02,47.1,46.9,46.9,1379593
2022-04-11 16:05:00,46.95,47.01,46.88,46.96,83521
2022-04-11 16:10:00,46.95,46.966,46.88,46.88,6736
2022-04-11 16:15:00,46.93,46.93,46.75,46.75,56128
2022-04-11 16:20:00,46.8,46.82,46.64,46.67,39649
2022-04-11 16:25:00,46.8,46.84,46.7,46.84,5530
2022-04-11 16:30:00,46.83,46.84,46.81,46.82,1929
2022-04-11 16:35:00,46.82,46.85,46.8,46.83,6328
2022-04-11 16:40:00,46.85,46.92,46.85,46.89,6721
2022-04-11 16:45:00,46.91,46.91,46.86,46.9,859
2022-04-11 16:50:00,46.9,47.01,46.87,46.88,12477
2022-04-11 16:55:00,46.88,46.91,46.86,46.8999,6509
2022-04-11 17:00:00,46.86,46.87,46.86,46.86,1727
2022-04-11 17:05:00,46.86,46.9,46.85,46.85,2919
2022-04-11 17:10:00,46.87,46.89,46.86,46.86,1480
2022-04-11 17:15:00,46.85,46.88,46.84,46.87,1199
2022-04-11 17:20:00,46.88,46.96,46.84,46.96,1991
2022-04-11 17:25:00,46.95,46.97,46.88,46.9499,8769
2022-04-11 17:30:00,46.95,46.95,46.89,46.93,2090
2022-04-11 17:35:00,46.93,46.95,46.88,46.94,2633
2022-04-11 17:40:00,46.95,46.95,46.91,46.91,5801
2022-04-11 17:45:00,46.95,46.95,46.95,46.95,500
2022-04-11 17:50:00,46.9,46.96,46.9,46.96,2884
2022-04-11 17:55:00,46.89,47.01,46.89,46.99,16278
2022-04-11 18:00:00,47.01,47.04,46.96,46.96,21994
2022-04-11 18:05:00,46.92,47.0,46.9,46.94,4431
2022-04-11 18:10:00,46.95,46.98,46.95,46.96,6967
2022-04-11 18:15:00,46.96,46.97,46.92,46.92,3200
2022-04-11 18:20:00,46.95,46.98,46.95,46.98,2509
2022-04-11 18:25:00,46.98,46.98,46.95,46.97,2971
2022-04-11 18:30:00,46.96,46.97,46.91,46.91,4320
2022-04-11 18:35:00,46.97,46.97,46.91,46.91,3050
2022-04-11 18:40:00,46.95,46.95,46.93,46.93,3490
2022-04-11 18:45:00,46.91,46.95,46.91,46.91,4439
2022-04-11 18:50:00,46.95,46.95,46.9,46.9,9549
2022-04-11 18:55:00,46.91,46.91,46.86,46.86,10720
2022-04-11 19:00:00,46.9,46.93,46.9,46.9101,2681
2022-04-11 19:05:00,46.91,46.93,46.9,46.9,4333
2022-04-11 19:10:00,46.88,46.93,46.86,46.86,2715
2022-04-11 19:15:00,46.94,46.95,46.92,46.95,1700
2022-04-11 19:20:00,46.87,46.94,46.87,46.91,1593
2022-04-11 19:25:00,46.93,46.94,46.9,46.91,11257
2022-04-11 19:30:00,46.93,46.94,46.9,46.91,7636
2022-04-11 19:35:00,46.9,46.9,46.86,46.89,4129
2022-04-11 19:40:00,46.89,46.89,46.73,46.73,9313
2022-04-11 19:45:00,46.73,46.76,46.68,46.7,7139
2022-04-11 19:50:00,46.7,46.75,46.7,46.7,10814
2022-04-11 19:55:00,46.7,46.7499,46.65,46.68,12204
2022-04-12 04:00:00,46.95,47.11,46.9,46.9,3049
2022-04-12 04:05:00,46.9,46.9,46.8,46.8,1298
2022-04-12 04:10:00,46.82,46.84,46.82,46.84,500
2022-04-12 04:15:00,46.84,46.84,46.77,46.82,3314
2022-04-12 04:20:00,46.8,46.8,46.8,46.8,100
2022-04-12 04:30:00,46.8,46.8,46.8,46.8,100
2022-04-12 04:35:00,46.79,47.01,46.79,47.0,2693
2022-04-12 04:40:00,47.01,47.11,47.0,47.0,4427
2022-04-12 04:45:00,47.04,47.23,47.04,47.23,1367
2022-04-12 04:50:00,47.1,47.1,47.0,47.0,1476
2022-04-12 04:55:00,47.0,47.12,47.0,47.1,4796
2022-04-12 05:00:00,47.05,47.1,47.05,47.1,750
2022-04-12 05:05:00,47.1,47.1,47.1,47.1,250
2022-04-12 05:10:00,47.19,47.2,47.18,47.18,550
2022-04-12 05:15:00,47.11,47.12,47.1,47.12,807
2022-04-12 05:20:00,47.08,47.08,47.07,47.07,2518
2022-04-12 05:25:00,47.05,47.1,47.05,47.1,1683
2022-04-12 05:40:00,47.3,47.3,47.3,47.3,999
2022-04-12 06:00:00,47.27,47.27,47.27,47.27,216
2022-04-12 06:05:00,47.2,47.2,47.2,47.2,200
2022-04-12 06:10:00,47.18,47.18,47.15,47.18,745
2022-04-12 06:15:00,47.1,47.1,47.05,47.05,559
2022-04-12 06:20:00,47.01,47.01,47.0,47.0,200
2022-04-12 06:25:00,46.99,46.99,46.99,46.99,342
2022-04-12 06:30:00,46.97,46.97,46.96,46.96,267
2022-04-12 06:35:00,46.83,46.83,46.83,46.83,220
2022-04-12 06:45:00,46.95,46.95,46.95,46.95,892
2022-04-12 06:50:00,46.89,46.89,46.86,46.86,1983
2022-04-12 06:55:00,46.85,46.86,46.85,46.86,1050
2022-04-12 07:00:00,46.85,46.87,46.8,46.82,1315
2022-04-12 07:05:00,46.84,46.84,46.72,46.75,14966
2022-04-12 07:10:00,46.72,46.72,46.68,46.7,3541
2022-04-12 07:15:00,46.74,46.8,46.7,46.8,9353
2022-04-12 07:20:00,46.8,46.84,46.8,46.84,1102
2022-04-12 07:25:00,46.83,47.0,46.83,47.0,5240
2022-04-12 07:30:00,47.05,47.05,46.95,47.0,4361
2022-04-12 07:35:00,47.03,47.03,46.98,47.0,1551
2022-04-12 07:40:00,46.97,46.97,46.92,46.97,2400
2022-04-12 07:45:00,47.01,47.11,47.01,47.07,14811
2022-04-12 07:50:00,47.09,47.19,47.09,47.19,9030
2022-04-12 07:55:00,47.18,47.2,47.1,47.12,3020
2022-04-12 08:00:00,47.03,47.19,46.69,46.89,94095
2022-04-12 08:05:00,46.85,47.13,46.8,47.13,14703
2022-04-12 08:10:00,47.13,47.14,47.06,47.07,5150
2022-04-12 08:15:00,47.03,47.09,47.02,47.07,11295
2022-04-12 08:20:00,47.07,47.11,47.03,47.03,13728
2022-04-12 08:25:00,47.03,47.034,46.9,46.9,18793
2022-04-12 08:30:00,47.1,47.47,46.99,47.29,83742
2022-04-12 08:35:00,47.26,47.4,47.2,47.38,54644
2022-04-12 08:40:00,47.37,47.42,47.32,47.41,33837
2022-04-12 08:45:00,47.42,47.7,47.42,47.7,91836
2022-04-12 08:50:00,47.7,47.77,47.61,47.77,88630
2022-04-12 08:55:00,47.72,48.0,47.72,47.95,150589
2022-04-12 09:00:00,47.93,47.93,47.79,47.85,44629
2022-04-12 09:05:00,47.82,47.87,47.72,47.73,47096
2022-04-12 09:10:00,47.74,47.75,47.63,47.6599,48797
2022-04-12 09:15:00,47.65,47.86,47.65,47.72,42213
2022-04-12 09:20:00,47.7,47.72,47.52,47.7,41587
2022-04-12 09:25:00,47.69,47.69,47.05,47.06,67460
2022-04-12 09:30:00,47.03,47.55,46.39,46.6599,1622923
2022-04-12 09:35:00,46.66,46.8,45.95,46.04,1506377
2022-04-12 09:40:00,46.05,46.18,45.8,45.935,1581343
2022-04-12 09:45:00,45.94,46.32,45.62,46.0658,1720664
2022-04-12 09:50:00,46.05,46.43,46.03,46.35,1193718
2022-04-12 09:55:00,46.35,46.92,46.3001,46.9,1509306
2022-04-12 10:00:00,46.89,46.94,46.51,46.73,1090975
2022-04-12 10:05:00,46.74,46.77,46.3,46.43,1291214
2022-04-12 10:10:00,46.44,46.78,46.35,46.5,1055124
2022-04-12 10:15:00,46.49,46.5,46.0404,46.0901,1364577
2022-04-12 10:20:00,46.095,46.24,45.86,45.9999,889731
2022-04-12 10:25:00,45.9801,46.16,45.9,46.03,899215
2022-04-12 10:30:00,46.04,46.06,45.85,45.9281,708694
2022-04-12 10:35:00,45.9198,45.93,45.68,45.78,663355
2022-04-12 10:40:00,45.77,45.88,45.6416,45.87,718701
2022-04-12 10:45:00,45.865,46.0297,45.57,45.6544,943879
2022-04-12 10:50:00,45.655,45.7,45.47,45.552,839550
2022-04-12 10:55:00,45.55,45.77,45.47,45.71,784938
2022-04-12 11:00:00,45.71,45.91,45.51,45.7871,722919
2022-04-12 11:05:00,45.785,45.84,45.5701,45.625,685470
2022-04-12 11:10:00,45.6299,45.77,45.5507,45.656,711616
2022-04-12 11:15:00,45.65,45.69,45.5,45.55,587159
2022-04-12 11:20:00,45.56,45.8,45.51,45.775,691024
2022-04-12 11:25:00,45.8,46.0099,45.7796,45.953,690876
2022-04-12 11:30:00,45.955,46.07,45.92,45.955,744960
2022-04-12 11:35:00,45.96,46.16,45.9,46.16,766115
2022-04-12 11:40:00,46.165,46.195,46.04,46.12,490604
2022-04-12 11:45:00,46.12,46.135,45.93,45.99,517577
2022-04-12 11:50:00,45.981,46.18,45.93,46.11,483747
2022-04-12 11:55:00,46.13,46.135,45.85,45.941,538260
2022-04-12 12:00:00,45.938,45.9614,45.79,45.86,396046
2022-04-12 12:05:00,45.8736,45.89,45.7231,45.8001,292010
2022-04-12 12:10:00,45.8,45.85,45.73,45.8462,285428
2022-04-12 12:15:00,45.8457,46.14,45.82,46.03,664954
2022-04-12 12:20:00,46.0,46.04,45.8,45.8299,382122
2022-04-12 12:25:00,45.8,45.8,45.65,45.72,535845
2022-04-12 12:30:00,45.71,45.8051,45.62,45.6701,506925
2022-04-12 12:35:00,45.67,45.84,45.65,45.7631,483310
2022-04-12 12:40:00,45.77,45.85,45.68,45.77,305913
2022-04-12 12:45:00,45.78,45.825,45.69,45.76,319405
2022-04-12 12:50:00,45.76,45.91,45.6501,45.755,462953
2022-04-12 12:55:00,45.7527,45.8,45.7,45.73,250258
2022-04-12 13:00:00,45.72,45.75,45.5687,45.605,418941
2022-04-12 13:05:00,45.61,45.67,45.49,45.53,390424
2022-04-12 13:10:00,45.525,45.705,45.51,45.595,371261
2022-04-12 13:15:00,45.59,45.67,45.47,45.65,500140
2022-04-12 13:20:00,45.65,45.74,45.495,45.575,387347
2022-04-12 13:25:00,45.57,45.57,45.28,45.3508,586817
2022-04-12 13:30:00,45.3587,45.436,45.25,45.37,594786
2022-04-12 13:35:00,45.35,45.44,45.1937,45.22,546416
2022-04-12 13:40:00,45.22,45.2953,45.1,45.16,594678
2022-04-12 13:45:00,45.152,45.32,45.11,45.305,584640
2022-04-12 13:50:00,45.3001,45.307,45.1699,45.18,478400
2022-04-12 13:55:00,45.18,45.18,45.04,45.1414,667931
2022-04-12 14:00:00,45.14,45.3,45.05,45.2612,539497
2022-04-12 14:05:00,45.25,45.31,45.175,45.225,516968
2022-04-12 14:10:00,45.225,45.225,44.96,44.9976,778466
2022-04-12 14:15:00,44.99,45.06,44.8,44.93,841430
2022-04-12 14:20:00,44.933,45.0,44.8635,44.875,494129
2022-04-12 14:25:00,44.87,44.9,44.81,44.875,383577
2022-04-12 14:30:00,44.87,45.105,44.87,44.97,659233
2022-04-12 14:35:00,44.97,45.08,44.885,44.8957,551685
2022-04-12 14:40:00,44.9,44.95,44.83,44.9199,411696
2022-04-12 14:45:00,44.9102,45.11,44.9102,45.0701,620705
2022-04-12 14:50:00,45.07,45.07,44.9,44.96,447051
2022-04-12 14:55:00,44.963,45.05,44.85,44.905,386683
2022-04-12 15:00:00,44.9,44.99,44.74,44.76,690539
2022-04-12 15:05:00,44.765,44.805,44.66,44.71,570365
2022-04-12 15:10:00,44.7047,44.77,44.63,44.6542,593616
2022-04-12 15:15:00,44.65,44.695,44.58,44.68,524674
2022-04-12 15:20:00,44.6843,44.77,44.59,44.6099,553853
2022-04-12 15:25:00,44.59,44.62,44.48,44.57,740711
2022-04-12 15:30:00,44.555,44.56,44.45,44.495,715380
2022-04-12 15:35:00,44.49,44.64,44.44,44.605,759608
2022-04-12 15:40:00,44.6,44.67,44.5001,44.51,737040
2022-04-12 15:45:00,44.51,44.68,44.4501,44.6726,970896
2022-04-12 15:50:00,44.68,44.68,44.475,44.54,890123
2022-04-12 15:55:00,44.55,44.58,44.46,44.4899,1315199
2022-04-12 16:00:00,44.48,44.65,44.48,44.56,891814
2022-04-12 16:05:00,44.5001,44.61,44.48,44.58,13887
2022-04-12 16:10:00,44.55,44.57,44.51,44.53,11021
2022-04-12 16:15:00,44.53,44.53,44.5,44.5,6306
2022-04-12 16:20:00,44.5,44.53,44.48,44.49,13135
2022-04-12 16:25:00,44.42,44.5,44.41,44.46,8661
2022-04-12 16:30:00,44.44,44.54,44.44,44.54,16996
2022-04-12 16:35:00,44.53,44.68,44.52,44.55,21294
2022-04-12 16:40:00,44.55,44.58,44.52,44.54,4855
2022-04-12 16:45:00,44.54,44.54,44.48,44.49,2653
2022-04-12 16:50:00,44.5,44.55,44.5,44.5,5821
2022-04-12 16:55:00,44.5,44.57,44.5,44.5,1647
2022-04-12 17:00:00,44.5,44.57,44.5,44.5,5105
2022-04-12 17:05:00,44.5,44.5,44.48,44.48,480
2022-04-12 17:10:00,44.48,44.56,44.48,44.53,1844
2022-04-12 17:15:00,44.54,44.55,44.54,44.55,2518
2022-04-12 17:20:00,44.53,44.57,44.5,44.56,3414
2022-04-12 17:25:00,44.57,44.57,44.5,44.5,1100
2022-04-12 17:30:00,44.5,44.58,44.49,44.58,4915
2022-04-12 17:35:00,44.57,44.57,44.55,44.57,3121
2022-04-12 17:40:00,44.52,44.52,44.52,44.52,3371
2022-04-12 17:45:00,44.5201,44.57,44.52,44.52,2875
2022-04-12 17:50:00,44.56,44.56,44.54,44.54,749
2022-04-12 18:00:00,44.5401,44.57,44.5401,44.56,12600
2022-04-12 18:05:00,44.56,44.64,44.56,44.64,12336
2022-04-12 18:10:00,44.57,44.57,44.57,44.57,428
2022-04-12 18:15:00,44.6399,44.64,44.63,44.64,4115
2022-04-12 18:20:00,44.67,44.67,44.56,44.6,5193
2022-04-12 18:25:00,44.56,44.64,44.55,44.55,2600
2022-04-12 18:30:00,44.54,44.55,44.54,44.55,1810
2022-04-12 18:35:00,44.57,44.57,44.57,44.57,200
2022-04-12 18:40:00,44.58,44.58,44.55,44.55,501
2022-04-12 18:45:00,44.58,44.63,44.54,44.58,6489
2022-04-12 18:50:00,44.58,44.63,44.56,44.63,4155
2022-04-12 18:55:00,44.55,44.64,44.54,44.64,7380
2022-04-12 19:00:00,44.6,44.64,44.6,44.6,4788
2022-04-12 19:05:00,44.59,44.67,44.59,44.67,3605
2022-04-12 19:10:00,44.6,44.63,44.54,44.6,6410
2022-04-12 19:15:00,44.6,44.73,44.6,44.73,5114
2022-04-12 19:20:00,44.66,44.71,44.66,44.7,2743
2022-04-12 19:25:00,44.65,44.69,44.65,44.67,1206
2022-04-12 19:30:00,44.66,44.71,44.66,44.66,1641
2022-04-12 19:35:00,44.68,44.74,44.65,44.65,5890
2022-04-12 19:40:00,44.67,44.67,44.61,44.61,1405
2022-04-12 19:45:00,44.6,44.67,44.6,44.67,1763
2022-04-12 19:50:00,44.6,44.67,44.54,44.65,7226
2022-04-12 19:55:00,44.65,44.65,44.58,44.6,7871
2022-04-13 04:00:00,44.89,45.35,44.89,45.2,7047
2022-04-13 04:05:00,45.02,45.1,44.95,45.05,3965
2022-04-13 04:10:00,44.95,44.95,44.9,44.9,4250
2022-04-13 04:15:00,44.96,44.96,44.93,44.93,765
2022-04-13 04:25:00,44.95,44.96,44.95,44.95,1040
2022-04-13 04:30:00,44.94,44.94,44.93,44.93,654
2022-04-13 04:35:00,44.9,44.9,44.89,44.89,2149
2022-04-13 04:40:00,44.98,45.0,44.98,45.0,200
2022-04-13 04:45:00,45.0,45.02,44.75,44.78,2748
2022-04-13 04:50:00,44.9,44.9,44.8,44.8,300
2022-04-13 05:00:00,44.9,44.9,44.9,44.9,100
2022-04-13 05:10:00,44.9,44.9,44.9,44.9,3028
2022-04-13 05:15:00,44.85,44.85,44.85,44.85,450
2022-04-13 05:20:00,44.84,45.07,44.84,44.95,2451
2022-04-13 05:30:00,44.83,44.85,44.83,44.83,1176
2022-04-13 05:40:00,44.83,44.83,44.71,44.71,1753
2022-04-13 05:45:00,44.71,44.71,44.71,44.71,100
2022-04-13 05:55:00,44.72,44.73,44.58,44.58,1402
2022-04-13 06:00:00,44.65,44.65,44.65,44.65,155
2022-04-13 06:20:00,44.79,44.79,44.79,44.79,127
2022-04-13 06:50:00,44.75,44.75,44.75,44.75,200
2022-04-13 07:00:00,44.93,45.0,44.88,45.0,7098
2022-04-13 07:05:00,44.99,45.06,44.95,45.06,16128
2022-04-13 07:10:00,45.02,45.02,44.98,44.98,1119
2022-04-13 07:15:00,44.98,44.98,44.96,44.96,4915
2022-04-13 07:25:00,44.97,45.2,44.9,45.06,15390
2022-04-13 07:30:00,44.91,45.1,44.91,44.91,20741
2022-04-13 07:35:00,44.9,44.96,44.9,44.93,7428
2022-04-13 07:40:00,44.92,44.96,44.8,44.8,8091
2022-04-13 07:45:00,44.82,44.84,44.73,44.75,6227
2022-04-13 07:50:00,44.73,44.73,44.72,44.73,820
2022-04-13 07:55:00,44.73,44.73,44.7,44.7,3830
2022-04-13 08:00:00,44.9,45.16,44.6,44.7,113522
2022-04-13 08:05:00,44.7,44.72,44.6499,44.6499,38289
2022-04-13 08:10:00,44.61,44.75,44.61,44.75,18129
2022-04-13 08:15:00,44.75,44.75,44.7002,44.72,6982
2022-04-13 08:20:00,44.74,44.75,44.65,44.67,28107
2022-04-13 08:25:00,44.65,44.68,44.6401,44.6699,19633
2022-04-13 08:30:00,44.67,44.74,44.6,44.71,7431
2022-04-13 08:35:00,44.68,44.7,44.62,44.68,9621
2022-04-13 08:40:00,44.66,44.8713,44.66,44.73,19358
2022-04-13 08:45:00,44.8,44.8899,44.8,44.85,32605
2022-04-13 08:50:00,44.85,44.87,44.75,44.75,15596
2022-04-13 08:55:00,44.75,44.82,44.75,44.78,10474
2022-04-13 09:00:00,44.78,44.8799,44.715,44.8799,8706
2022-04-13 09:05:00,44.88,44.9,44.77,44.77,12574
2022-04-13 09:10:00,44.8,44.87,44.49,44.67,45851
2022-04-13 09:15:00,44.7001,44.79,44.55,44.65,19318
2022-04-13 09:20:00,44.65,44.65,44.6201,44.65,14488
2022-04-13 09:25:00,44.65,45.14,44.64,44.889,40529
2022-04-13 09:30:00,44.8,45.26,44.55,45.13,1699228
2022-04-13 09:35:00,45.16,45.69,45.16,45.3966,1474020
2022-04-13 09:40:00,45.4,45.86,45.24,45.63,1290732
2022-04-13 09:45:00,45.62,46.07,45.6,45.7158,1271956
2022-04-13 09:50:00,45.71,45.95,45.61,45.785,874661
2022-04-13 09:55:00,45.78,46.04,45.6,45.7999,1006678
2022-04-13 10:00:00,45.8001,45.96,45.6,45.915,752254
2022-04-13 10:05:00,45.92,46.06,45.77,45.89,823919
2022-04-13 10:10:00,45.87,46.0799,45.8077,45.875,708190
2022-04-13 10:15:00,45.875,46.2211,45.8701,46.0835,842014
2022-04-13 10:20:00,46.0824,46.2073,46.015,46.12,532845
2022-04-13 10:25:00,46.125,46.18,45.92,45.93,483581
2022-04-13 10:30:00,45.935,46.2291,45.85,46.16,712820
2022-04-13 10:35:00,46.15,46.33,46.06,46.122,820994
2022-04-13 10:40:00,46.12,46.285,46.01,46.16,606989
2022-04-13 10:45:00,46.1649,46.29,46.09,46.112,583644
2022-04-13 10:50:00,46.11,46.29,46.1,46.19,475602
2022-04-13 10:55:00,46.19,46.22,46.01,46.04,503143
2022-04-13 11:00:00,46.045,46.18,45.95,46.01,648506
2022-04-13 11:05:00,46.005,46.07,45.89,45.8957,584239
2022-04-13 11:10:00,45.89,45.95,45.84,45.91,500582
2022-04-13 11:15:00,45.91,46.02,45.81,45.855,489616
2022-04-13 11:20:00,45.8581,45.98,45.8324,45.8499,397882
2022-04-13 11:25:00,45.85,45.9405,45.75,45.7616,502418
2022-04-13 11:30:00,45.78,46.1165,45.78,46.05,666380
2022-04-13 11:35:00,46.06,46.1,45.78,45.84,557243
2022-04-13 11:40:00,45.85,45.9,45.645,45.645,545591
2022-04-13 11:45:00,45.64,45.79,45.61,45.78,603442
2022-04-13 11:50:00,45.775,45.775,45.64,45.665,376756
2022-04-13 11:55:00,45.66,45.75,45.61,45.6838,393187
2022-04-13 12:00:00,45.685,45.705,45.52,45.59,491863
2022-04-13 12:05:00,45.5681,45.62,45.52,45.53,241520
2022-04-13 12:10:00,45.52,45.63,45.45,45.61,704751
2022-04-13 12:15:00,45.61,45.68,45.525,45.6317,318742
2022-04-13 12:20:00,45.63,45.74,45.555,45.74,349249
2022-04-13 12:25:00,45.735,45.805,45.6,45.62,432708
2022-04-13 12:30:00,45.6299,45.79,45.575,45.745,448464
2022-04-13 12:35:00,45.74,45.8,45.7221,45.758,246829
2022-04-13 12:40:00,45.755,45.95,45.7301,45.9001,499124
2022-04-13 12:45:00,45.905,45.925,45.76,45.87,364880
2022-04-13 12:50:00,45.865,45.92,45.78,45.8129,202692
2022-04-13 12:55:00,45.812,45.91,45.76,45.91,241327
2022-04-13 13:00:00,45.915,45.925,45.71,45.715,240974
2022-04-13 13:05:00,45.71,45.76,45.66,45.73,249553
2022-04-13 13:10:00,45.73,45.74,45.6185,45.65,290484
2022-04-13 13:15:00,45.65,45.68,45.54,45.5574,314743
2022-04-13 13:20:00,45.555,45.67,45.495,45.6522,377765
2022-04-13 13:25:00,45.655,45.83,45.65,45.79,548071
2022-04-13 13:30:00,45.79,45.86,45.7,45.71,329843
2022-04-13 13:35:00,45.71,45.89,45.705,45.77,368457
2022-04-13 13:40:00,45.77,45.78,45.64,45.7014,272486
2022-04-13 13:45:00,45.7024,45.73,45.57,45.6324,188834
2022-04-13 13:50:00,45.635,45.68,45.53,45.63,327485
2022-04-13 13:55:00,45.6306,45.6599,45.58,45.6284,209605
2022-04-13 14:00:00,45.6265,45.63,45.5,45.53,324252
2022-04-13 14:05:00,45.5201,45.7,45.45,45.6301,470006
2022-04-13 14:10:00,45.63,45.635,45.43,45.52,287403
2022-04-13 14:15:00,45.52,45.59,45.5043,45.5701,196285
2022-04-13 14:20:00,45.57,45.69,45.53,45.5598,270867
2022-04-13 14:25:00,45.56,45.59,45.42,45.455,288665
2022-04-13 14:30:00,45.45,45.5,45.43,45.46,248047
2022-04-13 14:35:00,45.46,45.54,45.3887,45.3997,401648
2022-04-13 14:40:00,45.4,45.48,45.37,45.4123,222614
2022-04-13 14:45:00,45.42,45.54,45.41,45.5099,292191
2022-04-13 14:50:00,45.51,45.56,45.465,45.505,276364
2022-04-13 14:55:00,45.5,45.5299,45.41,45.4102,266712
2022-04-13 15:00:00,45.42,45.45,45.33,45.4075,388370
2022-04-13 15:05:00,45.4,45.545,45.38,45.5122,372224
2022-04-13 15:10:00,45.515,45.53,45.46,45.495,190548
2022-04-13 15:15:00,45.5,45.55,45.5,45.5425,254184
2022-04-13 15:20:00,45.54,45.55,45.47,45.48,233193
2022-04-13 15:25:00,45.49,45.54,45.48,45.5,252772
2022-04-13 15:30:00,45.505,45.7,45.49,45.6599,472893
2022-04-13 15:35:00,45.66,45.805,45.6433,45.775,603313
2022-04-13 15:40:00,45.77,45.809,45.7001,45.7547,422878
2022-04-13 15:45:00,45.76,45.86,45.725,45.765,518629
2022-04-13 15:50:00,45.77,45.78,45.68,45.725,579045
2022-04-13 15:55:00,45.72,45.875,45.695,45.86,906620
2022-04-13 16:00:00,45.8,45.89,45.75,45.85,1053279
2022-04-13 16:05:00,45.8,45.88,45.76,45.81,7897
2022-04-13 16:10:00,45.81,45.85,45.81,45.85,4297
2022-04-13 16:15:00,45.8101,45.85,45.81,45.85,3981
2022-04-13 16:20:00,45.83,45.83,45.8,45.81,14586
2022-04-13 16:25:00,45.8,45.83,45.8,45.8299,993
2022-04-13 16:30:00,45.83,45.84,45.78,45.82,5010
2022-04-13 16:35:00,45.85,45.85,45.78,45.8,3994
2022-04-13 16:40:00,45.84,45.84,45.8,45.8,17404
2022-04-13 16:45:00,45.85,45.88,45.8499,45.88,8382
2022-04-13 16:50:00,45.85,45.88,45.85,45.85,891
2022-04-13 16:55:00,45.879,45.879,45.85,45.85,500
2022-04-13 17:00:00,45.8,45.8,45.8,45.8,989
2022-04-13 17:10:00,45.838,45.84,45.8,45.8399,1457
2022-04-13 17:15:00,45.84,45.85,45.84,45.85,6200
2022-04-13 17:20:00,45.8,45.8,45.8,45.8,500
2022-04-13 17:25:00,45.8495,45.85,45.8495,45.85,1070
2022-04-13 17:35:00,45.8,45.8111,45.8,45.8111,700
2022-04-13 17:40:00,45.8,45.8,45.8,45.8,100
2022-04-13 17:45:00,45.8,45.82,45.8,45.82,1510
2022-04-13 17:50:00,45.8,45.82,45.8,45.82,2620
2022-04-13 17:55:00,45.82,45.85,45.8,45.8,2900
2022-04-13 18:00:00,45.84,45.85,45.8,45.8,4998
2022-04-13 18:05:00,45.8,45.85,45.8,45.85,1012
2022-04-13 18:10:00,45.82,45.82,45.82,45.82,100
2022-04-13 18:15:00,45.82,45.88,45.82,45.88,1099
2022-04-13 18:25:00,45.83,45.83,45.83,45.83,4600
2022-04-13 18:30:00,45.85,45.85,45.85,45.85,900
2022-04-13 18:35:00,45.83,45.88,45.83,45.88,1100
2022-04-13 18:40:00,45.87,45.88,45.82,45.82,2446
2022-04-13 18:50:00,45.85,45.8899,45.82,45.82,10965
2022-04-13 18:55:00,45.9,45.9,45.9,45.9,370
2022-04-13 19:00:00,45.89,45.89,45.89,45.89,100
2022-04-13 19:05:00,45.88,45.88,45.84,45.84,420
2022-04-13 19:10:00,45.84,45.8899,45.84,45.8899,3100
2022-04-13 19:20:00,45.89,45.89,45.89,45.89,1000
2022-04-13 19:25:00,45.89,45.89,45.81,45.81,1318
2022-04-13 19:40:00,45.86,45.86,45.84,45.84,921
2022-04-13 19:45:00,45.87,45.87,45.82,45.82,5125
2022-04-13 19:55:00,45.85,45.87,45.8,45.8,8174
2022-04-14 04:00:00,46.0,46.03,46.0,46.03,250
2022-04-14 04:05:00,46.03,46.03,45.95,45.95,389
2022-04-14 04:10:00,46.02,46.02,46.02,46.02,400
2022-04-14 04:20:00,45.99,46.0,45.99,46.0,882
2022-04-14 04:25:00,46.06,46.06,45.95,45.95,742
2022-04-14 04:40:00,45.81,45.81,45.8,45.8,600
2022-04-14 04:50:00,45.81,45.81,45.81,45.81,200
2022-04-14 05:00:00,45.8,45.8,45.8,45.8,181
2022-04-14 05:05:00,45.79,45.8,45.79,45.8,549
2022-04-14 05:10:00,45.82,45.82,45.81,45.81,1102
2022-04-14 05:20:00,45.67,45.67,45.67,45.67,291
2022-04-14 05:35:00,45.8,45.8,45.8,45.8,150
2022-04-14 05:45:00,45.67,45.67,45.67,45.67,200
2022-04-14 05:50:00,45.7,45.7,45.7,45.7,100
2022-04-14 05:55:00,45.7,45.7,45.7,45.7,200
2022-04-14 06:00:00,45.76,45.86,45.76,45.86,3624
2022-04-14 06:05:00,45.94,45.99,45.94,45.99,976
2022-04-14 06:10:00,45.98,53.99,45.98,51.74,152912
2022-04-14 06:15:00,51.74,52.14,51.21,51.5,386871
2022-04-14 06:20:00,51.45,51.6,50.93,51.1,266416
2022-04-14 06:25:00,51.04,51.37,50.9,50.93,227207
2022-04-14 06:30:00,50.91,51.18,50.7,51.18,138470
2022-04-14 06:35:00,51.18,51.87,51.1,51.65,278092
2022-04-14 06:40:00,51.62,51.75,51.4,51.41,196652
2022-04-14 06:45:00,51.41,51.5,51.01,51.01,132413
2022-04-14 06:50:00,51.03,51.3,50.95,51.25,251617
2022-04-14 06:55:00,51.23,51.23,50.62,50.7,127909
2022-04-14 07:00:00,50.78,51.0,50.5,50.96,458363
2022-04-14 07:05:00,50.95,50.98,50.75,50.76,287760
2022-04-14 07:10:00,50.79,50.98,50.56,50.77,610337
2022-04-14 07:15:00,50.76,50.8,50.58,50.75,521420
2022-04-14 07:20:00,50.75,50.8,50.65,50.67,592558
2022-04-14 07:25:00,50.68,50.68,49.82,49.95,639565
2022-04-14 07:30:00,49.94,49.96,48.96,49.06,760183
2022-04-14 07:35:00,49.02,49.18,48.5,48.67,852622
2022-04-14 07:40:00,48.67,49.12,48.62,49.0,699868
2022-04-14 07:45:00,48.99,49.12,48.8,48.94,846769
2022-04-14 07:50:00,48.96,49.18,48.75,48.96,448380
2022-04-14 07:55:00,48.95,49.0,48.9,48.98,297949
2022-04-14 08:00:00,48.98,51.6988,48.65,48.93,2985186
2022-04-14 08:05:00,48.94,49.01,48.81,48.94,953261
2022-04-14 08:10:00,48.94,49.0,48.65,48.68,707366
2022-04-14 08:15:00,48.68,48.74,47.92,48.0,1266057
2022-04-14 08:20:00,48.0,48.75,47.77,48.71,971011
2022-04-14 08:25:00,48.71,48.94,48.53,48.86,641008
2022-04-14 08:30:00,48.87,49.0,48.66,48.7,764537
2022-04-14 08:35:00,48.7,48.75,48.34,48.65,563132
2022-04-14 08:40:00,48.63,48.89,48.52,48.8,490145
2022-04-14 08:45:00,48.78,49.0,48.55,48.94,589657
2022-04-14 08:50:00,48.95,49.32,48.65,49.03,987406
2022-04-14 08:55:00,49.04,49.05,48.5,48.9,723954
2022-04-14 09:00:00,48.92,49.25,48.72,48.97,659604
2022-04-14 09:05:00,48.97,49.1,48.61,48.7399,732774
2022-04-14 09:10:00,48.71,48.9,48.11,48.38,1056192
2022-04-14 09:15:00,48.38,48.5,48.02,48.28,784917
2022-04-14 09:20:00,48.29,48.4,48.15,48.1901,572369
2022-04-14 09:25:00,48.2,48.59,48.1,48.42,904190
2022-04-14 09:30:00,48.37,48.5,47.3,47.6,9963807
2022-04-14 09:35:00,47.595,47.64,46.84,46.94,7256549
2022-04-14 09:40:00,46.935,47.07,46.57,46.8,5189800
2022-04-14 09:45:00,46.79,47.0,46.56,46.85,4153536
2022-04-14 09:50:00,46.865,47.18,46.76,47.16,3855048
2022-04-14 09:55:00,47.15,47.41,47.05,47.33,3894462
2022-04-14 10:00:00,47.33,48.0,47.31,47.806,5035659
2022-04-14 10:05:00,47.8004,47.94,47.41,47.63,3835228
2022-04-14 10:10:00,47.6405,47.65,47.22,47.47,3098172
2022-04-14 10:15:00,47.47,47.475,47.16,47.275,2379174
2022-04-14 10:20:00,47.265,47.265,46.91,47.058,2594352
2022-04-14 10:25:00,47.05,47.07,46.6,46.79,2421233
2022-04-14 10:30:00,46.8,47.2,46.68,47.08,2923501
2022-04-14 10:35:00,47.08,47.28,46.71,47.25,2589727
2022-04-14 10:40:00,47.2451,47.55,47.1,47.2,3788023
2022-04-14 10:45:00,47.2,47.4,46.91,47.063,2686898
2022-04-14 10:50:00,47.0699,47.0881,46.33,47.01,3979141
2022-04-14 10:55:00,47.0001,47.03,46.6,46.72,2511362
2022-04-14 11:00:00,46.71,46.78,46.48,46.62,1755546
2022-04-14 11:05:00,46.62,46.78,46.4,46.73,2203732
2022-04-14 11:10:00,46.735,46.83,46.36,46.3956,2293949
2022-04-14 11:15:00,46.4,46.5599,46.26,46.485,1843124
2022-04-14 11:20:00,46.485,46.53,46.285,46.53,1651397
2022-04-14 11:25:00,46.525,46.56,46.26,46.3278,1561461
2022-04-14 11:30:00,46.3299,46.42,46.11,46.1405,1937621
2022-04-14 11:35:00,46.1499,46.155,45.89,45.935,2746219
2022-04-14 11:40:00,45.94,46.07,45.45,45.4601,3582863
2022-04-14 11:45:00,45.4601,45.795,45.46,45.715,2250756
2022-04-14 11:50:00,45.72,45.77,45.21,45.32,3474292
2022-04-14 11:55:00,45.3185,45.71,45.24,45.6699,2836134
2022-04-14 12:00:00,45.65,45.9057,45.49,45.595,3233859
2022-04-14 12:05:00,45.6,45.775,45.53,45.6339,1962042
2022-04-14 12:10:00,45.625,45.71,45.32,45.367,2272785
2022-04-14 12:15:00,45.3722,45.68,45.37,45.6779,1434649
2022-04-14 12:20:00,45.678,45.79,45.47,45.79,1695745
2022-04-14 12:25:00,45.7897,45.8,45.54,45.7476,1475349
2022-04-14 12:30:00,45.74,46.24,45.66,46.0927,3189573
2022-04-14 12:35:00,46.0999,46.33,46.04,46.2299,2433988
2022-04-14 12:40:00,46.225,46.38,46.14,46.32,2127712
2022-04-14 12:45:00,46.325,46.33,45.94,46.13,1847461
2022-04-14 12:50:00,46.1325,46.9,46.0256,46.7299,2583754
2022-04-14 12:55:00,46.725,47.03,46.48,46.895,5532111
2022-04-14 13:00:00,46.9,47.07,46.52,46.8799,3596001
2022-04-14 13:05:00,46.86,46.99,46.67,46.672,2338403
2022-04-14 13:10:00,46.68,46.96,46.63,46.7277,2241389
2022-04-14 13:15:00,46.74,46.83,46.6,46.6699,1906064
2022-04-14 13:20:00,46.6686,47.0,46.66,46.7946,2433369
2022-04-14 13:25:00,46.7917,46.88,45.88,46.1016,4650129
2022-04-14 13:30:00,46.105,46.29,45.67,45.68,2686050
2022-04-14 13:35:00,45.68,45.99,45.53,45.7102,3090649
2022-04-14 13:40:00,45.72,46.87,45.32,45.93,5875887
2022-04-14 13:45:00,45.93,46.22,45.6516,45.8,2831971
2022-04-14 13:50:00,45.8,45.89,45.51,45.7,2203757
2022-04-14 13:55:00,45.695,45.89,45.67,45.8257,1578988
2022-04-14 14:00:00,45.825,45.9941,45.67,45.849,1606192
2022-04-14 14:05:00,45.845,46.04,45.81,45.9,1506656
2022-04-14 14:10:00,45.8946,45.99,45.76,45.795,1560148
2022-04-14 14:15:00,45.8,45.88,45.735,45.7474,1110456
2022-04-14 14:20:00,45.74,45.74,45.532,45.5971,1279214
2022-04-14 14:25:00,45.5971,45.77,45.5101,45.6288,1161952
2022-04-14 14:30:00,45.6285,45.64,45.4,45.46,1114640
2022-04-14 14:35:00,45.465,45.49,45.29,45.459,1637174
2022-04-14 14:40:00,45.455,45.49,45.21,45.34,1734951
2022-04-14 14:45:00,45.3308,45.45,45.26,45.315,1368345
2022-04-14 14:50:00,45.315,45.39,45.12,45.1414,1382975
2022-04-14 14:55:00,45.14,45.1616,44.82,44.8399,2560377
2022-04-14 15:00:00,44.84,45.069,44.78,45.0061,2214430
2022-04-14 15:05:00,45.01,45.04,44.88,44.97,1546926
2022-04-14 15:10:00,44.9601,45.08,44.92,45.0,1312287
2022-04-14 15:15:00,44.9978,45.19,44.935,45.11,1660282
2022-04-14 15:20:00,45.11,45.155,44.98,44.995,1077863
2022-04-14 15:25:00,44.9957,45.0699,44.91,45.045,1504420
2022-04-14 15:30:00,45.05,45.11,44.92,44.9316,1119736
2022-04-14 15:35:00,44.935,45.09,44.93,45.0061,1262371
2022-04-14 15:40:00,45.01,45.07,44.94,45.0123,1027059
2022-04-14 15:45:00,45.02,45.07,44.8477,44.89,1384749
2022-04-14 15:50:00,44.88,45.015,44.72,44.98,2543177
2022-04-14 15:55:00,44.9826,45.09,44.975,45.0783,3081543
2022-04-14 16:00:00,45.09,46.1027,45.0,45.26,2793056
2022-04-14 16:05:00,45.26,45.4,45.19,45.27,138425
2022-04-14 16:10:00,45.25,45.31,45.15,45.2,72964
2022-04-14 16:15:00,45.23,45.3,45.18,45.21,86161
2022-04-14 16:20:00,45.25,45.35,45.08,45.32,55417
2022-04-14 16:25:00,45.32,45.47,45.26,45.46,99609
2022-04-14 16:30:00,45.47,45.58,45.3478,45.51,100173
2022-04-14 16:35:00,45.49,45.6,45.49,45.56,85683
2022-04-14 16:40:00,45.57,45.58,45.46,45.52,85051
2022-04-14 16:45:00,45.54,45.59,45.08,45.57,119730
2022-04-14 16:50:00,45.55,46.56,45.5,46.1,303494
2022-04-14 16:55:00,46.16,47.07,46.0,46.69,940177
2022-04-14 17:00:00,46.69,46.8,46.38,46.55,479431
2022-04-14 17:05:00,46.55,46.75,46.39,46.58,441571
2022-04-14 17:10:00,46.57,46.69,46.25,46.33,379874
2022-04-14 17:15:00,46.35,46.62,46.29,46.61,312635
2022-04-14 17:20:00,46.62,46.68,46.55,46.6,367614
2022-04-14 17:25:00,46.62,46.95,46.57,46.93,371578
2022-04-14 17:30:00,46.9,47.12,46.81,46.98,434086
2022-04-14 17:35:00,46.97,47.25,46.83,47.1,449747
2022-04-14 17:40:00,47.19,47.23,47.0,47.03,212075
2022-04-14 17:45:00,47.03,47.12,46.7,46.77,379501
2022-04-14 17:50:00,46.8,46.95,46.7,46.86,187951
2022-04-14 17:55:00,46.9,46.95,46.7,46.73,122488
2022-04-14 18:00:00,46.76,46.85,46.56,46.8,180475
2022-04-14 18:05:00,46.771,46.8,46.55,46.66,124460
2022-04-14 18:10:00,46.65,46.88,46.65,46.85,130276
2022-04-14 18:15:00,46.85,46.92,46.79,46.88,114798
2022-04-14 18:20:00,46.89,46.89,46.67,46.77,60118
2022-04-14 18:25:00,46.8,46.82,46.66,46.82,66592
2022-04-14 18:30:00,46.84,46.93,46.8,46.88,130553
2022-04-14 18:35:00,46.88,46.95,46.78,46.94,55725
2022-04-14 18:40:00,46.94,46.95,46.88,46.9,40177
2022-04-14 18:45:00,46.9,46.94,46.86,46.86,49562
2022-04-14 18:50:00,46.85,46.86,46.66,46.77,107867
2022-04-14 18:55:00,46.78,46.8,46.67,46.75,50827
2022-04-14 19:00:00,46.7201,46.79,46.71,46.76,29324
