2022-04-01 04:15:00,46.8,46.8,46.8,46.8,500
2022-04-01 04:20:00,46.8,46.8,46.8,46.8,500
2022-04-01 05:30:00,46.76,46.76,46.76,46.76,279
2022-04-01 07:00:00,46.69,46.74,46.68,46.71,1570
2022-04-01 07:10:00,46.72,46.75,46.72,46.75,693
2022-04-01 07:40:00,46.81,46.81,46.81,46.81,500
2022-04-01 07:50:00,46.77,46.87,46.75,46.87,6104
2022-04-01 07:55:00,46.8,46.83,46.79,46.79,745
2022-04-01 08:00:00,46.88,46.88,46.71,46.78,6112
2022-04-01 08:05:00,46.8499,46.8499,46.8499,46.8499,200
2022-04-01 08:10:00,46.78,46.84,46.78,46.78,9998
2022-04-01 08:15:00,46.8,46.81,46.72,46.72,3300
2022-04-01 08:20:00,46.75,46.75,46.7,46.7,3394
2022-04-01 08:25:00,46.71,46.73,46.36,46.36,904
2022-04-01 08:30:00,46.73,46.73,46.73,46.73,1000
2022-04-01 08:35:00,46.79,46.8,46.7101,46.8,1575
2022-04-01 08:50:00,46.79,46.79,46.77,46.77,3300
2022-04-01 08:55:00,46.71,46.7301,46.7,46.7,6451
2022-04-01 09:00:00,46.64,46.64,46.56,46.56,1395
2022-04-01 09:05:00,46.57,46.62,46.57,46.62,2831
2022-04-01 09:15:00,46.74,46.74,46.58,46.58,2221
2022-04-01 09:20:00,46.6699,46.6699,46.6,46.6,300
2022-04-01 09:25:00,46.53,46.58,46.52,46.52,2210
2022-04-01 09:30:00,46.52,46.64,46.31,46.3206,299331
2022-04-01 09:35:00,46.32,46.7126,46.2301,46.7,262405
2022-04-01 09:40:00,46.68,46.8,46.43,46.57,256220
2022-04-01 09:45:00,46.55,46.74,46.47,46.6,205152
2022-04-01 09:50:00,46.6,46.62,46.3899,46.53,193967
2022-04-01 09:55:00,46.52,46.8,46.45,46.8,121131
2022-04-01 10:00:00,46.77,46.77,46.5299,46.67,166652
2022-04-01 10:05:00,46.69,46.69,46.49,46.58,139076
2022-04-01 10:10:00,46.585,46.67,46.43,46.48,146081
2022-04-01 10:15:00,46.48,46.52,46.23,46.2591,119978
2022-04-01 10:20:00,46.24,46.31,46.15,46.16,141772
2022-04-01 10:25:00,46.16,46.24,46.06,46.19,128236
2022-04-01 10:30:00,46.19,46.325,46.155,46.305,139538
2022-04-01 10:35:00,46.315,46.3218,46.16,46.17,102432
2022-04-01 10:40:00,46.16,46.19,46.035,46.135,84143
2022-04-01 10:45:00,46.13,46.21,46.0652,46.11,104119
2022-04-01 10:50:00,46.11,46.155,46.045,46.08,52596
2022-04-01 10:55:00,46.075,46.11,45.98,46.0,96093
2022-04-01 11:00:00,46.05,46.153,46.05,46.08,59665
2022-04-01 11:05:00,46.085,46.23,46.06,46.18,62296
2022-04-01 11:10:00,46.16,46.195,46.08,46.14,41684
2022-04-01 11:15:00,46.12,46.14,46.035,46.1307,39507
2022-04-01 11:20:00,46.13,46.26,46.13,46.24,53766
2022-04-01 11:25:00,46.25,46.27,46.085,46.11,54776
2022-04-01 11:30:00,46.12,46.15,46.015,46.0299,113563
2022-04-01 11:35:00,46.015,46.02,45.8102,45.95,126418
2022-04-01 11:40:00,45.949,45.949,45.835,45.845,44835
2022-04-01 11:45:00,45.85,45.9802,45.8401,45.87,43815
2022-04-01 11:50:00,45.875,45.9959,45.87,45.9699,39859
2022-04-01 11:55:00,45.96,45.965,45.9,45.92,36464
2022-04-01 12:00:00,45.915,45.92,45.78,45.85,58414
2022-04-01 12:05:00,45.845,45.85,45.78,45.825,86276
2022-04-01 12:10:00,45.8299,45.88,45.815,45.87,32541
2022-04-01 12:15:00,45.87,45.9199,45.78,45.785,74911
2022-04-01 12:20:00,45.785,45.88,45.715,45.86,157476
2022-04-01 12:25:00,45.8644,45.98,45.8644,45.98,43958
2022-04-01 12:30:00,45.96,45.975,45.895,45.9208,60021
2022-04-01 12:35:00,45.91,45.93,45.815,45.855,35733
2022-04-01 12:40:00,45.85,45.94,45.81,45.92,37894
2022-04-01 12:45:00,45.91,45.94,45.87,45.93,37253
2022-04-01 12:50:00,45.94,45.97,45.9001,45.9601,56523
2022-04-01 12:55:00,45.96,46.02,45.96,46.01,73792
2022-04-01 13:00:00,45.985,46.03,45.88,45.9,40412
2022-04-01 13:05:00,45.91,45.93,45.86,45.865,61007
2022-04-01 13:10:00,45.865,45.8898,45.77,45.775,74256
2022-04-01 13:15:00,45.78,45.79,45.715,45.74,59849
2022-04-01 13:20:00,45.74,45.76,45.665,45.725,79840
2022-04-01 13:25:00,45.73,45.79,45.71,45.78,51088
2022-04-01 13:30:00,45.77,45.81,45.685,45.6999,76901
2022-04-01 13:35:00,45.7,45.885,45.6996,45.855,67141
2022-04-01 13:40:00,45.86,45.95,45.845,45.8754,110278
2022-04-01 13:45:00,45.86,45.905,45.84,45.882,51339
2022-04-01 13:50:00,45.88,45.88,45.76,45.7859,37573
2022-04-01 13:55:00,45.77,45.81,45.77,45.7903,44436
2022-04-01 14:00:00,45.79,45.84,45.75,45.83,74760
2022-04-01 14:05:00,45.83,45.86,45.795,45.84,54475
2022-04-01 14:10:00,45.83,45.9,45.78,45.9,74821
2022-04-01 14:15:00,45.9,45.91,45.86,45.87,45464
2022-04-01 14:20:00,45.87,45.87,45.81,45.815,42586
2022-04-01 14:25:00,45.81,45.93,45.8,45.93,78391
2022-04-01 14:30:00,45.93,46.065,45.925,46.065,98833
2022-04-01 14:35:00,46.055,46.06,45.94,45.965,106648
2022-04-01 14:40:00,45.97,46.015,45.91,45.94,70222
2022-04-01 14:45:00,45.95,45.98,45.89,45.89,52167
2022-04-01 14:50:00,45.89,45.89,45.79,45.795,48293
2022-04-01 14:55:00,45.805,45.875,45.79,45.865,47186
2022-04-01 15:00:00,45.86,46.0,45.855,45.975,86911
2022-04-01 15:05:00,45.97,46.03,45.925,45.94,81957
2022-04-01 15:10:00,45.935,45.94,45.815,45.87,69483
2022-04-01 15:15:00,45.87,45.895,45.695,45.705,84418
2022-04-01 15:20:00,45.7,45.7,45.605,45.63,170688
2022-04-01 15:25:00,45.63,45.7,45.62,45.695,115110
2022-04-01 15:30:00,45.695,45.75,45.615,45.65,132328
2022-04-01 15:35:00,45.645,45.67,45.57,45.6,192238
2022-04-01 15:40:00,45.6,45.715,45.59,45.635,198907
2022-04-01 15:45:00,45.63,45.71,45.605,45.705,187417
2022-04-01 15:50:00,45.71,45.92,45.71,45.8,303211
2022-04-01 15:55:00,45.79,45.85,45.76,45.78,439842
2022-04-01 16:00:00,45.78,45.81,45.78,45.78,449652
2022-04-01 16:05:00,45.76,45.76,45.76,45.76,380
2022-04-01 16:10:00,45.81,45.82,45.81,45.82,850
2022-04-01 16:20:00,45.75,45.75,45.75,45.75,3500
2022-04-01 16:25:00,45.7501,45.7501,45.75,45.75,1600
2022-04-01 16:30:00,45.78,45.78,45.78,45.78,557
2022-04-01 16:35:00,45.76,45.76,45.76,45.76,319
2022-04-01 16:40:00,45.78,45.78,45.78,45.78,1000
2022-04-01 16:55:00,45.7789,45.78,45.7789,45.78,389
2022-04-01 17:05:00,45.77,45.77,45.77,45.77,400
2022-04-01 17:10:00,45.76,45.78,45.76,45.78,1454
2022-04-01 17:15:00,45.77,45.78,45.77,45.78,371
2022-04-01 17:25:00,45.81,45.82,45.81,45.82,622
2022-04-01 17:30:00,45.82,45.82,45.8,45.8,260
2022-04-01 17:45:00,45.78,45.78,45.78,45.78,200
2022-04-01 18:15:00,45.77,45.77,45.77,45.77,350
2022-04-01 18:35:00,45.74,45.74,45.63,45.63,990
2022-04-01 18:50:00,45.77,45.77,45.77,45.77,134
2022-04-01 19:00:00,45.7,45.7,45.7,45.7,100
2022-04-01 19:35:00,45.71,45.71,45.71,45.71,126
2022-04-01 19:40:00,45.63,45.63,45.63,45.63,2000
2022-04-01 19:55:00,45.65,45.7,45.65,45.7,1158
2022-04-04 04:00:00,45.61,45.61,45.61,45.61,156
2022-04-04 04:05:00,45.61,45.61,45.61,45.61,140
2022-04-04 04:15:00,45.61,45.61,45.61,45.61,139
2022-04-04 05:00:00,45.94,45.94,45.94,45.94,100
2022-04-04 05:40:00,45.79,45.8,45.79,45.8,587
2022-04-04 06:10:00,45.95,45.95,45.95,45.95,160
2022-04-04 06:30:00,45.85,45.85,45.85,45.85,100
2022-04-04 06:35:00,45.72,45.72,45.71,45.71,2965
2022-04-04 06:50:00,45.92,45.92,45.92,45.92,100
2022-04-04 07:00:00,45.95,46.04,45.84,45.84,3062
2022-04-04 07:05:00,45.84,45.84,45.84,45.84,955
2022-04-04 07:10:00,45.8,45.8,45.8,45.8,850
2022-04-04 07:20:00,45.8,45.8,45.8,45.8,100
2022-04-04 07:45:00,45.81,45.81,45.8,45.8,300
2022-04-04 07:55:00,45.78,45.78,45.78,45.78,1999
2022-04-04 08:00:00,45.8399,45.8639,45.75,45.75,4100
2022-04-04 08:05:00,45.75,45.77,45.67,45.67,3807
2022-04-04 08:10:00,45.6401,45.66,45.64,45.64,6738
2022-04-04 08:15:00,45.63,45.64,45.63,45.64,1898
2022-04-04 08:20:00,45.7,45.7,45.7,45.7,100
2022-04-04 08:35:00,45.7,45.7,45.68,45.68,2900
2022-04-04 08:40:00,45.67,45.68,45.63,45.63,7100
2022-04-04 08:45:00,45.6268,45.6268,45.55,45.56,3316
2022-04-04 08:50:00,45.56,45.6,45.56,45.59,1527
2022-04-04 08:55:00,45.56,45.56,45.56,45.56,700
2022-04-04 09:00:00,45.56,45.56,45.53,45.53,1381
2022-04-04 09:05:00,45.54,45.54,45.5153,45.5153,1105
2022-04-04 09:10:00,45.51,45.5101,45.51,45.5101,12500
2022-04-04 09:15:00,45.5101,45.52,45.43,45.43,6898
2022-04-04 09:20:00,45.48,45.48,45.4499,45.48,3265
2022-04-04 09:30:00,45.53,45.53,44.826,44.84,496782
2022-04-04 09:35:00,44.835,44.8553,44.39,44.47,382620
2022-04-04 09:40:00,44.46,44.74,44.33,44.74,390640
2022-04-04 09:45:00,44.77,45.08,44.51,45.05,330937
2022-04-04 09:50:00,45.06,45.13,44.98,45.0,180366
2022-04-04 09:55:00,45.02,45.19,45.0,45.15,97789
2022-04-04 10:00:00,45.15,45.21,44.81,44.85,179441
2022-04-04 10:05:00,44.87,45.03,44.81,44.99,104176
2022-04-04 10:10:00,45.0,45.08,44.8,45.02,132825
2022-04-04 10:15:00,45.0,45.18,44.94,45.12,120575
2022-04-04 10:20:00,45.1209,45.18,45.0,45.13,75078
2022-04-04 10:25:00,45.1301,45.15,45.01,45.1,109972
2022-04-04 10:30:00,45.11,45.11,44.88,44.91,86406
2022-04-04 10:35:00,44.91,45.01,44.83,44.8778,125108
2022-04-04 10:40:00,44.88,44.89,44.75,44.85,122281
2022-04-04 10:45:00,44.86,45.055,44.82,45.02,81687
2022-04-04 10:50:00,45.01,45.15,44.935,45.1,63802
2022-04-04 10:55:00,45.0838,45.29,45.0838,45.17,150694
2022-04-04 11:00:00,45.16,45.385,45.13,45.37,74456
2022-04-04 11:05:00,45.37,45.5,45.32,45.46,72642
2022-04-04 11:10:00,45.44,45.46,45.33,45.445,112110
2022-04-04 11:15:00,45.44,45.46,45.305,45.45,62258
2022-04-04 11:20:00,45.44,45.55,45.405,45.525,125411
2022-04-04 11:25:00,45.53,45.67,45.5,45.67,65174
2022-04-04 11:30:00,45.67,45.775,45.64,45.64,85933
2022-04-04 11:35:00,45.63,45.725,45.535,45.6,79272
2022-04-04 11:40:00,45.6,45.6,45.445,45.475,94571
2022-04-04 11:45:00,45.475,45.52,45.415,45.43,45439
2022-04-04 11:50:00,45.4306,45.5599,45.41,45.51,42104
2022-04-04 11:55:00,45.51,45.54,45.485,45.51,44149
2022-04-04 12:00:00,45.51,45.54,45.47,45.535,65913
2022-04-04 12:05:00,45.54,45.66,45.54,45.63,61564
2022-04-04 12:10:00,45.62,45.705,45.61,45.705,40760
2022-04-04 12:15:00,45.69,45.77,45.68,45.7006,50653
2022-04-04 12:20:00,45.71,45.73,45.64,45.6423,44476
2022-04-04 12:25:00,45.645,45.74,45.615,45.71,53303
2022-04-04 12:30:00,45.7099,45.73,45.68,45.705,41228
2022-04-04 12:35:00,45.7007,45.79,45.685,45.705,80225
2022-04-04 12:40:00,45.7,45.75,45.65,45.73,58576
2022-04-04 12:45:00,45.735,45.85,45.735,45.785,67088
2022-04-04 12:50:00,45.7828,45.8158,45.75,45.81,53432
2022-04-04 12:55:00,45.805,45.81,45.76,45.765,53073
2022-04-04 13:00:00,45.76,45.805,45.73,45.8,43507
2022-04-04 13:05:00,45.8,45.8702,45.7798,45.8019,54886
2022-04-04 13:10:00,45.795,45.81,45.75,45.77,33213
2022-04-04 13:15:00,45.78,45.895,45.75,45.885,53800
2022-04-04 13:20:00,45.88,45.955,45.865,45.905,64588
2022-04-04 13:25:00,45.9,45.95,45.8897,45.91,43046
2022-04-04 13:30:00,45.9,45.915,45.8701,45.8701,22181
2022-04-04 13:35:00,45.87,45.88,45.82,45.83,23343
2022-04-04 13:40:00,45.84,45.87,45.78,45.855,38229
2022-04-04 13:45:00,45.86,45.87,45.79,45.81,49249
2022-04-04 13:50:00,45.81,45.91,45.775,45.8758,39191
2022-04-04 13:55:00,45.88,45.93,45.875,45.9283,43261
2022-04-04 14:00:00,45.92,45.92,45.845,45.85,57138
2022-04-04 14:05:00,45.86,45.865,45.715,45.74,73663
2022-04-04 14:10:00,45.735,45.8,45.73,45.79,41814
2022-04-04 14:15:00,45.791,45.96,45.79,45.925,68733
2022-04-04 14:20:00,45.92,45.94,45.883,45.94,34489
2022-04-04 14:25:00,45.93,45.99,45.92,45.985,46510
2022-04-04 14:30:00,45.98,45.9984,45.93,45.95,48441
2022-04-04 14:35:00,45.95,45.99,45.91,45.94,40530
2022-04-04 14:40:00,45.94,45.95,45.89,45.95,39456
2022-04-04 14:45:00,45.95,46.005,45.945,45.99,55705
2022-04-04 14:50:00,45.985,45.985,45.915,45.94,49165
2022-04-04 14:55:00,45.94,45.945,45.8801,45.892,53002
2022-04-04 15:00:00,45.895,45.9311,45.8,45.83,58290
2022-04-04 15:05:00,45.825,45.845,45.785,45.84,60702
2022-04-04 15:10:00,45.84,45.845,45.71,45.75,83805
2022-04-04 15:15:00,45.7508,45.78,45.685,45.705,57778
2022-04-04 15:20:00,45.705,45.78,45.69,45.74,75814
2022-04-04 15:25:00,45.735,45.755,45.675,45.73,54564
2022-04-04 15:30:00,45.74,45.75,45.675,45.685,59509
2022-04-04 15:35:00,45.69,45.795,45.685,45.705,68916
2022-04-04 15:40:00,45.71,45.715,45.585,45.6,73644
2022-04-04 15:45:00,45.6,45.635,45.52,45.53,105376
2022-04-04 15:50:00,45.54,45.66,45.4901,45.525,210320
2022-04-04 15:55:00,45.52,45.565,45.465,45.53,301585
2022-04-04 16:00:00,45.53,45.53,45.53,45.53,446754
2022-04-04 16:05:00,45.7999,46.0,45.55,45.6,4150
2022-04-04 16:10:00,45.6,45.65,45.6,45.65,1500
2022-04-04 16:20:00,45.64,45.65,45.61,45.65,1381
2022-04-04 16:25:00,45.6005,45.6401,45.6005,45.6401,1000
2022-04-04 16:35:00,45.65,45.65,45.65,45.65,116
2022-04-04 16:40:00,45.65,45.65,45.63,45.63,500
2022-04-04 16:45:00,45.63,45.63,45.63,45.63,100
2022-04-04 16:50:00,45.63,45.63,45.63,45.63,100
2022-04-04 16:55:00,45.65,45.75,45.65,45.75,580
2022-04-04 17:00:00,45.6,45.6,45.6,45.6,324
2022-04-04 17:05:00,45.69,45.69,45.69,45.69,140
2022-04-04 17:30:00,45.65,45.65,45.65,45.65,1800
2022-04-04 17:35:00,45.6383,45.6383,45.6383,45.6383,120
2022-04-04 17:40:00,45.67,45.67,45.67,45.67,334
2022-04-04 17:50:00,45.68,45.69,45.68,45.69,590
2022-04-04 17:55:00,45.6901,45.7396,45.69,45.69,3450
2022-04-04 18:00:00,45.74,45.75,45.74,45.75,985
2022-04-04 18:10:00,45.73,45.73,45.7299,45.7299,1200
2022-04-04 18:20:00,45.68,45.68,45.65,45.65,242
2022-04-04 18:25:00,45.65,45.65,45.65,45.65,130
2022-04-04 18:40:00,45.63,45.63,45.63,45.63,1000
2022-04-04 18:50:00,45.63,45.63,45.63,45.63,100
2022-04-04 18:55:00,45.65,45.65,45.65,45.65,344
2022-04-04 19:05:00,45.69,45.78,45.69,45.78,3104
2022-04-04 19:15:00,45.63,45.63,45.63,45.63,199
2022-04-04 19:45:00,45.63,45.63,45.63,45.63,397
2022-04-04 19:55:00,45.6499,45.65,45.6499,45.65,900
2022-04-05 04:50:00,46.11,46.11,46.11,46.11,100
2022-04-05 05:30:00,46.1,46.1,46.1,46.1,191
2022-04-05 05:35:00,45.9,45.9,45.9,45.9,388
2022-04-05 06:00:00,45.98,45.98,45.98,45.98,100
2022-04-05 06:30:00,45.66,45.66,45.65,45.65,679
2022-04-05 07:25:00,45.68,45.68,45.68,45.68,100
2022-04-05 07:30:00,45.75,45.75,45.75,45.75,2440
2022-04-05 07:50:00,45.73,45.8,45.73,45.8,2833
2022-04-05 08:00:00,45.64,45.81,45.6001,45.79,6939
2022-04-05 08:10:00,45.71,45.76,45.71,45.75,1980
2022-04-05 08:15:00,45.79,45.7999,45.79,45.7999,1050
2022-04-05 08:20:00,45.75,45.75,45.75,45.75,100
2022-04-05 08:25:00,45.75,45.75,45.75,45.75,250
2022-04-05 08:30:00,45.8,45.8,45.63,45.63,1474
2022-04-05 08:40:00,45.67,45.67,45.67,45.67,1000
2022-04-05 08:50:00,45.68,45.68,45.67,45.67,2059
2022-04-05 08:55:00,45.62,45.62,45.6,45.6,1896
2022-04-05 09:00:00,45.61,45.61,45.61,45.61,100
2022-04-05 09:05:00,45.614,45.614,45.614,45.614,500
2022-04-05 09:10:00,45.6776,45.68,45.6776,45.68,275
2022-04-05 09:15:00,45.62,45.73,45.61,45.73,3522
2022-04-05 09:20:00,45.7072,45.7072,45.7072,45.7072,100
2022-04-05 09:25:00,45.79,46.01,45.64,45.64,14479
2022-04-05 09:30:00,45.65,45.96,45.43,45.96,419060
2022-04-05 09:35:00,45.955,46.0394,45.45,45.49,268507
2022-04-05 09:40:00,45.46,45.48,45.165,45.39,289124
2022-04-05 09:45:00,45.415,45.63,45.28,45.415,188505
2022-04-05 09:50:00,45.42,45.42,45.065,45.17,261778
2022-04-05 09:55:00,45.16,45.23,44.84,45.1901,351064
2022-04-05 10:00:00,45.19,45.34,45.05,45.135,122263
2022-04-05 10:05:00,45.13,45.13,44.765,44.77,202066
2022-04-05 10:10:00,44.775,44.79,44.57,44.715,206521
2022-04-05 10:15:00,44.7,44.7,44.4439,44.485,154476
2022-04-05 10:20:00,44.47,44.65,44.4308,44.62,173345
2022-04-05 10:25:00,44.6361,44.87,44.63,44.8599,184278
2022-04-05 10:30:00,44.8542,44.89,44.75,44.765,129044
2022-04-05 10:35:00,44.76,44.76,44.52,44.53,105959
2022-04-05 10:40:00,44.53,44.6,44.44,44.5,143898
2022-04-05 10:45:00,44.48,44.5,44.31,44.375,131902
2022-04-05 10:50:00,44.38,44.51,44.3488,44.3707,158073
2022-04-05 10:55:00,44.37,44.41,44.29,44.3956,173129
2022-04-05 11:00:00,44.4,44.47,44.13,44.155,168760
2022-04-05 11:05:00,44.17,44.22,44.08,44.22,133636
2022-04-05 11:10:00,44.21,44.31,44.1,44.29,98675
2022-04-05 11:15:00,44.285,44.445,44.25,44.345,92789
2022-04-05 11:20:00,44.33,44.41,44.2,44.225,96914
2022-04-05 11:25:00,44.215,44.4318,44.18,44.41,106154
2022-04-05 11:30:00,44.4,44.62,44.4,44.59,88786
2022-04-05 11:35:00,44.57,44.605,44.4301,44.4599,103076
2022-04-05 11:40:00,44.45,44.515,44.4,44.455,89539
2022-04-05 11:45:00,44.45,44.5,44.32,44.39,148794
2022-04-05 11:50:00,44.39,44.49,44.385,44.42,56335
2022-04-05 11:55:00,44.42,44.61,44.395,44.6,75154
2022-04-05 12:00:00,44.585,44.63,44.46,44.58,81599
2022-04-05 12:05:00,44.58,44.65,44.53,44.53,69168
2022-04-05 12:10:00,44.53,44.53,44.355,44.3733,70106
2022-04-05 12:15:00,44.38,44.41,44.25,44.26,46013
2022-04-05 12:20:00,44.26,44.355,44.26,44.35,96206
2022-04-05 12:25:00,44.34,44.44,44.34,44.415,64206
2022-04-05 12:30:00,44.42,44.4709,44.345,44.4,84379
2022-04-05 12:35:00,44.39,44.46,44.355,44.44,30548
2022-04-05 12:40:00,44.42,44.46,44.36,44.37,44845
2022-04-05 12:45:00,44.365,44.47,44.365,44.46,30434
2022-04-05 12:50:00,44.465,44.5,44.45,44.485,30542
2022-04-05 12:55:00,44.49,44.5148,44.45,44.51,51247
2022-04-05 13:00:00,44.51,44.54,44.445,44.53,66524
2022-04-05 13:05:00,44.53,44.63,44.47,44.63,88015
2022-04-05 13:10:00,44.63,44.66,44.58,44.64,50244
2022-04-05 13:15:00,44.635,44.8,44.635,44.8,101088
2022-04-05 13:20:00,44.81,44.86,44.7887,44.795,70857
2022-04-05 13:25:00,44.795,44.795,44.71,44.73,33603
2022-04-05 13:30:00,44.7,44.71,44.645,44.65,46584
2022-04-05 13:35:00,44.65,44.71,44.6201,44.7,30315
2022-04-05 13:40:00,44.7,44.73,44.66,44.6839,34239
2022-04-05 13:45:00,44.6815,44.69,44.52,44.5299,47319
2022-04-05 13:50:00,44.5286,44.56,44.43,44.47,65694
2022-04-05 13:55:00,44.47,44.49,44.405,44.4699,31046
2022-04-05 14:00:00,44.46,44.4701,44.34,44.36,54915
2022-04-05 14:05:00,44.36,44.3838,44.27,44.37,57604
2022-04-05 14:10:00,44.38,44.41,44.34,44.41,62567
2022-04-05 14:15:00,44.42,44.57,44.415,44.57,93823
2022-04-05 14:20:00,44.565,44.61,44.475,44.4899,81182
2022-04-05 14:25:00,44.485,44.54,44.41,44.425,60147
2022-04-05 14:30:00,44.42,44.43,44.325,44.335,77682
2022-04-05 14:35:00,44.335,44.385,44.3,44.3,73437
2022-04-05 14:40:00,44.305,44.56,44.285,44.55,108056
2022-04-05 14:45:00,44.54,44.56,44.45,44.48,52610
2022-04-05 14:50:00,44.485,44.525,44.44,44.49,56909
2022-04-05 14:55:00,44.5,44.53,44.375,44.39,48159
2022-04-05 15:00:00,44.395,44.45,44.365,44.37,52892
2022-04-05 15:05:00,44.37,44.42,44.34,44.42,59402
2022-04-05 15:10:00,44.44,44.455,44.345,44.35,93266
2022-04-05 15:15:00,44.35,44.425,44.35,44.42,82420
2022-04-05 15:20:00,44.42,44.515,44.409,44.485,113114
2022-04-05 15:25:00,44.48,44.4842,44.35,44.352,59755
2022-04-05 15:30:00,44.36,44.36,44.245,44.26,113252
2022-04-05 15:35:00,44.25,44.69,44.22,44.585,454077
2022-04-05 15:40:00,44.59,44.815,44.445,44.62,529802
2022-04-05 15:45:00,44.62,44.82,44.56,44.775,321448
2022-04-05 15:50:00,44.77,44.77,44.56,44.665,337654
2022-04-05 15:55:00,44.67,44.765,44.665,44.71,606767
2022-04-05 16:00:00,44.71,44.71,44.55,44.71,302149
2022-04-05 16:05:00,44.57,44.57,44.57,44.57,100
2022-04-05 16:10:00,44.59,44.59,44.59,44.59,355
2022-04-05 16:15:00,44.67,44.67,44.67,44.67,972
2022-04-05 16:20:00,44.55,44.55,44.55,44.55,100
2022-04-05 16:25:00,44.69,44.69,44.69,44.69,200
2022-04-05 16:30:00,44.69,44.69,44.69,44.69,480
2022-04-05 16:35:00,44.5624,44.5624,44.56,44.56,1800
2022-04-05 16:40:00,44.7,44.7,44.7,44.7,100
2022-04-05 16:45:00,44.68,44.73,44.68,44.73,335
2022-04-05 16:50:00,44.8,44.8,44.8,44.8,425
2022-04-05 16:55:00,44.655,44.655,44.655,44.655,247
2022-04-05 17:00:00,44.65,44.65,44.65,44.65,2000
2022-04-05 17:05:00,44.8,44.8,44.8,44.8,200
2022-04-05 17:10:00,44.6519,44.8,44.6519,44.8,334
2022-04-05 17:35:00,44.71,44.71,44.71,44.71,275
2022-04-05 17:40:00,44.6601,44.6601,44.6601,44.6601,402
2022-04-05 17:55:00,44.67,44.67,44.67,44.67,110
2022-04-05 18:15:00,44.67,44.71,44.67,44.71,1081
2022-04-05 18:20:00,44.68,44.68,44.68,44.68,100
2022-04-05 18:35:00,44.71,44.71,44.71,44.71,100
2022-04-05 18:40:00,44.72,44.8,44.72,44.8,591
2022-04-05 18:45:00,44.72,44.72,44.72,44.72,225
2022-04-05 18:50:00,44.72,44.72,44.72,44.72,935
2022-04-05 18:55:00,44.76,44.76,44.72,44.75,600
2022-04-05 19:10:00,44.71,44.71,44.71,44.71,386
2022-04-05 19:20:00,44.7,44.77,44.7,44.76,1690
2022-04-05 19:25:00,44.76,44.76,44.76,44.76,369
2022-04-05 19:35:00,44.79,44.79,44.79,44.79,140
2022-04-05 19:45:00,44.81,44.81,44.81,44.81,126
2022-04-05 19:50:00,44.69,44.69,44.69,44.69,500
2022-04-05 19:55:00,44.79,44.8,44.79,44.8,878
2022-04-06 06:15:00,44.12,44.12,44.12,44.12,151
2022-04-06 06:20:00,44.09,44.09,44.09,44.09,200
2022-04-06 07:00:00,44.08,44.08,43.85,43.85,1524
2022-04-06 07:15:00,43.9,43.9,43.9,43.9,100
2022-04-06 07:20:00,43.81,43.93,43.8,43.93,1110
2022-04-06 07:25:00,43.85,43.85,43.8,43.8,1215
2022-04-06 07:30:00,43.7,43.7,43.53,43.53,2106
2022-04-06 07:40:00,43.58,43.82,43.58,43.6,2398
2022-04-06 07:45:00,43.6,43.74,43.6,43.74,800
2022-04-06 07:50:00,43.57,43.62,43.56,43.56,1097
2022-04-06 07:55:00,43.69,43.7,43.69,43.7,500
2022-04-06 08:00:00,43.85,44.0,43.56,43.72,12146
2022-04-06 08:05:00,43.65,43.65,43.51,43.65,2668
2022-04-06 08:10:00,43.64,43.65,43.64,43.65,1119
2022-04-06 08:15:00,43.7,43.73,43.7,43.73,1359
2022-04-06 08:20:00,43.73,43.73,43.7,43.7,700
2022-04-06 08:25:00,43.71,43.71,43.7,43.7,1200
2022-04-06 08:30:00,43.75,43.75,43.75,43.75,200
2022-04-06 08:40:00,43.7799,43.7799,43.68,43.68,2932
2022-04-06 08:45:00,43.69,43.69,43.68,43.68,593
2022-04-06 08:50:00,43.6689,43.6689,43.6,43.6,600
2022-04-06 08:55:00,43.5899,43.64,43.55,43.64,6480
2022-04-06 09:00:00,43.64,43.65,43.64,43.65,700
2022-04-06 09:05:00,43.67,43.67,43.63,43.65,1490
2022-04-06 09:10:00,43.64,43.67,43.5707,43.579,1571
2022-04-06 09:15:00,43.62,43.62,43.62,43.62,100
2022-04-06 09:20:00,43.64,43.64,43.64,43.64,1100
2022-04-06 09:25:00,43.64,43.83,43.21,43.29,51590
2022-04-06 09:30:00,43.26,43.335,42.55,42.77,644887
2022-04-06 09:35:00,42.79,42.895,42.46,42.72,584051
2022-04-06 09:40:00,42.71,42.8861,42.53,42.6,352271
2022-04-06 09:45:00,42.605,42.8499,42.44,42.5,383328
2022-04-06 09:50:00,42.49,42.49,42.29,42.3571,264239
2022-04-06 09:55:00,42.34,42.37,42.09,42.1,305304
2022-04-06 10:00:00,42.1,42.12,41.775,41.835,384948
2022-04-06 10:05:00,41.84,41.84,41.56,41.695,413497
2022-04-06 10:10:00,41.695,41.8,41.46,41.605,477588
2022-04-06 10:15:00,41.6035,41.93,41.6035,41.85,399252
2022-04-06 10:20:00,41.855,42.2,41.81,42.181,271283
2022-04-06 10:25:00,42.175,42.275,42.042,42.265,179203
2022-04-06 10:30:00,42.26,42.63,42.26,42.6199,242634
2022-04-06 10:35:00,42.62,43.04,42.62,42.99,199702
2022-04-06 10:40:00,42.97,43.18,42.89,43.17,192457
2022-04-06 10:45:00,43.15,43.245,43.07,43.16,238216
2022-04-06 10:50:00,43.17,43.2707,42.82,42.86,292622
2022-04-06 10:55:00,42.86,42.9795,42.81,42.8341,158268
2022-04-06 11:00:00,42.83,43.045,42.825,43.04,184996
2022-04-06 11:05:00,43.03,43.14,42.96,42.98,182365
2022-04-06 11:10:00,42.97,43.025,42.88,42.98,145612
2022-04-06 11:15:00,42.99,43.03,42.86,42.885,101513
2022-04-06 11:20:00,42.885,43.109,42.88,42.985,136002
2022-04-06 11:25:00,42.99,43.045,42.92,42.975,112097
2022-04-06 11:30:00,42.98,43.0,42.81,42.92,164236
2022-04-06 11:35:00,42.9117,42.96,42.805,42.935,124896
2022-04-06 11:40:00,42.925,43.015,42.785,42.8,123853
2022-04-06 11:45:00,42.81,42.885,42.69,42.835,140003
2022-04-06 11:50:00,42.835,42.89,42.7633,42.885,81768
2022-04-06 11:55:00,42.885,42.955,42.815,42.855,114026
2022-04-06 12:00:00,42.855,42.99,42.85,42.96,134755
2022-04-06 12:05:00,42.97,42.98,42.8201,42.835,91398
2022-04-06 12:10:00,42.83,42.895,42.7801,42.86,92906
2022-04-06 12:15:00,42.855,42.855,42.71,42.75,77107
2022-04-06 12:20:00,42.74,42.78,42.615,42.775,118983
2022-04-06 12:25:00,42.78,42.8,42.675,42.775,60154
2022-04-06 12:30:00,42.785,42.785,42.675,42.75,43597
2022-04-06 12:35:00,42.75,42.79,42.66,42.75,47881
2022-04-06 12:40:00,42.74,42.785,42.7,42.715,36617
2022-04-06 12:45:00,42.72,42.77,42.655,42.75,60488
2022-04-06 12:50:00,42.74,42.81,42.725,42.8,52100
2022-04-06 12:55:00,42.81,42.925,42.81,42.8751,66993
2022-04-06 13:00:00,42.87,42.93,42.815,42.905,40320
2022-04-06 13:05:00,42.91,42.96,42.815,42.85,38476
2022-04-06 13:10:00,42.85,42.945,42.845,42.94,52475
2022-04-06 13:15:00,42.93,43.09,42.9201,43.085,80482
2022-04-06 13:20:00,43.09,43.228,43.085,43.21,77535
2022-04-06 13:25:00,43.21,43.255,43.14,43.185,74719
2022-04-06 13:30:00,43.18,43.215,43.112,43.1798,50164
2022-04-06 13:35:00,43.175,43.22,43.065,43.195,89521
2022-04-06 13:40:00,43.19,43.42,43.17,43.365,123919
2022-04-06 13:45:00,43.36,43.41,43.28,43.405,92738
2022-04-06 13:50:00,43.415,43.6,43.415,43.545,172553
2022-04-06 13:55:00,43.54,43.565,43.32,43.32,105582
2022-04-06 14:00:00,43.3,43.62,43.18,43.43,244870
2022-04-06 14:05:00,43.44,43.47,43.16,43.22,98128
2022-04-06 14:10:00,43.21,43.21,43.0,43.03,119980
2022-04-06 14:15:00,43.02,43.05,42.95,42.98,98590
2022-04-06 14:20:00,42.99,43.1,42.955,43.06,94978
2022-04-06 14:25:00,43.07,43.15,42.98,43.015,72432
2022-04-06 14:30:00,43.01,43.3,42.97,43.23,150780
2022-04-06 14:35:00,43.23,43.4,43.18,43.24,116525
2022-04-06 14:40:00,43.23,43.33,43.18,43.25,64990
2022-04-06 14:45:00,43.23,43.4,43.23,43.26,84165
2022-04-06 14:50:00,43.28,43.439,43.27,43.41,71280
2022-04-06 14:55:00,43.41,43.55,43.41,43.49,105722
2022-04-06 15:00:00,43.5,43.69,43.5,43.69,136554
2022-04-06 15:05:00,43.69,43.69,43.51,43.57,123684
2022-04-06 15:10:00,43.58,43.665,43.545,43.63,154860
2022-04-06 15:15:00,43.63,43.7,43.5,43.5001,111327
2022-04-06 15:20:00,43.505,43.515,43.26,43.265,83288
2022-04-06 15:25:00,43.265,43.2799,43.165,43.175,104960
2022-04-06 15:30:00,43.17,43.19,43.09,43.13,145681
2022-04-06 15:35:00,43.13,43.29,43.09,43.265,154536
2022-04-06 15:40:00,43.26,43.305,43.185,43.22,171928
2022-04-06 15:45:00,43.21,43.27,43.15,43.205,227050
2022-04-06 15:50:00,43.21,43.26,43.05,43.08,345448
2022-04-06 15:55:00,43.075,43.1,43.0,43.07,417734
2022-04-06 16:00:00,43.07,43.07,43.06,43.07,448690
2022-04-06 16:05:00,43.09,43.09,43.09,43.09,100
2022-04-06 16:15:00,43.04,43.05,43.0,43.0,1300
2022-04-06 16:20:00,43.0,43.07,43.0,43.07,1795
2022-04-06 16:35:00,42.8461,42.8461,42.8461,42.8461,100
2022-04-06 16:45:00,42.9,43.0,42.9,43.0,3495
2022-04-06 16:50:00,42.95,43.0,42.95,43.0,700
2022-04-06 16:55:00,43.0,43.0,43.0,43.0,250
2022-04-06 17:00:00,43.0,43.0999,43.0,43.0999,436
2022-04-06 17:05:00,43.08,43.0999,43.0001,43.0001,2322
2022-04-06 17:10:00,43.1,43.1,43.0,43.0,406
2022-04-06 17:20:00,43.06,43.06,43.06,43.06,100
2022-04-06 17:35:00,43.09,43.09,43.09,43.09,1000
2022-04-06 17:55:00,43.1877,43.1877,43.1877,43.1877,200
2022-04-06 18:50:00,43.03,43.03,43.03,43.03,100
2022-04-06 19:00:00,43.06,43.07,43.06,43.07,1100
2022-04-06 19:05:00,43.06,43.07,43.06,43.07,850
2022-04-06 19:20:00,43.01,43.01,43.01,43.01,134
2022-04-06 19:25:00,43.0,43.0,43.0,43.0,350
2022-04-06 19:30:00,42.9,42.9,42.9,42.9,100
2022-04-06 19:45:00,42.9,42.9,42.9,42.9,100
2022-04-06 19:50:00,42.9001,42.91,42.8,42.8,2187
2022-04-06 19:55:00,43.0,43.0,42.75,42.75,344
2022-04-07 04:15:00,42.72,42.72,42.72,42.72,146
2022-04-07 04:30:00,42.77,42.77,42.77,42.77,127
2022-04-07 05:20:00,43.7,43.7,43.7,43.7,168
2022-04-07 05:25:00,43.4,43.4,43.4,43.4,288
2022-04-07 06:40:00,43.6,43.6,43.6,43.6,149
2022-04-07 06:50:00,43.3,43.3,43.3,43.3,121
2022-04-07 07:00:00,43.49,43.5,43.21,43.21,1225
2022-04-07 07:10:00,43.31,43.31,43.31,43.31,200
2022-04-07 07:20:00,43.35,43.35,43.35,43.35,371
2022-04-07 07:25:00,43.33,43.33,43.33,43.33,398
2022-04-07 07:30:00,43.45,43.45,43.4,43.4,500
2022-04-07 07:35:00,43.31,43.31,43.31,43.31,100
2022-04-07 07:40:00,43.3,43.3,43.3,43.3,100
2022-04-07 07:50:00,43.27,43.27,43.27,43.27,200
2022-04-07 07:55:00,43.27,43.29,43.27,43.29,899
2022-04-07 08:00:00,43.2999,43.4497,43.2,43.3,3950
2022-04-07 08:05:00,43.2174,43.2174,43.2174,43.2174,511
2022-04-07 08:10:00,43.2799,43.2799,43.14,43.14,1700
2022-04-07 08:15:00,43.13,43.13,42.73,42.73,1224
2022-04-07 08:20:00,43.12,43.15,43.12,43.1444,6740
2022-04-07 08:30:00,42.8,42.8,42.8,42.8,480
2022-04-07 08:55:00,42.99,42.99,42.75,42.75,3273
2022-04-07 09:00:00,42.89,42.9,42.89,42.9,4687
2022-04-07 09:05:00,42.89,42.89,42.88,42.88,517
2022-04-07 09:10:00,42.86,42.97,42.86,42.97,1000
2022-04-07 09:15:00,42.88,42.88,42.88,42.88,1093
2022-04-07 09:20:00,42.83,43.0,42.83,42.8301,10213
2022-04-07 09:25:00,42.81,42.95,42.74,42.75,915
2022-04-07 09:30:00,42.83,42.83,42.31,42.66,301191
2022-04-07 09:35:00,42.68,42.86,42.48,42.72,187054
2022-04-07 09:40:00,42.69,42.83,42.51,42.66,163942
2022-04-07 09:45:00,42.66,42.76,42.27,42.3,150271
2022-04-07 09:50:00,42.32,42.41,42.16,42.17,105572
2022-04-07 09:55:00,42.17,42.17,41.88,42.05,196044
2022-04-07 10:00:00,42.055,42.055,41.73,41.78,229205
2022-04-07 10:05:00,41.8,41.82,41.53,41.69,266877
2022-04-07 10:10:00,41.68,41.82,41.52,41.77,217594
2022-04-07 10:15:00,41.76,41.76,41.5158,41.58,183676
2022-04-07 10:20:00,41.57,41.6,41.35,41.43,277868
2022-04-07 10:25:00,41.43,41.555,41.35,41.47,155094
2022-04-07 10:30:00,41.47,41.67,41.45,41.67,190657
2022-04-07 10:35:00,41.675,41.82,41.66,41.78,112290
2022-04-07 10:40:00,41.77,41.775,41.5,41.599,173267
2022-04-07 10:45:00,41.59,41.675,41.54,41.55,192615
2022-04-07 10:50:00,41.55,41.82,41.54,41.82,108774
2022-04-07 10:55:00,41.82,41.84,41.605,41.739,132498
2022-04-07 11:00:00,41.73,41.93,41.71,41.88,131069
2022-04-07 11:05:00,41.88,41.88,41.73,41.795,92787
2022-04-07 11:10:00,41.7992,41.91,41.73,41.88,189545
2022-04-07 11:15:00,41.8786,41.88,41.755,41.81,83124
2022-04-07 11:20:00,41.81,41.91,41.76,41.91,61342
2022-04-07 11:25:00,41.91,41.94,41.77,41.805,134788
2022-04-07 11:30:00,41.82,41.82,41.65,41.775,62149
2022-04-07 11:35:00,41.81,41.865,41.72,41.7944,44647
2022-04-07 11:40:00,41.79,41.87,41.68,41.715,50828
2022-04-07 11:45:00,41.71,41.805,41.685,41.71,69875
2022-04-07 11:50:00,41.71,41.73,41.6,41.61,53960
2022-04-07 11:55:00,41.5957,41.71,41.595,41.65,35859
2022-04-07 12:00:00,41.645,41.67,41.505,41.5092,64729
2022-04-07 12:05:00,41.51,41.59,41.48,41.515,86235
2022-04-07 12:10:00,41.52,41.615,41.51,41.61,47001
2022-04-07 12:15:00,41.61,41.73,41.58,41.705,47595
2022-04-07 12:20:00,41.7,41.74,41.56,41.56,143497
2022-04-07 12:25:00,41.561,41.59,41.46,41.495,104358
2022-04-07 12:30:00,41.49,41.52,41.46,41.49,45998
2022-04-07 12:35:00,41.48,41.49,41.3,41.325,92287
2022-04-07 12:40:00,41.32,41.34,41.21,41.2428,91493
2022-04-07 12:45:00,41.24,41.265,41.08,41.1,125647
2022-04-07 12:50:00,41.1,41.23,41.095,41.16,67375
2022-04-07 12:55:00,41.1698,41.28,41.15,41.2786,92158
2022-04-07 13:00:00,41.27,41.36,41.21,41.32,73477
2022-04-07 13:05:00,41.32,41.41,41.275,41.4055,58312
2022-04-07 13:10:00,41.4,41.5101,41.38,41.47,56687
2022-04-07 13:15:00,41.46,41.56,41.43,41.54,47724
2022-04-07 13:20:00,41.5401,41.62,41.54,41.54,40244
2022-04-07 13:25:00,41.53,41.695,41.52,41.63,43774
2022-04-07 13:30:00,41.64,41.76,41.63,41.65,54349
2022-04-07 13:35:00,41.6547,41.7413,41.61,41.63,69529
2022-04-07 13:40:00,41.63,41.6399,41.53,41.53,47673
2022-04-07 13:45:00,41.54,41.595,41.49,41.53,32073
2022-04-07 13:50:00,41.53,41.5589,41.4405,41.505,48632
2022-04-07 13:55:00,41.5,41.8325,41.5,41.8,87518
2022-04-07 14:00:00,41.8,41.89,41.78,41.88,114076
2022-04-07 14:05:00,41.88,41.91,41.805,41.83,73105
2022-04-07 14:10:00,41.82,41.85,41.79,41.85,36348
2022-04-07 14:15:00,41.85,41.86,41.74,41.7452,39286
2022-04-07 14:20:00,41.74,41.83,41.74,41.83,33028
2022-04-07 14:25:00,41.85,41.97,41.85,41.9,68082
2022-04-07 14:30:00,41.88,41.98,41.86,41.96,51901
2022-04-07 14:35:00,41.96,41.975,41.91,41.95,60158
2022-04-07 14:40:00,41.94,41.99,41.88,41.975,68671
2022-04-07 14:45:00,41.975,42.06,41.935,42.0483,119409
2022-04-07 14:50:00,42.04,42.22,42.02,42.22,105264
2022-04-07 14:55:00,42.23,42.34,42.19,42.3,79163
2022-04-07 15:00:00,42.28,42.505,42.24,42.47,126198
2022-04-07 15:05:00,42.465,42.53,42.4245,42.47,101702
2022-04-07 15:10:00,42.455,42.46,42.3701,42.45,83984
2022-04-07 15:15:00,42.45,42.495,42.3,42.3086,89273
2022-04-07 15:20:00,42.3,42.31,42.195,42.215,125422
2022-04-07 15:25:00,42.22,42.31,42.215,42.2901,114887
2022-04-07 15:30:00,42.29,42.32,42.245,42.31,99526
2022-04-07 15:35:00,42.31,42.43,42.31,42.43,102379
2022-04-07 15:40:00,42.43,42.46,42.375,42.43,76229
2022-04-07 15:45:00,42.43,42.55,42.35,42.41,217978
2022-04-07 15:50:00,42.4,42.415,42.28,42.385,324494
2022-04-07 15:55:00,42.38,42.41,42.35,42.41,438949
2022-04-07 16:00:00,42.4,42.4,42.4,42.4,280456
2022-04-07 16:10:00,42.48,42.48,42.4685,42.4685,280
2022-04-07 16:15:00,42.4,42.41,42.38,42.38,5629
2022-04-07 16:20:00,42.37,42.4,42.37,42.4,947
2022-04-07 16:55:00,42.29,42.29,42.28,42.28,730
2022-04-07 17:00:00,42.29,42.29,42.29,42.29,100
2022-04-07 17:45:00,42.34,42.34,42.34,42.34,500
2022-04-07 18:00:00,42.34,42.34,42.34,42.34,498
2022-04-07 18:30:00,42.3,42.31,42.29,42.3,6520
2022-04-07 18:35:00,42.38,42.38,42.38,42.38,200
2022-04-07 18:40:00,42.3,42.3,42.3,42.3,990
2022-04-07 18:45:00,42.4,42.4,42.4,42.4,100
2022-04-07 19:25:00,42.39,42.39,42.39,42.39,200
2022-04-07 19:55:00,42.4,42.4,42.4,42.4,2245
2022-04-08 04:25:00,42.51,42.51,42.51,42.51,144
2022-04-08 05:00:00,42.5,42.5,42.5,42.5,163
2022-04-08 05:20:00,42.29,42.29,42.29,42.29,100
2022-04-08 07:00:00,42.35,42.42,42.22,42.22,1297
2022-04-08 07:15:00,42.3,42.5,42.3,42.5,600
2022-04-08 07:25:00,42.4,42.4,42.4,42.4,500
2022-04-08 07:30:00,42.4,42.4,42.39,42.39,1000
2022-04-08 07:40:00,42.48,42.5,42.48,42.5,1300
2022-04-08 07:50:00,42.7,42.7,42.7,42.7,400
2022-04-08 07:55:00,42.71,42.71,42.71,42.71,100
2022-04-08 08:00:00,42.45,42.45,42.45,42.45,100
2022-04-08 08:05:00,42.61,42.61,42.48,42.48,950
2022-04-08 08:15:00,42.47,42.47,42.47,42.47,100
2022-04-08 08:20:00,42.44,42.44,42.43,42.44,300
2022-04-08 08:25:00,42.47,42.48,42.47,42.48,4521
2022-04-08 08:30:00,42.48,42.48,42.4,42.44,800
2022-04-08 08:50:00,42.32,42.32,42.32,42.32,189
2022-04-08 08:55:00,42.2801,42.2801,42.2801,42.2801,500
2022-04-08 09:00:00,42.3,42.3,42.3,42.3,997
2022-04-08 09:05:00,42.19,42.19,42.0529,42.0529,400
2022-04-08 09:10:00,42.16,42.16,42.1,42.1,1132
2022-04-08 09:15:00,42.08,42.08,42.02,42.03,3812
2022-04-08 09:25:00,42.19,42.19,42.14,42.14,400
2022-04-08 09:30:00,42.27,42.41,41.815,41.8999,304117
2022-04-08 09:35:00,41.88,42.14,41.84,41.91,140038
2022-04-08 09:40:00,41.91,42.13,41.78,41.99,151567
2022-04-08 09:45:00,41.99,42.14,41.85,42.04,158201
2022-04-08 09:50:00,42.03,42.08,41.7501,41.76,104461
2022-04-08 09:55:00,41.75,41.8548,41.6399,41.68,179113
2022-04-08 10:00:00,41.68,41.8768,41.6,41.85,174781
2022-04-08 10:05:00,41.85,41.9899,41.74,41.9161,148145
2022-04-08 10:10:00,41.91,41.94,41.765,41.83,126869
2022-04-08 10:15:00,41.83,42.0278,41.74,42.01,155997
2022-04-08 10:20:00,42.03,42.11,41.91,42.07,141423
2022-04-08 10:25:00,42.08,42.32,42.07,42.315,176012
2022-04-08 10:30:00,42.3156,42.35,42.23,42.285,75617
2022-04-08 10:35:00,42.285,42.51,42.275,42.49,97584
2022-04-08 10:40:00,42.49,42.53,42.28,42.3115,161364
2022-04-08 10:45:00,42.32,42.475,42.3,42.3244,100688
2022-04-08 10:50:00,42.32,42.72,42.31,42.58,182960
2022-04-08 10:55:00,42.57,42.65,42.51,42.6,97385
2022-04-08 11:00:00,42.59,42.76,42.51,42.65,135708
2022-04-08 11:05:00,42.66,42.7709,42.61,42.69,81030
2022-04-08 11:10:00,42.695,42.7,42.55,42.58,70751
2022-04-08 11:15:00,42.58,42.59,42.43,42.435,89682
2022-04-08 11:20:00,42.43,42.474,42.34,42.365,101646
2022-04-08 11:25:00,42.37,42.4,42.33,42.375,52550
2022-04-08 11:30:00,42.37,42.445,42.32,42.41,73682
2022-04-08 11:35:00,42.41,42.41,42.29,42.365,65088
2022-04-08 11:40:00,42.36,42.42,42.35,42.39,36505
2022-04-08 11:45:00,42.39,42.505,42.34,42.45,89576
2022-04-08 11:50:00,42.44,42.4606,42.37,42.3703,42093
2022-04-08 11:55:00,42.37,42.4,42.3367,42.34,50098
2022-04-08 12:00:00,42.33,42.4404,42.295,42.41,70186
2022-04-08 12:05:00,42.41,42.435,42.35,42.4,42186
2022-04-08 12:10:00,42.4,42.44,42.3,42.33,49337
2022-04-08 12:15:00,42.35,42.39,42.295,42.35,53148
2022-04-08 12:20:00,42.3568,42.47,42.355,42.44,53004
2022-04-08 12:25:00,42.45,42.56,42.4425,42.525,93585
2022-04-08 12:30:00,42.51,42.61,42.47,42.48,71450
2022-04-08 12:35:00,42.49,42.54,42.48,42.535,41737
2022-04-08 12:40:00,42.535,42.715,42.535,42.7,112759
2022-04-08 12:45:00,42.7,42.755,42.565,42.58,60687
2022-04-08 12:50:00,42.56,42.635,42.56,42.62,41912
2022-04-08 12:55:00,42.61,42.61,42.54,42.57,42536
2022-04-08 13:00:00,42.565,42.565,42.39,42.4587,55152
2022-04-08 13:05:00,42.4584,42.4584,42.38,42.385,42164
2022-04-08 13:10:00,42.39,42.39,42.285,42.285,44978
2022-04-08 13:15:00,42.2852,42.31,42.21,42.27,51979
2022-04-08 13:20:00,42.26,42.345,42.26,42.32,46755
2022-04-08 13:25:00,42.32,42.325,42.245,42.25,48453
2022-04-08 13:30:00,42.26,42.3098,42.245,42.25,41202
2022-04-08 13:35:00,42.25,42.26,42.195,42.2187,33073
2022-04-08 13:40:00,42.225,42.29,42.2211,42.24,26599
2022-04-08 13:45:00,42.235,42.26,42.21,42.225,24533
2022-04-08 13:50:00,42.22,42.28,42.17,42.24,17313
2022-04-08 13:55:00,42.23,42.25,42.21,42.23,24050
2022-04-08 14:00:00,42.22,42.27,42.2,42.235,30083
2022-04-08 14:05:00,42.23,42.29,42.205,42.25,21406
2022-04-08 14:10:00,42.25,42.3368,42.23,42.31,40258
2022-04-08 14:15:00,42.31,42.32,42.25,42.277,29580
2022-04-08 14:20:00,42.2704,42.38,42.27,42.275,69854
2022-04-08 14:25:00,42.27,42.27,42.12,42.135,144160
2022-04-08 14:30:00,42.14,42.15,42.065,42.085,52863
2022-04-08 14:35:00,42.085,42.11,42.04,42.05,59937
2022-04-08 14:40:00,42.04,42.1,42.03,42.075,44740
2022-04-08 14:45:00,42.09,42.165,42.09,42.165,38316
2022-04-08 14:50:00,42.165,42.26,42.14,42.25,30556
2022-04-08 14:55:00,42.245,42.245,42.1601,42.17,35591
2022-04-08 15:00:00,42.17,42.225,42.155,42.22,40628
2022-04-08 15:05:00,42.225,42.23,42.13,42.155,29348
2022-04-08 15:10:00,42.15,42.27,42.14,42.22,63583
2022-04-08 15:15:00,42.22,42.29,42.19,42.2,50875
2022-04-08 15:20:00,42.195,42.2574,42.17,42.195,42198
2022-04-08 15:25:00,42.195,42.24,42.19,42.215,51534
2022-04-08 15:30:00,42.22,42.24,42.045,42.045,94095
2022-04-08 15:35:00,42.045,42.065,41.91,41.92,124643
2022-04-08 15:40:00,41.92,42.045,41.895,42.015,144023
2022-04-08 15:45:00,42.01,42.025,41.9,41.905,211389
2022-04-08 15:50:00,41.9,42.0,41.89,41.99,290730
2022-04-08 15:55:00,41.9879,42.025,41.9,41.955,408320
2022-04-08 16:00:00,41.96,41.96,41.7712,41.96,249071
2022-04-08 16:05:00,41.96,41.96,41.96,41.96,1541
2022-04-08 16:10:00,41.96,41.96,41.96,41.96,578
2022-04-08 16:15:00,41.8362,41.8362,41.83,41.83,200
2022-04-08 16:25:00,41.96,41.96,41.95,41.95,800
2022-04-08 16:30:00,41.9,41.9,41.9,41.9,200
2022-04-08 16:35:00,41.85,41.85,41.85,41.85,100
2022-04-08 16:40:00,41.85,42.05,41.85,41.98,2581
2022-04-08 16:50:00,41.8586,41.8586,41.85,41.85,550
2022-04-08 16:55:00,41.8508,41.8508,41.85,41.85,200
2022-04-08 17:00:00,42.1786,42.1786,42.1786,42.1786,210
2022-04-08 17:05:00,42.0,42.0,42.0,42.0,200
2022-04-08 17:20:00,42.18,42.18,42.18,42.18,100
2022-04-08 17:25:00,41.88,41.88,41.88,41.88,100
2022-04-08 17:35:00,41.88,41.88,41.88,41.88,200
2022-04-08 17:50:00,42.1795,42.1795,42.1795,42.1795,100
2022-04-08 17:55:00,42.1799,42.1799,42.1799,42.1799,500
2022-04-08 18:20:00,42.03,42.03,42.03,42.03,100
2022-04-08 19:35:00,41.83,41.83,41.83,41.83,285
2022-04-08 19:45:00,41.83,41.83,41.83,41.83,200
2022-04-11 04:25:00,41.2,41.2,41.2,41.2,2984
2022-04-11 04:30:00,41.2,41.2,41.2,41.2,3995
2022-04-11 04:35:00,41.25,41.25,41.25,41.25,3000
2022-04-11 04:40:00,41.25,41.25,41.25,41.25,100
2022-04-11 05:00:00,41.51,41.51,41.5,41.5,400
2022-04-11 05:25:00,41.35,41.35,41.35,41.35,200
2022-04-11 05:45:00,41.55,41.55,41.55,41.55,240
2022-04-11 07:00:00,41.64,41.64,41.6,41.6,1075
2022-04-11 07:05:00,41.55,41.55,41.55,41.55,975
2022-04-11 07:25:00,41.88,41.98,41.88,41.98,3157
2022-04-11 07:40:00,41.58,41.58,41.58,41.58,100
2022-04-11 07:45:00,41.7,41.79,41.7,41.78,900
2022-04-11 07:50:00,41.6,41.61,41.57,41.57,2400
2022-04-11 08:00:00,41.61,41.83,41.5,41.59,10140
2022-04-11 08:05:00,41.57,41.57,41.56,41.56,538
2022-04-11 08:10:00,41.5,41.5,41.5,41.5,499
2022-04-11 08:15:00,41.48,41.48,41.43,41.43,1403
2022-04-11 08:20:00,41.43,41.44,41.27,41.27,2043
2022-04-11 08:25:00,41.26,41.26,41.11,41.25,11768
2022-04-11 08:30:00,41.35,41.35,41.35,41.35,800
2022-04-11 08:35:00,41.47,41.56,41.47,41.53,972
2022-04-11 08:40:00,41.53,41.6,41.53,41.54,3304
2022-04-11 08:45:00,41.31,41.31,41.31,41.31,130
2022-04-11 08:50:00,41.57,41.57,41.57,41.57,100
2022-04-11 08:55:00,41.55,41.55,41.5,41.5,796
2022-04-11 09:00:00,41.4,41.4,41.4,41.4,2000
2022-04-11 09:05:00,41.48,41.48,41.32,41.33,6497
2022-04-11 09:10:00,41.33,41.38,41.33,41.38,651
2022-04-11 09:15:00,41.41,41.41,41.41,41.41,540
2022-04-11 09:20:00,41.48,41.48,41.47,41.48,4300
2022-04-11 09:25:00,41.21,41.6,41.11,41.26,5703
2022-04-11 09:30:00,41.22,41.78,41.19,41.6,334034
2022-04-11 09:35:00,41.61,42.4267,41.58,42.378,328539
2022-04-11 09:40:00,42.42,43.16,42.395,43.12,313843
2022-04-11 09:45:00,43.11,43.24,42.9311,43.12,276728
2022-04-11 09:50:00,43.1,43.24,42.84,43.18,242739
2022-04-11 09:55:00,43.1899,43.34,43.07,43.26,322944
2022-04-11 10:00:00,43.24,43.3216,43.09,43.185,212783
2022-04-11 10:05:00,43.17,43.38,43.02,43.225,304276
2022-04-11 10:10:00,43.23,43.415,43.19,43.41,186109
2022-04-11 10:15:00,43.42,43.46,43.04,43.1184,127691
2022-04-11 10:20:00,43.115,43.34,43.115,43.14,112587
2022-04-11 10:25:00,43.17,43.195,42.93,43.015,157535
2022-04-11 10:30:00,43.04,43.23,42.95,43.1321,136150
2022-04-11 10:35:00,43.14,43.14,42.859,42.95,161555
2022-04-11 10:40:00,42.94,43.04,42.91,42.96,98727
2022-04-11 10:45:00,42.97,43.07,42.96,42.96,72864
2022-04-11 10:50:00,42.955,43.04,42.85,42.891,79755
2022-04-11 10:55:00,42.89,42.99,42.8024,42.92,60955
2022-04-11 11:00:00,42.93,42.94,42.66,42.74,127400
2022-04-11 11:05:00,42.73,42.7304,42.53,42.59,168425
2022-04-11 11:10:00,42.58,42.7217,42.55,42.615,141615
2022-04-11 11:15:00,42.6211,42.71,42.59,42.655,89721
2022-04-11 11:20:00,42.65,42.655,42.42,42.5,108674
2022-04-11 11:25:00,42.5015,42.63,42.4697,42.62,71293
2022-04-11 11:30:00,42.625,42.78,42.61,42.69,101015
2022-04-11 11:35:00,42.71,42.85,42.69,42.75,127406
2022-04-11 11:40:00,42.75,42.8,42.71,42.8,60887
2022-04-11 11:45:00,42.805,42.87,42.68,42.68,63533
2022-04-11 11:50:00,42.69,42.72,42.6198,42.68,42046
2022-04-11 11:55:00,42.67,42.79,42.655,42.79,40923
2022-04-11 12:00:00,42.7931,42.825,42.69,42.745,47975
2022-04-11 12:05:00,42.755,42.79,42.645,42.69,38531
2022-04-11 12:10:00,42.7,42.73,42.585,42.655,37810
2022-04-11 12:15:00,42.65,42.76,42.65,42.755,46723
2022-04-11 12:20:00,42.76,42.81,42.745,42.775,45897
2022-04-11 12:25:00,42.77,42.81,42.725,42.735,58876
2022-04-11 12:30:00,42.735,42.76,42.665,42.6999,36683
2022-04-11 12:35:00,42.7,42.76,42.65,42.75,54198
2022-04-11 12:40:00,42.75,42.75,42.64,42.675,47220
2022-04-11 12:45:00,42.68,42.715,42.57,42.625,67986
2022-04-11 12:50:00,42.62,42.68,42.395,42.47,129121
2022-04-11 12:55:00,42.4719,42.5662,42.42,42.56,98018
2022-04-11 13:00:00,42.5434,42.7,42.5434,42.69,59346
2022-04-11 13:05:00,42.69,42.75,42.64,42.6499,26802
2022-04-11 13:10:00,42.65,42.68,42.58,42.65,63244
2022-04-11 13:15:00,42.64,42.66,42.4445,42.5,88723
2022-04-11 13:20:00,42.51,42.55,42.435,42.455,56851
2022-04-11 13:25:00,42.465,42.62,42.465,42.58,55448
2022-04-11 13:30:00,42.58,42.71,42.58,42.69,46125
2022-04-11 13:35:00,42.71,42.75,42.56,42.59,50183
2022-04-11 13:40:00,42.59,42.645,42.52,42.5499,45609
2022-04-11 13:45:00,42.55,42.57,42.5032,42.51,26610
2022-04-11 13:50:00,42.505,42.565,42.44,42.54,77535
2022-04-11 13:55:00,42.535,42.63,42.49,42.62,55905
2022-04-11 14:00:00,42.61,42.63,42.53,42.5718,43178
2022-04-11 14:05:00,42.58,42.69,42.535,42.64,57341
2022-04-11 14:10:00,42.63,42.66,42.425,42.44,70578
2022-04-11 14:15:00,42.43,42.46,42.36,42.37,59861
2022-04-11 14:20:00,42.35,42.44,42.33,42.3815,71343
2022-04-11 14:25:00,42.38,42.51,42.365,42.49,46390
2022-04-11 14:30:00,42.49,42.585,42.43,42.555,65735
2022-04-11 14:35:00,42.55,42.59,42.5,42.54,97346
2022-04-11 14:40:00,42.54,42.57,42.47,42.52,56624
2022-04-11 14:45:00,42.52,42.675,42.51,42.6708,106932
2022-04-11 14:50:00,42.675,42.77,42.655,42.72,84577
2022-04-11 14:55:00,42.72,42.809,42.72,42.809,86658
2022-04-11 15:00:00,42.795,42.83,42.63,42.65,156284
2022-04-11 15:05:00,42.645,42.83,42.635,42.83,104814
2022-04-11 15:10:00,42.835,42.88,42.79,42.81,99878
2022-04-11 15:15:00,42.81,42.86,42.755,42.83,120564
2022-04-11 15:20:00,42.83,42.87,42.79,42.865,61208
2022-04-11 15:25:00,42.86,42.88,42.73,42.76,93720
2022-04-11 15:30:00,42.755,42.79,42.68,42.69,90859
2022-04-11 15:35:00,42.69,42.715,42.56,42.565,153471
2022-04-11 15:40:00,42.56,42.56,42.42,42.5,225455
2022-04-11 15:45:00,42.49,42.49,42.35,42.475,181219
2022-04-11 15:50:00,42.48,42.54,42.39,42.405,223846
2022-04-11 15:55:00,42.405,42.435,42.365,42.42,314926
2022-04-11 16:00:00,42.42,42.42,42.05,42.05,414377
2022-04-11 16:05:00,42.34,42.34,42.34,42.34,100
2022-04-11 16:10:00,42.2,42.39,42.2,42.39,1100
2022-04-11 16:15:00,42.39,42.39,42.3,42.3,536
2022-04-11 16:20:00,42.39,42.39,42.39,42.39,500
2022-04-11 16:30:00,42.3038,42.3038,42.3038,42.3038,217
2022-04-11 16:35:00,42.39,42.39,42.39,42.39,498
2022-04-11 16:50:00,42.38,42.38,42.38,42.38,100
2022-04-11 17:05:00,42.3063,42.3063,42.3063,42.3063,100
2022-04-11 17:10:00,42.35,42.3898,42.35,42.3898,600
2022-04-11 17:15:00,42.39,42.39,42.39,42.39,300
2022-04-11 17:20:00,42.35,42.35,42.35,42.35,170
2022-04-11 17:30:00,42.3065,42.3065,42.3065,42.3065,800
2022-04-11 17:45:00,42.35,42.39,42.35,42.39,1100
2022-04-11 17:50:00,42.3506,42.3506,42.35,42.35,1450
2022-04-11 18:00:00,42.39,42.39,42.39,42.39,100
2022-04-11 18:05:00,42.38,42.39,42.38,42.39,1393
2022-04-11 18:10:00,42.4,42.4,42.4,42.4,300
2022-04-11 18:25:00,42.45,42.5,42.45,42.5,429
2022-04-11 18:30:00,42.45,42.5,42.45,42.5,1434
2022-04-11 18:40:00,42.5,42.5,42.5,42.5,2000
2022-04-11 19:00:00,42.49,42.5,42.49,42.5,481
2022-04-11 19:35:00,42.4,42.44,42.4,42.43,3474
2022-04-11 19:40:00,42.44,42.44,42.44,42.44,100
2022-04-11 19:45:00,42.44,42.44,42.44,42.44,100
2022-04-11 19:55:00,42.4,42.4,42.4,42.4,500
2022-04-12 04:20:00,42.77,42.77,42.77,42.77,100
2022-04-12 05:25:00,42.35,42.35,42.35,42.35,375
2022-04-12 07:00:00,42.42,42.42,42.42,42.42,700
2022-04-12 07:10:00,42.42,42.42,42.42,42.42,5600
2022-04-12 07:15:00,42.42,42.42,42.42,42.42,200
2022-04-12 07:25:00,42.43,42.43,42.43,42.43,195
2022-04-12 07:35:00,42.48,42.48,42.48,42.48,600
2022-04-12 07:50:00,42.5,42.5,42.5,42.5,300
2022-04-12 08:00:00,42.5099,42.52,42.42,42.52,5000
2022-04-12 08:05:00,42.54,42.56,42.54,42.56,2280
2022-04-12 08:15:00,42.61,42.72,42.61,42.72,890
2022-04-12 08:20:00,42.65,42.65,42.59,42.59,593
2022-04-12 08:25:00,42.7684,42.7684,42.7684,42.7684,300
2022-04-12 08:30:00,42.74,42.78,42.7399,42.78,3000
2022-04-12 08:35:00,42.8,42.81,42.73,42.7901,4989
2022-04-12 08:40:00,42.79,42.94,42.79,42.9,9144
2022-04-12 08:45:00,42.94,43.04,42.9,43.0,6665
2022-04-12 08:50:00,42.96,43.0188,42.91,42.91,2640
2022-04-12 08:55:00,43.01,43.05,43.0,43.0,2797
2022-04-12 09:00:00,42.92,42.99,42.9,42.97,7664
2022-04-12 09:05:00,42.98,43.05,42.91,43.04,8031
2022-04-12 09:10:00,42.96,43.03,42.96,42.99,1275
2022-04-12 09:15:00,42.96,42.98,42.9,42.98,842
2022-04-12 09:20:00,42.91,42.92,42.87,42.88,3767
2022-04-12 09:25:00,42.85,42.98,42.5,42.56,24115
2022-04-12 09:30:00,42.57,42.76,41.79,42.209,472380
2022-04-12 09:35:00,42.25,42.77,41.91,42.63,364475
2022-04-12 09:40:00,42.68,42.82,42.33,42.3746,178683
2022-04-12 09:45:00,42.385,42.64,42.23,42.6,203892
2022-04-12 09:50:00,42.59,42.8,42.57,42.77,270433
2022-04-12 09:55:00,42.76,42.94,42.61,42.92,301491
2022-04-12 10:00:00,42.925,43.14,42.7,43.12,210328
2022-04-12 10:05:00,43.115,43.32,43.11,43.2655,175655
2022-04-12 10:10:00,43.27,43.29,43.005,43.05,157364
2022-04-12 10:15:00,43.05,43.11,42.84,42.86,144768
2022-04-12 10:20:00,42.88,43.16,42.855,43.13,106508
2022-04-12 10:25:00,43.13,43.16,42.85,42.85,123317
2022-04-12 10:30:00,42.86,43.0,42.7994,42.956,99588
2022-04-12 10:35:00,42.9597,43.02,42.69,42.72,117428
2022-04-12 10:40:00,42.72,42.765,42.58,42.7,152298
2022-04-12 10:45:00,42.71,42.79,42.56,42.645,52436
2022-04-12 10:50:00,42.645,42.6491,42.48,42.54,92886
2022-04-12 10:55:00,42.52,42.68,42.52,42.5914,80975
2022-04-12 11:00:00,42.595,42.72,42.5609,42.7,82370
2022-04-12 11:05:00,42.705,42.78,42.54,42.67,81344
2022-04-12 11:10:00,42.68,42.7084,42.58,42.69,62632
2022-04-12 11:15:00,42.7,42.72,42.59,42.635,70295
2022-04-12 11:20:00,42.64,42.72,42.605,42.705,42712
2022-04-12 11:25:00,42.71,42.8907,42.71,42.82,81114
2022-04-12 11:30:00,42.83,42.91,42.8,42.84,59679
2022-04-12 11:35:00,42.84,42.85,42.71,42.78,70316
2022-04-12 11:40:00,42.79,42.82,42.735,42.809,58490
2022-04-12 11:45:00,42.825,42.86,42.8032,42.83,49610
2022-04-12 11:50:00,42.83,42.845,42.69,42.695,51594
2022-04-12 11:55:00,42.7,42.73,42.65,42.7104,56484
2022-04-12 12:00:00,42.71,42.76,42.65,42.71,71419
2022-04-12 12:05:00,42.715,42.735,42.59,42.625,70076
2022-04-12 12:10:00,42.63,42.63,42.52,42.56,74958
2022-04-12 12:15:00,42.565,42.69,42.52,42.525,66859
2022-04-12 12:20:00,42.51,42.57,42.46,42.495,67142
2022-04-12 12:25:00,42.49,42.55,42.41,42.45,93798
2022-04-12 12:30:00,42.44,42.4867,42.395,42.41,72555
2022-04-12 12:35:00,42.41,42.515,42.4,42.515,32183
2022-04-12 12:40:00,42.52,42.54,42.44,42.5,58490
2022-04-12 12:45:00,42.5,42.53,42.42,42.53,45840
2022-04-12 12:50:00,42.53,42.57,42.47,42.47,47666
2022-04-12 12:55:00,42.47,42.565,42.4302,42.55,74442
2022-04-12 13:00:00,42.53,42.54,42.43,42.51,62218
2022-04-12 13:05:00,42.52,42.57,42.465,42.51,121600
2022-04-12 13:10:00,42.5,42.747,42.5,42.71,111735
2022-04-12 13:15:00,42.695,42.74,42.595,42.69,63717
2022-04-12 13:20:00,42.685,42.71,42.57,42.5846,66590
2022-04-12 13:25:00,42.59,42.59,42.49,42.49,54968
2022-04-12 13:30:00,42.5,42.58,42.47,42.53,33186
2022-04-12 13:35:00,42.509,42.595,42.475,42.48,52901
2022-04-12 13:40:00,42.48,42.545,42.445,42.47,43978
2022-04-12 13:45:00,42.475,42.475,42.385,42.4,52753
2022-04-12 13:50:00,42.395,42.41,42.29,42.315,71736
2022-04-12 13:55:00,42.31,42.31,42.22,42.26,63251
2022-04-12 14:00:00,42.24,42.327,42.16,42.31,89569
2022-04-12 14:05:00,42.29,42.42,42.265,42.36,103826
2022-04-12 14:10:00,42.36,42.4208,42.345,42.35,57723
2022-04-12 14:15:00,42.355,42.355,42.22,42.295,81634
2022-04-12 14:20:00,42.29,42.34,42.245,42.2526,56079
2022-04-12 14:25:00,42.25,42.335,42.24,42.315,90046
2022-04-12 14:30:00,42.315,42.395,42.295,42.37,125867
2022-04-12 14:35:00,42.36,42.44,42.3168,42.375,68043
2022-04-12 14:40:00,42.365,42.4,42.31,42.335,110981
2022-04-12 14:45:00,42.34,42.515,42.34,42.51,84540
2022-04-12 14:50:00,42.5,42.615,42.465,42.585,48061
2022-04-12 14:55:00,42.585,42.62,42.5,42.515,123856
2022-04-12 15:00:00,42.51,42.53,42.348,42.38,42594
2022-04-12 15:05:00,42.38,42.43,42.3567,42.3727,39659
2022-04-12 15:10:00,42.375,42.435,42.363,42.42,47782
2022-04-12 15:15:00,42.425,42.51,42.405,42.51,63056
2022-04-12 15:20:00,42.51,42.57,42.505,42.53,65319
2022-04-12 15:25:00,42.52,42.54,42.3533,42.4119,101521
2022-04-12 15:30:00,42.405,42.525,42.38,42.505,92133
2022-04-12 15:35:00,42.505,42.68,42.49,42.64,81777
2022-04-12 15:40:00,42.645,42.71,42.61,42.655,91810
2022-04-12 15:45:00,42.655,42.825,42.61,42.8,204983
2022-04-12 15:50:00,42.8,42.8,42.64,42.7273,185436
2022-04-12 15:55:00,42.725,42.775,42.725,42.73,262677
2022-04-12 16:00:00,42.73,42.84,42.5006,42.5006,271829
2022-04-12 16:05:00,42.56,42.56,42.55,42.55,1333
2022-04-12 16:10:00,42.71,42.71,42.65,42.65,2021
2022-04-12 16:25:00,42.56,42.73,42.56,42.73,2000
2022-04-12 16:35:00,42.65,42.7,42.65,42.7,6045
2022-04-12 16:45:00,42.7845,42.7845,42.65,42.65,300
2022-04-12 16:50:00,42.65,42.65,42.65,42.65,250
2022-04-12 17:50:00,42.75,42.75,42.75,42.75,500
2022-04-12 17:55:00,42.75,42.75,42.75,42.75,100
2022-04-12 18:25:00,42.74,42.75,42.74,42.74,670
2022-04-12 18:35:00,42.75,42.75,42.75,42.75,1000
2022-04-12 18:50:00,42.7,42.7,42.7,42.7,108
2022-04-12 18:55:00,42.65,42.65,42.65,42.65,200
2022-04-12 19:00:00,42.68,42.75,42.68,42.75,300
2022-04-12 19:05:00,42.7,42.7,42.7,42.7,200
2022-04-12 19:10:00,42.72,42.72,42.72,42.72,100
2022-04-12 19:40:00,42.8,42.8,42.8,42.8,800
2022-04-12 19:50:00,42.9,42.9,42.9,42.9,950
2022-04-12 19:55:00,43.0,43.0,42.9001,42.9001,1850
2022-04-13 04:25:00,43.11,43.11,43.11,43.11,1000
2022-04-13 05:15:00,43.11,43.11,43.11,43.11,100
2022-04-13 06:30:00,43.17,43.18,43.09,43.17,808
2022-04-13 06:35:00,43.51,44.48,43.37,44.39,19976
2022-04-13 06:40:00,44.15,44.55,44.15,44.39,3241
2022-04-13 06:45:00,44.4,44.77,44.4,44.77,1040
2022-04-13 06:50:00,44.71,44.87,44.71,44.87,6717
2022-04-13 06:55:00,44.86,45.01,44.86,45.0,15729
2022-04-13 07:00:00,45.0,45.01,44.78,44.78,59987
2022-04-13 07:05:00,44.81,44.86,44.75,44.75,1565
2022-04-13 07:10:00,44.79,44.88,44.75,44.85,7400
2022-04-13 07:15:00,44.83,45.15,44.83,45.01,12093
2022-04-13 07:20:00,44.99,44.99,44.87,44.87,1754
2022-04-13 07:25:00,44.86,44.87,44.75,44.75,49308
2022-04-13 07:30:00,44.75,44.79,44.75,44.78,27899
2022-04-13 07:35:00,44.77,45.0,44.76,44.94,7951
2022-04-13 07:40:00,44.93,44.93,44.81,44.83,2600
2022-04-13 07:45:00,44.87,44.91,44.75,44.81,16687
2022-04-13 07:50:00,44.85,44.9,44.85,44.85,950
2022-04-13 07:55:00,44.86,44.89,44.83,44.89,6545
2022-04-13 08:00:00,45.06,45.1,44.75,44.86,105801
2022-04-13 08:05:00,44.84,45.0,44.78,44.95,9323
2022-04-13 08:10:00,44.94,44.95,44.8701,44.88,3372
2022-04-13 08:15:00,44.85,44.99,44.77,44.85,9024
2022-04-13 08:20:00,44.94,44.94,44.8,44.8,2499
2022-04-13 08:25:00,44.75,44.76,44.62,44.73,17293
2022-04-13 08:30:00,44.65,44.68,44.61,44.62,1708
2022-04-13 08:35:00,44.67,44.8,44.67,44.8,7594
2022-04-13 08:40:00,44.79,44.83,44.79,44.8,1191
2022-04-13 08:45:00,44.67,44.94,44.454,44.51,40943
2022-04-13 08:50:00,44.5,44.74,44.49,44.66,10019
2022-04-13 08:55:00,44.71,44.73,44.65,44.66,18789
2022-04-13 09:00:00,44.68,44.83,44.68,44.8201,7545
2022-04-13 09:05:00,44.8699,44.87,44.65,44.65,14645
2022-04-13 09:10:00,44.66,44.69,44.45,44.5,29491
2022-04-13 09:15:00,44.49,44.55,44.24,44.41,87940
2022-04-13 09:20:00,44.38,44.69,44.37,44.64,48633
2022-04-13 09:25:00,44.64,44.82,44.49,44.73,37252
2022-04-13 09:30:00,44.72,44.99,44.44,44.68,907212
2022-04-13 09:35:00,44.685,44.99,44.49,44.82,647740
2022-04-13 09:40:00,44.84,44.93,44.2916,44.425,458503
2022-04-13 09:45:00,44.42,44.56,44.18,44.39,301114
2022-04-13 09:50:00,44.44,44.47,44.01,44.1917,310493
2022-04-13 09:55:00,44.2,44.51,44.12,44.33,333855
2022-04-13 10:00:00,44.33,44.36,44.108,44.2924,263679
2022-04-13 10:05:00,44.3,44.32,44.1519,44.24,221637
2022-04-13 10:10:00,44.24,44.71,44.19,44.69,718994
2022-04-13 10:15:00,44.7,45.27,44.7,44.85,863079
2022-04-13 10:20:00,44.83,44.84,44.465,44.755,371559
2022-04-13 10:25:00,44.77,44.865,44.55,44.64,190589
2022-04-13 10:30:00,44.64,44.8028,44.49,44.56,177979
2022-04-13 10:35:00,44.56,44.685,44.47,44.68,156847
2022-04-13 10:40:00,44.67,44.765,44.5,44.745,184733
2022-04-13 10:45:00,44.75,44.875,44.65,44.7,200958
2022-04-13 10:50:00,44.7,44.86,44.6957,44.78,117191
2022-04-13 10:55:00,44.78,44.92,44.72,44.89,115924
2022-04-13 11:00:00,44.9,45.03,44.84,44.94,191892
2022-04-13 11:05:00,44.94,44.975,44.805,44.8299,127396
2022-04-13 11:10:00,44.8287,45.0,44.82,44.99,141889
2022-04-13 11:15:00,44.9828,45.0694,44.94,44.96,142991
2022-04-13 11:20:00,44.96,45.08,44.955,45.06,106204
2022-04-13 11:25:00,45.06,45.24,45.04,45.2,268119
2022-04-13 11:30:00,45.21,45.268,45.15,45.16,133769
2022-04-13 11:35:00,45.15,45.17,45.07,45.17,109789
2022-04-13 11:40:00,45.17,45.2,45.0999,45.19,121675
2022-04-13 11:45:00,45.1986,45.335,45.18,45.22,207455
2022-04-13 11:50:00,45.22,45.22,44.985,44.99,158236
2022-04-13 11:55:00,44.99,44.99,44.89,44.955,88759
2022-04-13 12:00:00,44.955,45.03,44.855,44.99,127816
2022-04-13 12:05:00,44.99,45.0408,44.89,44.895,60945
2022-04-13 12:10:00,44.89,44.965,44.86,44.9499,74576
2022-04-13 12:15:00,44.945,44.98,44.885,44.9,83910
2022-04-13 12:20:00,44.91,45.01,44.8999,45.01,80801
2022-04-13 12:25:00,45.01,45.1,44.915,45.0806,83176
2022-04-13 12:30:00,45.09,45.23,45.06,45.22,92991
2022-04-13 12:35:00,45.225,45.3,45.13,45.2896,106825
2022-04-13 12:40:00,45.2858,45.38,45.285,45.375,107087
2022-04-13 12:45:00,45.3713,45.375,45.285,45.33,107735
2022-04-13 12:50:00,45.33,45.3499,45.2401,45.27,170085
2022-04-13 12:55:00,45.28,45.34,45.165,45.2514,130044
2022-04-13 13:00:00,45.245,45.26,45.21,45.217,62399
2022-04-13 13:05:00,45.2,45.25,45.16,45.235,73078
2022-04-13 13:10:00,45.22,45.335,45.2152,45.295,71912
2022-04-13 13:15:00,45.3,45.35,45.275,45.3203,83614
2022-04-13 13:20:00,45.32,45.32,45.25,45.2932,59384
2022-04-13 13:25:00,45.305,45.305,45.2,45.22,75212
2022-04-13 13:30:00,45.24,45.25,45.12,45.13,87361
2022-04-13 13:35:00,45.14,45.195,44.99,44.9999,79321
2022-04-13 13:40:00,44.9936,45.0985,44.96,45.0863,123630
2022-04-13 13:45:00,45.09,45.135,45.05,45.11,59270
2022-04-13 13:50:00,45.1,45.11,45.0,45.01,52224
2022-04-13 13:55:00,45.01,45.1,44.98,45.08,68895
2022-04-13 14:00:00,45.08,45.0801,44.9832,45.02,71302
2022-04-13 14:05:00,45.02,45.1299,45.005,45.09,54736
2022-04-13 14:10:00,45.09,45.105,44.99,45.0,102190
2022-04-13 14:15:00,45.0,45.1092,44.97,45.105,67662
2022-04-13 14:20:00,45.11,45.14,45.06,45.06,92422
2022-04-13 14:25:00,45.07,45.105,45.015,45.095,59653
2022-04-13 14:30:00,45.0999,45.14,45.0607,45.115,75800
2022-04-13 14:35:00,45.11,45.11,45.005,45.04,94752
2022-04-13 14:40:00,45.02,45.075,44.9607,45.015,96608
2022-04-13 14:45:00,45.02,45.03,44.96,44.995,99336
2022-04-13 14:50:00,44.995,45.068,44.99,45.045,113204
2022-04-13 14:55:00,45.04,45.075,44.995,45.02,54555
2022-04-13 15:00:00,45.025,45.05,45.01,45.035,40270
2022-04-13 15:05:00,45.035,45.12,45.025,45.0989,115704
2022-04-13 15:10:00,45.095,45.1165,45.0696,45.105,69401
2022-04-13 15:15:00,45.11,45.15,45.1,45.1499,68486
2022-04-13 15:20:00,45.14,45.15,45.045,45.07,96154
2022-04-13 15:25:00,45.08,45.085,44.99,45.03,78805
2022-04-13 15:30:00,45.0293,45.195,45.015,45.165,160092
2022-04-13 15:35:00,45.17,45.185,45.06,45.11,178918
2022-04-13 15:40:00,45.11,45.175,45.085,45.1425,165474
2022-04-13 15:45:00,45.145,45.2,45.1,45.1391,274371
2022-04-13 15:50:00,45.14,45.21,45.075,45.14,326682
2022-04-13 15:55:00,45.14,45.17,45.08,45.13,452888
2022-04-13 16:00:00,45.14,45.14,45.05,45.06,408991
2022-04-13 16:05:00,45.0601,45.0601,45.06,45.06,300
2022-04-13 16:10:00,45.14,45.14,45.07,45.07,1540
2022-04-13 16:20:00,45.12,45.13,45.12,45.13,743
2022-04-13 16:25:00,45.14,45.14,45.14,45.14,142
2022-04-13 16:30:00,45.1,45.1,45.06,45.06,476
2022-04-13 16:35:00,45.13,45.14,45.12,45.12,1980
2022-04-13 16:40:00,45.1301,45.1747,45.13,45.13,1925
2022-04-13 16:45:00,45.18,45.18,45.0902,45.0902,1013
2022-04-13 16:50:00,45.08,45.08,45.08,45.08,1650
2022-04-13 17:00:00,45.0605,45.0605,45.06,45.06,2203
2022-04-13 17:10:00,45.07,45.07,45.07,45.07,1188
2022-04-13 17:20:00,45.14,45.1401,45.14,45.14,968
2022-04-13 17:25:00,45.14,45.14,45.14,45.14,2100
2022-04-13 18:00:00,45.12,45.12,45.12,45.12,100
2022-04-13 18:10:00,45.12,45.12,45.12,45.12,12300
2022-04-13 18:15:00,45.1,45.1099,45.1,45.1099,2400
2022-04-13 18:20:00,45.1,45.1,45.1,45.1,1147
2022-04-13 18:25:00,45.09,45.09,45.09,45.09,100
2022-04-13 18:30:00,45.09,45.09,45.09,45.09,100
2022-04-13 18:35:00,45.11,45.11,45.11,45.11,100
2022-04-13 18:45:00,45.11,45.11,45.11,45.11,300
2022-04-13 18:50:00,45.11,45.11,45.11,45.11,100
2022-04-13 18:55:00,45.12,45.19,45.12,45.19,2079
2022-04-13 19:05:00,45.19,45.19,45.19,45.19,900
2022-04-13 19:15:00,45.19,45.19,45.19,45.19,100
2022-04-13 19:20:00,45.22,45.22,45.19,45.19,603
2022-04-13 19:30:00,45.21,45.21,45.21,45.21,605
2022-04-13 19:35:00,45.2,45.22,45.19,45.22,2419
2022-04-13 19:40:00,45.22,45.22,45.22,45.22,200
2022-04-13 19:50:00,45.22,45.22,45.21,45.21,1102
2022-04-13 19:55:00,45.22,45.25,45.22,45.22,3082
2022-04-14 04:00:00,45.73,45.73,45.73,45.73,871
2022-04-14 04:10:00,45.58,45.58,45.58,45.58,750
2022-04-14 05:05:00,45.6,45.6,45.6,45.6,4486
2022-04-14 05:10:00,45.6,45.6,45.6,45.6,350
2022-04-14 05:45:00,45.59,45.59,45.59,45.59,650
2022-04-14 06:05:00,45.57,45.57,45.57,45.57,100
2022-04-14 06:10:00,45.57,45.57,45.57,45.57,200
2022-04-14 06:20:00,45.58,45.58,45.58,45.58,100
2022-04-14 06:35:00,45.57,45.57,45.56,45.56,300
2022-04-14 06:40:00,45.55,45.56,45.55,45.56,200
2022-04-14 06:45:00,45.48,45.5,45.48,45.48,2906
2022-04-14 07:00:00,45.42,45.42,45.36,45.4,1700
2022-04-14 07:05:00,45.45,45.48,45.45,45.48,1020
2022-04-14 07:10:00,45.47,45.49,45.47,45.49,250
2022-04-14 07:15:00,45.48,45.5,45.4,45.4,1400
2022-04-14 07:20:00,45.4,45.4,45.4,45.4,640
2022-04-14 07:50:00,45.4,45.4,45.39,45.39,484
2022-04-14 07:55:00,45.35,45.35,45.35,45.35,1802
2022-04-14 08:00:00,45.44,45.49,45.35,45.35,8401
2022-04-14 08:05:00,45.38,45.42,45.38,45.42,750
2022-04-14 08:10:00,45.3999,45.3999,45.3999,45.3999,1500
2022-04-14 08:15:00,45.38,45.38,45.38,45.38,500
2022-04-14 08:20:00,45.4,45.4899,45.4,45.4899,1096
2022-04-14 08:25:00,45.44,45.49,45.44,45.49,2271
2022-04-14 08:30:00,45.49,45.49,45.37,45.41,1418
2022-04-14 08:35:00,45.4,45.41,45.3,45.3,4547
2022-04-14 08:40:00,45.34,45.34,45.2,45.2,840
2022-04-14 08:45:00,45.08,45.23,45.08,45.23,2330
2022-04-14 09:00:00,45.27,45.27,45.2,45.2,2032
2022-04-14 09:05:00,45.2,45.2,45.2,45.2,290
2022-04-14 09:10:00,45.31,45.41,45.31,45.4,5482
2022-04-14 09:15:00,45.38,45.38,45.38,45.38,100
2022-04-14 09:20:00,45.3799,45.4,45.3799,45.4,920
2022-04-14 09:25:00,45.47,45.52,45.34,45.5,4866
2022-04-14 09:30:00,45.52,45.92,45.41,45.88,508885
2022-04-14 09:35:00,45.89,46.19,45.74,46.0747,375889
2022-04-14 09:40:00,46.08,46.18,45.7201,45.865,464480
2022-04-14 09:45:00,45.87,46.07,45.77,45.995,156457
2022-04-14 09:50:00,46.0,46.26,45.91,46.07,224875
2022-04-14 09:55:00,46.04,46.22,45.95,46.17,157360
2022-04-14 10:00:00,46.19,46.51,46.1248,46.38,403358
2022-04-14 10:05:00,46.375,46.38,45.8742,46.0,295033
2022-04-14 10:10:00,45.99,46.01,45.825,45.83,144928
2022-04-14 10:15:00,45.825,46.0,45.605,45.89,182076
2022-04-14 10:20:00,45.88,46.02,45.7991,45.98,111236
2022-04-14 10:25:00,45.97,45.9783,45.815,45.84,144018
2022-04-14 10:30:00,45.845,45.98,45.77,45.84,151589
2022-04-14 10:35:00,45.83,45.87,45.78,45.82,129966
2022-04-14 10:40:00,45.82,45.83,45.51,45.61,104631
2022-04-14 10:45:00,45.59,45.68,45.4656,45.5,160887
2022-04-14 10:50:00,45.5,45.675,45.4,45.44,135952
2022-04-14 10:55:00,45.4558,45.54,45.3906,45.49,134460
2022-04-14 11:00:00,45.48,45.665,45.43,45.63,105718
2022-04-14 11:05:00,45.62,45.72,45.57,45.7,100972
2022-04-14 11:10:00,45.7,45.71,45.59,45.6,70758
2022-04-14 11:15:00,45.6,45.68,45.46,45.56,65964
2022-04-14 11:20:00,45.57,45.66,45.47,45.61,89665
2022-04-14 11:25:00,45.61,45.62,45.465,45.465,93682
2022-04-14 11:30:00,45.47,45.6,45.47,45.59,109586
2022-04-14 11:35:00,45.58,45.61,45.51,45.54,95528
2022-04-14 11:40:00,45.55,45.59,45.445,45.48,76957
2022-04-14 11:45:00,45.4717,45.53,45.44,45.48,68784
2022-04-14 11:50:00,45.485,45.555,45.43,45.52,72986
2022-04-14 11:55:00,45.51,45.579,45.45,45.54,67522
2022-04-14 12:00:00,45.53,45.6,45.48,45.485,41108
2022-04-14 12:05:00,45.46,45.5491,45.44,45.51,65180
2022-04-14 12:10:00,45.48,45.56,45.465,45.4657,73771
2022-04-14 12:15:00,45.47,45.5,45.3,45.33,109726
2022-04-14 12:20:00,45.34,45.34,45.22,45.265,108344
2022-04-14 12:25:00,45.27,45.275,45.085,45.09,119316
2022-04-14 12:30:00,45.1,45.2569,45.09,45.24,170321
2022-04-14 12:35:00,45.25,45.33,45.2,45.27,97700
2022-04-14 12:40:00,45.26,45.26,45.19,45.23,67563
2022-04-14 12:45:00,45.21,45.24,45.155,45.21,52503
2022-04-14 12:50:00,45.21,45.26,45.085,45.245,130924
2022-04-14 12:55:00,45.24,45.365,45.21,45.355,79196
2022-04-14 13:00:00,45.36,45.43,45.335,45.43,51976
2022-04-14 13:05:00,45.43,45.44,45.315,45.355,52977
2022-04-14 13:10:00,45.35,45.38,45.305,45.355,46602
2022-04-14 13:15:00,45.37,45.385,45.305,45.315,43255
2022-04-14 13:20:00,45.315,45.39,45.315,45.345,36199
2022-04-14 13:25:00,45.35,45.4,45.28,45.31,56673
2022-04-14 13:30:00,45.3,45.38,45.275,45.318,88767
2022-04-14 13:35:00,45.32,45.4299,45.32,45.3601,71612
2022-04-14 13:40:00,45.37,45.465,45.35,45.415,73950
2022-04-14 13:45:00,45.41,45.49,45.41,45.475,90102
2022-04-14 13:50:00,45.475,45.61,45.47,45.52,110428
2022-04-14 13:55:00,45.51,45.52,45.435,45.47,63422
2022-04-14 14:00:00,45.47,45.51,45.4,45.46,71598
2022-04-14 14:05:00,45.45,45.47,45.395,45.4,46753
2022-04-14 14:10:00,45.395,45.45,45.36,45.39,59020
2022-04-14 14:15:00,45.395,45.4,45.32,45.335,62823
2022-04-14 14:20:00,45.33,45.3501,45.23,45.27,63358
2022-04-14 14:25:00,45.275,45.39,45.24,45.345,101332
2022-04-14 14:30:00,45.34,45.39,45.27,45.2902,70980
2022-04-14 14:35:00,45.3,45.315,45.21,45.25,52739
2022-04-14 14:40:00,45.25,45.325,45.25,45.32,53069
2022-04-14 14:45:00,45.32,45.34,45.29,45.33,38323
2022-04-14 14:50:00,45.335,45.37,45.215,45.24,78888
2022-04-14 14:55:00,45.225,45.24,45.1,45.1563,74275
2022-04-14 15:00:00,45.15,45.2101,45.11,45.17,89306
2022-04-14 15:05:00,45.175,45.245,45.16,45.18,73505
2022-04-14 15:10:00,45.18,45.2799,45.16,45.2472,92571
2022-04-14 15:15:00,45.26,45.33,45.25,45.295,87716
2022-04-14 15:20:00,45.285,45.335,45.27,45.305,67602
2022-04-14 15:25:00,45.3,45.305,45.21,45.275,93728
2022-04-14 15:30:00,45.28,45.3499,45.26,45.32,118411
2022-04-14 15:35:00,45.315,45.4,45.305,45.3332,110278
2022-04-14 15:40:00,45.34,45.5,45.33,45.495,188139
2022-04-14 15:45:00,45.49,45.495,45.2249,45.23,376292
2022-04-14 15:50:00,45.23,45.23,45.035,45.09,570379
2022-04-14 15:55:00,45.095,45.14,45.07,45.1385,520741
2022-04-14 16:00:00,45.13,45.15,45.1,45.1001,387699
2022-04-14 16:05:00,45.12,45.15,45.12,45.15,4130
2022-04-14 16:10:00,45.19,45.19,45.11,45.11,790
2022-04-14 16:15:00,45.11,45.14,45.1,45.11,978
2022-04-14 16:20:00,45.14,45.19,45.12,45.12,6820
2022-04-14 16:30:00,45.14,45.14,45.14,45.14,400
2022-04-14 16:40:00,45.12,45.16,45.12,45.16,1960
2022-04-14 16:45:00,45.16,45.22,45.15,45.22,3993
2022-04-14 16:50:00,45.15,45.15,45.12,45.12,3700
2022-04-14 17:00:00,45.15,45.15,45.15,45.15,100
2022-04-14 17:15:00,45.15,45.15,45.14,45.14,210
2022-04-14 17:25:00,45.15,45.15,45.15,45.15,469
2022-04-14 17:35:00,45.18,45.18,45.18,45.18,100
2022-04-14 17:40:00,45.24,45.25,45.24,45.25,940
2022-04-14 17:55:00,45.236,45.236,45.14,45.14,2860
2022-04-14 18:05:00,45.23,45.23,45.23,45.23,364
2022-04-14 18:10:00,45.22,45.23,45.22,45.23,640
2022-04-14 18:15:00,45.2,45.25,45.2,45.25,6554
2022-04-14 18:20:00,45.24,45.24,45.24,45.24,100
2022-04-14 18:30:00,45.25,45.25,45.25,45.25,910
2022-04-14 18:35:00,45.24,45.3,45.2,45.3,2062
2022-04-14 18:50:00,45.29,45.3,45.29,45.3,1712
2022-04-14 18:55:00,45.28,45.28,45.28,45.28,300
