2022-04-01 07:50:00,514.98,514.98,514.98,514.98,100
2022-04-01 08:15:00,514.0,514.0,514.0,514.0,100
2022-04-01 09:25:00,511.83,511.83,510.02,510.02,300
2022-04-01 09:30:00,510.68,510.94,506.6,508.4055,67329
2022-04-01 09:35:00,508.56,511.41,507.64,510.86,17489
2022-04-01 09:40:00,510.77,511.57,510.14,510.615,12038
2022-04-01 09:45:00,510.53,512.59,509.91,512.59,14912
2022-04-01 09:50:00,512.63,513.36,512.63,512.815,12579
2022-04-01 09:55:00,512.655,512.69,511.0,512.64,11208
2022-04-01 10:00:00,512.36,513.42,512.345,513.12,10639
2022-04-01 10:05:00,513.17,514.665,513.1049,513.38,8220
2022-04-01 10:10:00,513.41,514.3,513.11,514.275,10907
2022-04-01 10:15:00,514.35,514.7812,513.865,514.08,8263
2022-04-01 10:20:00,514.28,514.28,512.53,512.92,6620
2022-04-01 10:25:00,513.05,513.15,512.14,512.14,4497
2022-04-01 10:30:00,512.005,512.095,510.82,510.85,9168
2022-04-01 10:35:00,510.77,511.4899,510.38,511.29,7781
2022-04-01 10:40:00,511.19,511.45,509.72,509.94,11571
2022-04-01 10:45:00,510.13,510.57,509.86,510.4285,16769
2022-04-01 10:50:00,510.35,511.74,510.205,511.7325,11422
2022-04-01 10:55:00,511.76,512.1774,511.5643,512.08,6940
2022-04-01 11:00:00,512.06,512.16,510.88,511.5244,12099
2022-04-01 11:05:00,511.64,512.41,511.535,511.86,4816
2022-04-01 11:10:00,511.86,512.44,511.7,511.76,4616
2022-04-01 11:15:00,511.72,512.44,511.435,511.55,8291
2022-04-01 11:20:00,511.57,512.1692,511.356,511.87,14819
2022-04-01 11:25:00,511.88,512.4,511.56,512.13,11233
2022-04-01 11:30:00,512.13,512.78,511.52,512.61,8444
2022-04-01 11:35:00,512.52,512.56,511.49,511.79,6859
2022-04-01 11:40:00,511.71,511.71,511.04,511.08,10927
2022-04-01 11:45:00,510.99,511.84,510.655,511.84,6502
2022-04-01 11:50:00,511.53,511.6277,510.8,511.549,6133
2022-04-01 11:55:00,511.5888,511.75,511.07,511.49,7064
2022-04-01 12:00:00,511.575,511.88,511.0687,511.765,4929
2022-04-01 12:05:00,511.66,511.66,510.64,511.01,4599
2022-04-01 12:10:00,511.14,511.48,510.885,511.18,4759
2022-04-01 12:15:00,511.2284,511.29,510.79,510.79,12802
2022-04-01 12:20:00,510.84,510.94,510.316,510.47,4666
2022-04-01 12:25:00,510.43,510.63,510.2159,510.58,4607
2022-04-01 12:30:00,510.475,510.54,509.915,510.15,5507
2022-04-01 12:35:00,510.28,510.41,509.9546,510.055,5607
2022-04-01 12:40:00,509.9,510.88,509.66,510.88,8578
2022-04-01 12:45:00,510.75,511.01,510.49,511.0,7668
2022-04-01 12:50:00,511.0,511.07,510.3,510.7,4343
2022-04-01 12:55:00,510.77,511.1,510.47,510.9,13216
2022-04-01 13:00:00,510.96,511.04,510.5,510.5,3817
2022-04-01 13:05:00,510.4947,511.04,510.44,510.5,4377
2022-04-01 13:10:00,510.43,510.43,509.85,510.35,4082
2022-04-01 13:15:00,510.335,510.335,509.5301,509.625,4806
2022-04-01 13:20:00,509.59,509.6,509.0,509.47,7647
2022-04-01 13:25:00,509.47,509.71,509.23,509.56,4234
2022-04-01 13:30:00,509.66,510.0,509.58,509.84,3893
2022-04-01 13:35:00,509.8315,510.8,509.8315,510.73,13435
2022-04-01 13:40:00,510.73,510.99,510.43,510.43,7650
2022-04-01 13:45:00,510.26,510.85,510.26,510.54,5214
2022-04-01 13:50:00,510.34,510.39,509.85,510.21,5732
2022-04-01 13:55:00,510.04,511.19,510.02,511.031,8031
2022-04-01 14:00:00,511.17,512.1,510.9914,512.02,11042
2022-04-01 14:05:00,511.9129,512.62,511.61,511.8,13441
2022-04-01 14:10:00,511.8,512.285,511.49,512.12,4751
2022-04-01 14:15:00,512.1,512.26,511.1,511.1,6425
2022-04-01 14:20:00,511.07,512.35,511.07,512.19,9250
2022-04-01 14:25:00,512.25,512.72,512.19,512.65,8260
2022-04-01 14:30:00,512.74,513.3985,512.51,512.7,6985
2022-04-01 14:35:00,512.71,512.76,512.325,512.47,8712
2022-04-01 14:40:00,512.62,513.075,512.56,512.99,11417
2022-04-01 14:45:00,513.2,513.34,512.8325,512.905,8873
2022-04-01 14:50:00,512.93,513.37,512.8083,513.355,5910
2022-04-01 14:55:00,513.55,513.66,512.5512,512.69,7811
2022-04-01 15:00:00,512.625,513.59,512.625,512.68,10253
2022-04-01 15:05:00,512.7,513.37,512.67,512.91,9724
2022-04-01 15:10:00,512.91,513.06,512.26,512.52,7882
2022-04-01 15:15:00,512.62,512.965,511.79,511.85,9673
2022-04-01 15:20:00,511.76,512.16,511.3809,511.98,10175
2022-04-01 15:25:00,512.13,512.55,511.8,511.85,19709
2022-04-01 15:30:00,511.79,512.2,511.04,511.28,11792
2022-04-01 15:35:00,511.28,511.46,510.88,511.02,14300
2022-04-01 15:40:00,511.17,511.795,510.9,511.5,13185
2022-04-01 15:45:00,511.4,511.99,511.04,511.92,14938
2022-04-01 15:50:00,512.09,513.39,511.87,512.7,27586
2022-04-01 15:55:00,512.6,513.26,512.23,512.4,83754
2022-04-01 16:00:00,512.59,512.59,512.59,512.59,517816
2022-04-01 16:10:00,512.59,512.59,512.59,512.59,1149
2022-04-01 16:35:00,512.59,512.59,512.59,512.59,268
2022-04-01 16:40:00,512.52,512.52,512.52,512.52,200
2022-04-04 09:25:00,511.88,511.88,510.62,511.08,900
2022-04-04 09:30:00,512.21,512.48,507.9,508.02,68964
2022-04-04 09:35:00,508.16,508.52,507.54,508.255,13297
2022-04-04 09:40:00,508.12,509.65,508.0,508.8,16777
2022-04-04 09:45:00,508.8532,509.43,506.87,506.94,28116
2022-04-04 09:50:00,506.99,508.37,506.78,508.2,10055
2022-04-04 09:55:00,508.21,509.11,507.88,507.91,14202
2022-04-04 10:00:00,507.945,507.945,506.36,507.3325,19134
2022-04-04 10:05:00,507.37,508.2065,507.37,507.88,7008
2022-04-04 10:10:00,507.975,507.975,506.0763,506.18,10494
2022-04-04 10:15:00,506.18,506.18,504.5301,506.06,16915
2022-04-04 10:20:00,506.27,506.99,506.115,506.8786,8930
2022-04-04 10:25:00,507.05,507.94,506.87,507.75,10016
2022-04-04 10:30:00,507.78,508.44,507.585,508.17,8082
2022-04-04 10:35:00,507.74,508.1547,507.29,507.67,8224
2022-04-04 10:40:00,507.5701,508.38,507.485,507.555,6961
2022-04-04 10:45:00,507.41,508.27,507.41,508.17,10240
2022-04-04 10:50:00,508.08,508.55,507.8,507.8,8672
2022-04-04 10:55:00,507.7,507.99,506.775,507.58,11709
2022-04-04 11:00:00,507.755,508.96,507.41,508.215,19465
2022-04-04 11:05:00,508.01,509.11,507.81,508.83,5481
2022-04-04 11:10:00,508.57,508.61,507.59,507.93,10257
2022-04-04 11:15:00,507.8862,509.11,507.8862,508.95,10760
2022-04-04 11:20:00,508.995,509.17,508.68,509.15,5112
2022-04-04 11:25:00,509.29,509.295,508.6,508.775,8059
2022-04-04 11:30:00,508.92,508.92,508.15,508.185,12274
2022-04-04 11:35:00,508.01,508.22,507.5868,508.17,4951
2022-04-04 11:40:00,508.18,508.495,507.92,508.495,6494
2022-04-04 11:45:00,508.38,509.4,508.38,509.15,8238
2022-04-04 11:50:00,509.31,510.08,509.13,510.08,5432
2022-04-04 11:55:00,510.3,510.81,510.3,510.52,7716
2022-04-04 12:00:00,510.46,510.83,510.015,510.015,3326
2022-04-04 12:05:00,510.19,510.43,509.47,509.68,3924
2022-04-04 12:10:00,509.7,510.05,509.375,509.375,9743
2022-04-04 12:15:00,509.58,509.58,508.86,509.17,8323
2022-04-04 12:20:00,509.1,509.165,508.0,508.5,11095
2022-04-04 12:25:00,508.5,508.86,508.2184,508.2785,7429
2022-04-04 12:30:00,508.25,508.3,507.74,507.755,5271
2022-04-04 12:35:00,507.545,507.545,506.85,506.89,3393
2022-04-04 12:40:00,506.905,507.3316,506.53,506.755,8983
2022-04-04 12:45:00,506.93,506.955,506.66,506.725,6525
2022-04-04 12:50:00,506.77,506.94,506.63,506.7,3188
2022-04-04 12:55:00,506.5785,507.13,506.55,506.99,6787
2022-04-04 13:00:00,506.8,506.9805,506.35,506.66,7090
2022-04-04 13:05:00,506.66,507.04,506.64,506.84,2399
2022-04-04 13:10:00,506.79,507.35,506.79,507.35,3013
2022-04-04 13:15:00,507.35,507.81,507.35,507.81,3104
2022-04-04 13:20:00,507.79,508.33,507.79,508.29,3622
2022-04-04 13:25:00,508.29,508.9136,508.29,508.825,2117
2022-04-04 13:30:00,508.695,509.105,508.695,508.955,6020
2022-04-04 13:35:00,508.94,509.42,508.24,508.24,6338
2022-04-04 13:40:00,508.01,508.29,507.75,508.0,7615
2022-04-04 13:45:00,508.0,508.145,507.05,507.26,6716
2022-04-04 13:50:00,507.35,507.76,507.35,507.64,2962
2022-04-04 13:55:00,507.63,507.9227,507.62,507.76,7855
2022-04-04 14:00:00,507.791,508.62,507.77,508.585,10273
2022-04-04 14:05:00,508.7,508.98,508.25,508.32,10611
2022-04-04 14:10:00,508.095,508.68,508.005,508.19,6848
2022-04-04 14:15:00,508.38,508.77,508.22,508.54,7110
2022-04-04 14:20:00,508.59,509.25,508.52,509.165,7528
2022-04-04 14:25:00,509.2646,509.53,508.61,508.76,7233
2022-04-04 14:30:00,508.86,508.99,508.62,508.8,5748
2022-04-04 14:35:00,508.69,508.72,508.2947,508.54,3438
2022-04-04 14:40:00,508.53,508.58,507.72,508.215,10950
2022-04-04 14:45:00,508.33,508.62,508.09,508.41,4247
2022-04-04 14:50:00,508.42,508.59,507.99,508.58,5237
2022-04-04 14:55:00,508.785,509.15,508.7,508.81,8196
2022-04-04 15:00:00,508.825,509.4399,508.71,509.4399,7357
2022-04-04 15:05:00,509.44,509.48,509.03,509.3799,13349
2022-04-04 15:10:00,509.26,509.26,508.78,509.0034,8368
2022-04-04 15:15:00,508.855,508.855,507.86,508.37,8263
2022-04-04 15:20:00,508.48,508.7,508.24,508.61,12906
2022-04-04 15:25:00,508.6,508.6,507.59,507.75,4188
2022-04-04 15:30:00,507.805,508.6,507.7,508.5,9125
2022-04-04 15:35:00,508.2253,508.86,508.2253,508.62,16263
2022-04-04 15:40:00,508.63,508.81,508.19,508.34,9403
2022-04-04 15:45:00,508.24,509.64,508.195,509.64,17555
2022-04-04 15:50:00,509.56,510.62,509.04,510.21,26536
2022-04-04 15:55:00,510.0257,510.67,509.23,509.76,117108
2022-04-04 16:00:00,510.02,511.1,510.02,510.02,912050
2022-04-04 16:10:00,510.02,510.02,510.02,510.02,660
2022-04-04 16:30:00,510.02,510.02,510.02,510.02,1011
2022-04-04 16:35:00,510.02,510.02,510.02,510.02,470
2022-04-04 18:25:00,510.0,510.0,510.0,510.0,300
2022-04-04 19:50:00,510.0,510.0,510.0,510.0,100
2022-04-05 07:10:00,510.0,510.0,510.0,510.0,100
2022-04-05 07:20:00,510.05,510.05,510.05,510.05,100
2022-04-05 08:05:00,510.0,510.0,510.0,510.0,300
2022-04-05 09:25:00,508.27,508.27,508.27,508.27,100
2022-04-05 09:30:00,510.0,510.0,508.0,509.4,65430
2022-04-05 09:35:00,509.67,514.43,509.475,514.41,33994
2022-04-05 09:40:00,514.59,518.48,514.59,518.11,26885
2022-04-05 09:45:00,518.1,518.1,516.355,516.7984,24310
2022-04-05 09:50:00,516.66,519.33,516.33,519.33,18596
2022-04-05 09:55:00,519.205,519.38,518.225,519.335,15654
2022-04-05 10:00:00,519.26,520.71,518.84,520.42,27822
2022-04-05 10:05:00,520.36,520.36,517.59,518.1,11900
2022-04-05 10:10:00,518.24,519.495,518.11,519.495,9271
2022-04-05 10:15:00,519.56,520.51,518.81,520.325,23136
2022-04-05 10:20:00,520.2,520.63,519.61,519.7,23584
2022-04-05 10:25:00,519.88,521.47,519.76,520.52,16862
2022-04-05 10:30:00,520.51,520.665,520.1117,520.5,16469
2022-04-05 10:35:00,520.51,522.43,520.45,521.55,17501
2022-04-05 10:40:00,521.25,522.25,520.57,521.67,24529
2022-04-05 10:45:00,521.675,521.675,520.95,521.29,19294
2022-04-05 10:50:00,521.22,522.455,520.98,521.67,17201
2022-04-05 10:55:00,521.71,522.77,521.43,522.71,28410
2022-04-05 11:00:00,522.71,524.1685,522.71,523.48,43248
2022-04-05 11:05:00,523.52,523.52,522.04,522.04,25754
2022-04-05 11:10:00,522.06,522.48,521.53,522.255,12903
2022-04-05 11:15:00,522.26,523.13,521.6,523.13,18839
2022-04-05 11:20:00,523.165,524.33,522.99,524.03,14003
2022-04-05 11:25:00,524.12,524.15,522.8,523.78,9638
2022-04-05 11:30:00,523.695,524.26,523.46,524.06,15882
2022-04-05 11:35:00,524.045,524.31,522.9625,523.28,16730
2022-04-05 11:40:00,523.42,524.59,523.42,524.35,12402
2022-04-05 11:45:00,524.34,524.51,523.59,524.51,12757
2022-04-05 11:50:00,524.41,524.505,523.4156,523.773,11508
2022-04-05 11:55:00,523.9,523.9,522.82,523.25,14086
2022-04-05 12:00:00,523.33,523.38,522.18,523.145,18895
2022-04-05 12:05:00,523.28,523.9575,523.12,523.83,10087
2022-04-05 12:10:00,523.95,524.57,523.77,524.24,11275
2022-04-05 12:15:00,524.275,524.275,523.545,523.8,10704
2022-04-05 12:20:00,523.8443,524.05,522.5301,522.685,15942
2022-04-05 12:25:00,522.6,522.9912,522.07,522.52,15656
2022-04-05 12:30:00,522.54,523.255,522.117,522.85,15806
2022-04-05 12:35:00,522.815,523.45,522.46,522.935,7194
2022-04-05 12:40:00,522.96,523.1,522.42,522.56,11329
2022-04-05 12:45:00,522.51,522.965,521.74,522.91,13965
2022-04-05 12:50:00,522.985,523.98,522.85,523.7501,13200
2022-04-05 12:55:00,523.75,523.75,523.14,523.28,6164
2022-04-05 13:00:00,523.14,523.33,523.01,523.27,6225
2022-04-05 13:05:00,523.23,524.2483,523.22,524.05,7581
2022-04-05 13:10:00,524.1345,524.68,523.69,524.1,15030
2022-04-05 13:15:00,524.18,524.497,523.91,523.99,13416
2022-04-05 13:20:00,524.29,524.7299,524.19,524.4214,6800
2022-04-05 13:25:00,524.38,524.48,523.825,524.21,5559
2022-04-05 13:30:00,524.23,524.23,523.62,523.92,5619
2022-04-05 13:35:00,524.01,524.0194,523.48,523.5367,4827
2022-04-05 13:40:00,523.41,523.41,522.34,522.34,5943
2022-04-05 13:45:00,522.2948,522.6452,521.85,521.88,10026
2022-04-05 13:50:00,521.81,521.9507,520.938,521.1,18379
2022-04-05 13:55:00,520.98,521.5,520.975,521.2026,6228
2022-04-05 14:00:00,521.23,521.58,521.02,521.21,6299
2022-04-05 14:05:00,521.22,521.47,521.03,521.32,5360
2022-04-05 14:10:00,521.3,521.54,520.81,520.97,5126
2022-04-05 14:15:00,520.81,520.81,520.25,520.695,5716
2022-04-05 14:20:00,520.8566,520.945,520.38,520.44,10301
2022-04-05 14:25:00,520.48,520.5732,519.8198,519.99,3990
2022-04-05 14:30:00,520.15,520.17,519.69,519.69,4785
2022-04-05 14:35:00,519.66,520.05,519.48,519.98,6442
2022-04-05 14:40:00,520.0026,520.04,519.52,519.93,10018
2022-04-05 14:45:00,519.88,520.14,519.19,519.482,8638
2022-04-05 14:50:00,519.64,519.955,519.56,519.82,6444
2022-04-05 14:55:00,519.937,519.98,519.1,519.15,4174
2022-04-05 15:00:00,519.19,519.53,519.1,519.12,6462
2022-04-05 15:05:00,519.04,519.04,518.355,518.76,7135
2022-04-05 15:10:00,518.84,518.95,517.91,518.14,15870
2022-04-05 15:15:00,518.165,518.33,517.73,517.73,8979
2022-04-05 15:20:00,517.73,518.75,517.69,518.75,14457
2022-04-05 15:25:00,518.62,518.765,518.3423,518.52,19413
2022-04-05 15:30:00,518.45,518.85,518.1003,518.1003,12760
2022-04-05 15:35:00,518.08,518.11,516.96,517.2929,14947
2022-04-05 15:40:00,517.24,517.33,516.44,517.24,23964
2022-04-05 15:45:00,517.25,517.25,515.78,515.81,25379
2022-04-05 15:50:00,515.785,517.21,515.785,516.45,34033
2022-04-05 15:55:00,516.45,518.23,516.0646,518.23,166124
2022-04-05 16:00:00,517.76,517.76,517.76,517.76,501437
2022-04-05 16:10:00,517.76,517.76,517.76,517.76,2533
2022-04-05 16:15:00,518.0,518.634,518.0,518.634,286
2022-04-05 16:40:00,517.76,517.76,517.76,517.76,2674
2022-04-05 17:45:00,517.76,517.76,517.76,517.76,1000
2022-04-05 18:15:00,517.76,517.76,517.76,517.76,214
2022-04-06 07:30:00,514.0,514.0,514.0,514.0,214
2022-04-06 07:35:00,514.64,514.64,514.64,514.64,100
2022-04-06 08:10:00,514.78,514.78,514.78,514.78,100
2022-04-06 08:15:00,514.28,514.28,514.28,514.28,150
2022-04-06 08:30:00,515.15,515.15,515.15,515.15,300
2022-04-06 08:55:00,515.99,515.99,515.99,515.99,100
2022-04-06 09:00:00,516.27,516.27,516.27,516.27,103
2022-04-06 09:30:00,518.22,522.45,518.0,520.27,95176
2022-04-06 09:35:00,520.491,521.785,519.3,521.785,17643
2022-04-06 09:40:00,521.75,522.425,520.61,521.53,16472
2022-04-06 09:45:00,521.53,524.04,521.29,524.04,22397
2022-04-06 09:50:00,524.07,524.31,522.3672,523.92,15651
2022-04-06 09:55:00,523.78,524.57,523.54,524.54,13920
2022-04-06 10:00:00,524.53,525.6,524.421,524.55,45421
2022-04-06 10:05:00,524.3611,525.27,524.23,524.41,17633
2022-04-06 10:10:00,524.21,525.3324,524.13,524.69,13878
2022-04-06 10:15:00,524.79,525.33,523.22,523.57,20004
2022-04-06 10:20:00,523.64,523.92,523.1,523.44,9260
2022-04-06 10:25:00,523.56,524.24,523.0,523.56,17789
2022-04-06 10:30:00,523.6,523.78,522.08,523.0893,20214
2022-04-06 10:35:00,523.13,523.3,521.97,522.1,17005
2022-04-06 10:40:00,522.1,522.71,521.77,522.2,19587
2022-04-06 10:45:00,522.26,522.27,521.74,521.95,29858
2022-04-06 10:50:00,522.02,522.79,521.84,522.0,12364
2022-04-06 10:55:00,522.03,522.31,521.7,521.7,14203
2022-04-06 11:00:00,522.0,522.59,521.53,522.57,22157
2022-04-06 11:05:00,522.57,523.07,522.27,522.95,18146
2022-04-06 11:10:00,522.99,523.325,520.0,522.7904,20171
2022-04-06 11:15:00,522.91,523.36,522.36,522.67,12728
2022-04-06 11:20:00,522.7,523.65,522.605,523.53,16246
2022-04-06 11:25:00,523.4529,523.6899,523.01,523.64,9555
2022-04-06 11:30:00,523.65,523.92,523.2392,523.2392,9429
2022-04-06 11:35:00,523.45,524.5,523.45,523.79,13239
2022-04-06 11:40:00,523.735,524.59,523.64,524.59,10796
2022-04-06 11:45:00,524.76,526.06,524.6464,526.05,24243
2022-04-06 11:50:00,526.05,526.61,525.535,525.58,22551
2022-04-06 11:55:00,525.83,526.235,525.38,525.73,8729
2022-04-06 12:00:00,525.7,526.04,525.61,525.81,7289
2022-04-06 12:05:00,525.69,526.58,525.69,526.43,11261
2022-04-06 12:10:00,526.555,526.97,525.81,525.815,14660
2022-04-06 12:15:00,525.81,526.14,525.08,525.28,9193
2022-04-06 12:20:00,525.17,525.92,524.94,525.8372,11830
2022-04-06 12:25:00,525.86,526.255,525.69,525.74,13351
2022-04-06 12:30:00,525.78,526.28,525.78,525.86,9283
2022-04-06 12:35:00,525.72,526.05,525.32,525.39,8879
2022-04-06 12:40:00,525.34,525.9,525.07,525.85,10118
2022-04-06 12:45:00,525.75,525.78,524.82,525.05,11073
2022-04-06 12:50:00,524.81,525.61,524.48,525.61,15817
2022-04-06 12:55:00,525.61,526.28,525.37,526.26,18005
2022-04-06 13:00:00,526.18,526.52,526.1,526.4,18861
2022-04-06 13:05:00,526.55,526.91,526.54,526.78,19626
2022-04-06 13:10:00,526.85,526.97,526.48,526.6487,13074
2022-04-06 13:15:00,526.66,526.88,526.61,526.76,20313
2022-04-06 13:20:00,526.76,527.61,526.59,527.595,14593
2022-04-06 13:25:00,527.6206,527.76,527.257,527.55,11976
2022-04-06 13:30:00,527.63,528.43,527.36,528.41,18391
2022-04-06 13:35:00,528.425,529.49,528.425,529.04,26346
2022-04-06 13:40:00,528.8548,529.71,528.8513,529.48,31735
2022-04-06 13:45:00,529.48,529.635,528.14,528.585,25647
2022-04-06 13:50:00,528.52,528.725,527.3892,527.7497,16512
2022-04-06 13:55:00,527.74,528.18,527.54,527.54,16431
2022-04-06 14:00:00,527.63,529.65,526.98,529.03,25964
2022-04-06 14:05:00,529.02,529.02,527.0591,527.0597,19982
2022-04-06 14:10:00,527.175,527.32,526.19,526.23,23582
2022-04-06 14:15:00,526.03,526.9,525.86,526.62,16998
2022-04-06 14:20:00,526.8,528.17,526.6,527.15,33300
2022-04-06 14:25:00,527.27,527.88,527.1275,527.63,10615
2022-04-06 14:30:00,527.8,529.8499,527.74,529.52,16785
2022-04-06 14:35:00,529.69,529.88,529.0,529.39,23061
2022-04-06 14:40:00,529.41,530.194,529.41,530.03,31815
2022-04-06 14:45:00,529.9,530.79,529.9,530.5852,26584
2022-04-06 14:50:00,530.66,531.73,530.62,531.58,27723
2022-04-06 14:55:00,531.7899,532.18,531.07,531.16,22666
2022-04-06 15:00:00,531.07,531.68,530.49,531.1,55219
2022-04-06 15:05:00,531.14,531.1546,530.27,531.1546,22388
2022-04-06 15:10:00,531.33,531.72,530.76,530.86,20964
2022-04-06 15:15:00,530.87,532.05,530.72,531.555,46455
2022-04-06 15:20:00,531.67,531.73,530.705,530.715,42734
2022-04-06 15:25:00,530.72,530.9,530.18,530.73,30740
2022-04-06 15:30:00,530.66,531.09,530.3,530.87,33388
2022-04-06 15:35:00,531.17,531.465,530.66,531.32,32998
2022-04-06 15:40:00,531.325,532.29,531.195,532.1,34284
2022-04-06 15:45:00,532.01,533.22,531.8151,532.81,53285
2022-04-06 15:50:00,532.91,533.5174,532.09,532.09,77779
2022-04-06 15:55:00,532.06,533.47,531.74,531.75,171321
2022-04-06 16:00:00,531.75,531.75,531.75,531.75,596718
2022-04-06 16:05:00,531.75,531.75,531.75,531.75,3676
2022-04-06 16:10:00,531.14,531.14,531.14,531.14,250
2022-04-06 16:15:00,531.75,531.75,531.75,531.75,250
2022-04-06 16:20:00,532.0,532.0,531.75,531.75,2474
2022-04-06 16:25:00,532.0,532.0,532.0,532.0,100
2022-04-06 16:45:00,532.11,532.11,532.11,532.11,100
2022-04-06 16:50:00,532.8141,532.8141,532.8141,532.8141,100
2022-04-06 16:55:00,532.0,532.0,532.0,532.0,400
2022-04-06 17:30:00,532.75,532.75,532.75,532.75,200
2022-04-06 17:45:00,531.78,531.78,531.78,531.78,100
2022-04-06 17:50:00,531.75,531.75,531.75,531.75,200
2022-04-06 17:55:00,531.75,531.75,531.75,531.75,100
2022-04-06 18:05:00,531.76,531.76,531.75,531.75,200
2022-04-06 18:10:00,532.45,532.45,532.45,532.45,300
2022-04-06 19:25:00,532.0,532.0,532.0,532.0,100
2022-04-06 19:35:00,531.75,531.75,531.75,531.75,100
2022-04-06 19:55:00,531.75,531.75,531.75,531.75,300
2022-04-07 07:00:00,533.04,534.13,533.04,534.13,200
2022-04-07 08:00:00,533.01,533.01,533.01,533.01,515
2022-04-07 08:35:00,533.01,533.01,533.01,533.01,100
2022-04-07 08:50:00,532.08,532.08,531.75,531.75,600
2022-04-07 09:10:00,532.49,532.49,532.0,532.0,545
2022-04-07 09:30:00,530.0,531.99,528.39,530.14,80790
2022-04-07 09:35:00,530.22,534.0,529.34,533.98,23435
2022-04-07 09:40:00,533.99,535.66,533.6,535.21,33403
2022-04-07 09:45:00,535.37,535.37,532.53,533.16,20621
2022-04-07 09:50:00,533.4,535.87,533.4,535.69,36732
2022-04-07 09:55:00,535.69,536.63,535.39,535.87,49030
2022-04-07 10:00:00,535.66,536.42,534.125,534.25,24894
2022-04-07 10:05:00,534.25,534.998,532.74,534.92,20527
2022-04-07 10:10:00,534.75,534.87,532.68,533.05,13357
2022-04-07 10:15:00,532.93,533.53,532.62,532.72,17088
2022-04-07 10:20:00,532.57,533.1162,531.94,532.5,11756
2022-04-07 10:25:00,532.5,532.5,531.255,531.385,17422
2022-04-07 10:30:00,531.38,533.0,531.21,532.8905,16560
2022-04-07 10:35:00,532.79,532.91,532.065,532.15,30385
2022-04-07 10:40:00,532.14,532.19,530.97,531.27,14502
2022-04-07 10:45:00,531.19,532.5285,531.02,532.0353,12426
2022-04-07 10:50:00,532.15,532.96,531.67,532.8486,7806
2022-04-07 10:55:00,532.85,534.67,532.85,533.54,17597
2022-04-07 11:00:00,533.57,533.7425,531.82,532.91,9251
2022-04-07 11:05:00,532.86,534.0016,532.82,533.715,13071
2022-04-07 11:10:00,533.59,535.73,533.43,535.73,11097
2022-04-07 11:15:00,535.51,536.14,534.454,534.454,16095
2022-04-07 11:20:00,534.8,535.2889,534.68,535.25,11761
2022-04-07 11:25:00,535.25,535.29,533.68,533.7,10075
2022-04-07 11:30:00,533.8,534.76,533.8,534.01,9001
2022-04-07 11:35:00,534.26,534.81,534.125,534.26,8923
2022-04-07 11:40:00,534.2,534.23,533.74,533.76,6389
2022-04-07 11:45:00,533.85,534.53,533.61,534.185,26804
2022-04-07 11:50:00,534.185,535.57,534.185,535.01,17710
2022-04-07 11:55:00,534.92,535.91,534.91,535.89,10555
2022-04-07 12:00:00,536.0,536.98,535.9,536.5878,13470
2022-04-07 12:05:00,536.67,537.11,536.51,536.975,8600
2022-04-07 12:10:00,536.93,537.64,536.93,537.61,11454
2022-04-07 12:15:00,537.59,537.62,536.9,537.105,19422
2022-04-07 12:20:00,537.09,537.6302,537.08,537.53,16026
2022-04-07 12:25:00,537.51,537.51,536.35,536.7,7296
2022-04-07 12:30:00,536.65,537.54,536.65,537.28,7543
2022-04-07 12:35:00,537.3016,537.77,537.19,537.215,9414
2022-04-07 12:40:00,537.12,537.92,537.07,537.86,11574
2022-04-07 12:45:00,537.805,538.07,537.17,537.17,34852
2022-04-07 12:50:00,537.15,537.668,536.86,537.26,7174
2022-04-07 12:55:00,537.235,537.55,536.2,536.34,8841
2022-04-07 13:00:00,536.22,537.04,535.76,536.94,15812
2022-04-07 13:05:00,536.74,537.48,536.74,537.32,7845
2022-04-07 13:10:00,537.32,538.28,537.22,537.77,15733
2022-04-07 13:15:00,537.83,537.83,537.24,537.24,16207
2022-04-07 13:20:00,537.2572,537.7577,537.25,537.52,7914
2022-04-07 13:25:00,537.4622,537.63,537.145,537.485,8134
2022-04-07 13:30:00,537.62,537.7,537.325,537.535,11313
2022-04-07 13:35:00,537.52,537.67,537.07,537.22,9730
2022-04-07 13:40:00,537.21,537.39,536.97,537.28,4688
2022-04-07 13:45:00,537.22,537.34,536.24,536.24,21732
2022-04-07 13:50:00,536.28,536.38,535.96,536.38,20452
2022-04-07 13:55:00,536.3864,537.63,536.26,537.54,7473
2022-04-07 14:00:00,537.56,537.615,536.58,536.675,10936
2022-04-07 14:05:00,536.62,536.72,535.89,536.17,11208
2022-04-07 14:10:00,536.215,536.8427,536.179,536.79,13086
2022-04-07 14:15:00,536.75,536.81,536.29,536.445,10909
2022-04-07 14:20:00,536.43,536.94,536.36,536.78,9099
2022-04-07 14:25:00,536.92,537.12,536.36,536.38,8889
2022-04-07 14:30:00,536.315,536.315,535.7575,536.065,12398
2022-04-07 14:35:00,536.025,536.25,535.77,536.165,6498
2022-04-07 14:40:00,536.26,536.7686,535.95,536.56,8338
2022-04-07 14:45:00,536.52,536.7,536.115,536.41,7680
2022-04-07 14:50:00,536.33,537.06,536.09,536.3741,13696
2022-04-07 14:55:00,536.63,537.17,535.65,537.07,24003
2022-04-07 15:00:00,536.85,537.235,536.61,536.99,11986
2022-04-07 15:05:00,536.89,537.64,536.6499,537.64,7055
2022-04-07 15:10:00,537.67,537.74,537.2901,537.46,6710
2022-04-07 15:15:00,537.44,537.8,537.31,537.64,5944
2022-04-07 15:20:00,537.64,537.655,536.55,536.77,16883
2022-04-07 15:25:00,536.845,536.88,536.17,536.21,12421
2022-04-07 15:30:00,536.132,536.83,536.01,536.69,29501
2022-04-07 15:35:00,536.71,537.37,536.6744,537.37,9354
2022-04-07 15:40:00,537.37,537.71,536.99,537.61,8760
2022-04-07 15:45:00,537.45,537.88,537.225,537.59,23653
2022-04-07 15:50:00,537.34,537.765,537.01,537.525,20814
2022-04-07 15:55:00,537.36,537.4,536.76,537.03,70176
2022-04-07 16:00:00,536.95,536.95,536.95,536.95,400244
2022-04-07 16:05:00,536.95,536.95,536.95,536.95,1290
2022-04-07 16:15:00,537.0,537.0,537.0,537.0,100
2022-04-07 16:20:00,537.0,537.0,536.95,536.95,1083
2022-04-07 17:50:00,534.1192,534.1192,534.1192,534.1192,125
2022-04-08 07:40:00,538.58,538.58,538.58,538.58,100
2022-04-08 08:00:00,539.7342,540.0,539.7342,540.0,665
2022-04-08 08:20:00,539.95,539.95,539.95,539.95,197
2022-04-08 08:45:00,539.0,539.0,539.0,539.0,401
2022-04-08 09:25:00,538.96,538.96,538.96,538.96,193
2022-04-08 09:30:00,539.0,542.06,538.81,541.73,104981
2022-04-08 09:35:00,541.34,541.52,540.655,541.235,18405
2022-04-08 09:40:00,541.34,541.39,538.659,539.03,30049
2022-04-08 09:45:00,538.67,541.03,538.1,540.7246,30111
2022-04-08 09:50:00,540.72,542.33,540.6,542.22,40536
2022-04-08 09:55:00,542.089,542.9,541.75,541.785,38061
2022-04-08 10:00:00,541.65,543.1399,541.31,542.42,26321
2022-04-08 10:05:00,542.36,542.4066,541.6,541.88,20266
2022-04-08 10:10:00,541.9,542.15,541.06,541.9,36731
2022-04-08 10:15:00,541.43,542.25,541.05,542.12,45402
2022-04-08 10:20:00,542.01,542.49,541.03,542.31,33966
2022-04-08 10:25:00,542.15,542.98,541.4,542.51,34022
2022-04-08 10:30:00,542.515,542.98,542.235,542.57,18631
2022-04-08 10:35:00,542.7,543.36,542.69,542.885,31966
2022-04-08 10:40:00,542.845,543.75,542.59,542.84,29845
2022-04-08 10:45:00,542.715,543.9291,542.705,543.915,23210
2022-04-08 10:50:00,543.9,545.22,543.36,545.02,51322
2022-04-08 10:55:00,545.005,545.11,543.5259,544.7,29206
2022-04-08 11:00:00,544.94,545.01,543.6,543.725,24668
2022-04-08 11:05:00,543.755,544.15,543.49,543.85,32614
2022-04-08 11:10:00,543.7533,544.2625,543.5,543.815,26657
2022-04-08 11:15:00,543.79,544.02,543.19,543.78,15776
2022-04-08 11:20:00,543.73,544.35,543.5396,543.695,16550
2022-04-08 11:25:00,543.655,544.605,543.31,544.09,10164
2022-04-08 11:30:00,544.075,544.53,543.63,543.86,18590
2022-04-08 11:35:00,543.825,545.25,543.68,544.98,21139
2022-04-08 11:40:00,544.945,545.61,544.6,545.21,18134
2022-04-08 11:45:00,545.135,545.76,545.05,545.075,20641
2022-04-08 11:50:00,545.16,545.76,544.955,545.0868,10405
2022-04-08 11:55:00,545.09,545.7,544.79,545.0178,16632
2022-04-08 12:00:00,544.905,545.46,544.792,545.175,16796
2022-04-08 12:05:00,545.06,545.2,544.31,544.4421,19084
2022-04-08 12:10:00,544.55,544.55,543.77,544.28,19339
2022-04-08 12:15:00,544.335,544.37,543.84,543.92,12684
2022-04-08 12:20:00,543.84,544.7329,543.38,544.7329,19198
2022-04-08 12:25:00,544.66,545.31,544.44,545.21,13492
2022-04-08 12:30:00,545.1025,545.28,544.385,544.9,15118
2022-04-08 12:35:00,544.96,545.75,544.87,545.465,21929
2022-04-08 12:40:00,545.47,545.84,545.26,545.37,17133
2022-04-08 12:45:00,545.395,545.46,544.59,544.93,11028
2022-04-08 12:50:00,544.83,545.015,544.46,544.94,11830
2022-04-08 12:55:00,544.81,545.43,544.77,545.35,17001
2022-04-08 13:00:00,545.43,545.525,545.12,545.31,32834
2022-04-08 13:05:00,545.305,545.4,545.0875,545.2,15070
2022-04-08 13:10:00,545.265,546.22,545.22,546.12,40855
2022-04-08 13:15:00,546.055,546.23,545.5771,545.82,13323
2022-04-08 13:20:00,545.85,546.3,545.83,546.23,8327
2022-04-08 13:25:00,546.17,546.66,545.95,546.21,17791
2022-04-08 13:30:00,546.205,546.325,545.8583,546.19,14098
2022-04-08 13:35:00,546.3,546.77,546.21,546.725,11690
2022-04-08 13:40:00,546.745,547.25,546.745,547.03,41654
2022-04-08 13:45:00,546.98,547.4004,546.61,547.08,22705
2022-04-08 13:50:00,547.03,547.21,546.91,547.0401,14571
2022-04-08 13:55:00,547.06,547.49,547.0,547.4,16482
2022-04-08 14:00:00,547.335,547.3987,546.5,547.28,36798
2022-04-08 14:05:00,547.36,547.945,547.2947,547.8725,18814
2022-04-08 14:10:00,547.96,548.36,547.96,548.15,16800
2022-04-08 14:15:00,548.07,548.1974,547.81,548.1275,23454
2022-04-08 14:20:00,548.23,548.96,548.23,548.405,36223
2022-04-08 14:25:00,548.43,548.97,548.0,548.97,98209
2022-04-08 14:30:00,548.93,548.93,546.82,546.9,35143
2022-04-08 14:35:00,546.895,547.46,546.68,547.275,23597
2022-04-08 14:40:00,547.1969,547.23,546.56,546.63,14857
2022-04-08 14:45:00,546.6357,547.24,546.63,546.835,19389
2022-04-08 14:50:00,546.84,547.72,546.7,547.605,10002
2022-04-08 14:55:00,547.62,548.08,547.09,547.21,26582
2022-04-08 15:00:00,547.17,547.45,546.73,546.82,14647
2022-04-08 15:05:00,546.95,547.1968,546.73,546.8326,15573
2022-04-08 15:10:00,546.83,546.92,546.385,546.55,15562
2022-04-08 15:15:00,546.44,547.5125,546.215,546.69,10540
2022-04-08 15:20:00,546.68,546.93,546.2,546.89,13788
2022-04-08 15:25:00,546.83,547.15,546.65,546.88,16209
2022-04-08 15:30:00,547.0,547.41,546.86,546.89,19916
2022-04-08 15:35:00,546.905,546.905,546.23,546.525,18233
2022-04-08 15:40:00,546.37,547.55,546.22,547.52,18404
2022-04-08 15:45:00,547.37,547.6,546.775,546.775,40128
2022-04-08 15:50:00,546.63,546.8,545.74,546.095,45985
2022-04-08 15:55:00,546.01,546.81,545.21,546.31,146250
2022-04-08 16:00:00,545.96,545.98,545.96,545.96,534315
2022-04-08 16:05:00,545.96,545.96,545.96,545.96,4292
2022-04-08 16:10:00,545.96,549.0,545.96,549.0,2903
2022-04-08 16:20:00,545.96,545.96,545.96,545.96,1107
2022-04-08 18:25:00,545.5,545.5,545.5,545.5,100
2022-04-08 18:50:00,546.49,546.49,546.49,546.49,132
2022-04-08 19:00:00,545.5,545.5,545.01,545.01,480
2022-04-11 04:15:00,545.25,545.25,545.25,545.25,190
2022-04-11 04:40:00,545.21,545.21,545.21,545.21,197
2022-04-11 05:55:00,544.89,544.89,544.89,544.89,100
2022-04-11 08:00:00,545.8,545.96,545.8,545.96,551
2022-04-11 08:05:00,545.08,545.08,545.08,545.08,133
2022-04-11 08:50:00,544.98,544.98,544.98,544.98,137
2022-04-11 09:00:00,545.96,545.96,545.96,545.96,100
2022-04-11 09:20:00,545.4,545.4,545.4,545.4,100
2022-04-11 09:25:00,543.5,543.5,543.5,543.5,901
2022-04-11 09:30:00,543.6,547.61,543.35,546.435,101084
2022-04-11 09:35:00,546.87,546.99,544.0,545.63,79068
2022-04-11 09:40:00,545.555,546.12,544.365,544.87,51031
2022-04-11 09:45:00,544.67,544.67,541.66,542.495,44139
2022-04-11 09:50:00,542.49,544.79,542.29,544.2,25450
2022-04-11 09:55:00,544.43,544.7994,543.3202,544.68,27197
2022-04-11 10:00:00,544.52,544.655,541.45,543.845,47027
2022-04-11 10:05:00,543.93,544.31,543.245,543.44,77828
2022-04-11 10:10:00,543.33,543.98,541.95,542.865,39666
2022-04-11 10:15:00,542.74,543.67,542.52,542.755,25046
2022-04-11 10:20:00,541.92,542.695,541.465,542.44,30936
2022-04-11 10:25:00,542.41,542.66,541.48,542.29,22809
2022-04-11 10:30:00,542.29,543.12,539.39,540.1616,39989
2022-04-11 10:35:00,540.17,541.47,540.17,541.425,39413
2022-04-11 10:40:00,541.445,541.445,540.06,540.72,29472
2022-04-11 10:45:00,540.67,541.84,540.67,541.74,24212
2022-04-11 10:50:00,541.74,543.06,541.47,542.86,63428
2022-04-11 10:55:00,542.73,542.84,541.754,542.14,16498
2022-04-11 11:00:00,541.9,543.04,541.71,542.425,15939
2022-04-11 11:05:00,542.41,543.32,542.23,542.91,30270
2022-04-11 11:10:00,542.795,542.96,541.36,542.93,39639
2022-04-11 11:15:00,543.0,544.085,542.75,543.875,25129
2022-04-11 11:20:00,543.88,544.66,543.77,544.435,19894
2022-04-11 11:25:00,544.46,545.21,544.38,545.2,58495
2022-04-11 11:30:00,545.02,545.29,544.76,545.24,26880
2022-04-11 11:35:00,545.39,545.64,544.03,544.03,30329
2022-04-11 11:40:00,544.015,544.745,544.015,544.415,8559
2022-04-11 11:45:00,544.48,544.715,543.64,544.09,10454
2022-04-11 11:50:00,544.23,544.74,544.18,544.285,9323
2022-04-11 11:55:00,544.33,544.39,542.86,543.13,12879
2022-04-11 12:00:00,543.13,543.94,543.1,543.66,11046
2022-04-11 12:05:00,543.75,543.89,543.38,543.805,12161
2022-04-11 12:10:00,543.75,543.75,542.93,543.09,10109
2022-04-11 12:15:00,543.11,543.58,542.87,543.08,16129
2022-04-11 12:20:00,543.21,543.6,542.88,543.21,14049
2022-04-11 12:25:00,543.15,543.15,542.82,542.98,15571
2022-04-11 12:30:00,543.12,543.46,542.47,543.01,15201
2022-04-11 12:35:00,543.15,543.405,542.9,543.2978,10563
2022-04-11 12:40:00,543.19,543.23,542.83,543.06,25150
2022-04-11 12:45:00,542.97,543.29,542.945,543.095,8882
2022-04-11 12:50:00,543.0,543.17,542.69,542.76,34356
2022-04-11 12:55:00,542.76,542.81,541.92,541.99,31115
2022-04-11 13:00:00,542.07,542.25,541.83,541.92,38112
2022-04-11 13:05:00,541.78,541.87,540.0401,540.08,20492
2022-04-11 13:10:00,540.135,541.06,540.08,541.01,16053
2022-04-11 13:15:00,541.02,541.02,540.04,540.39,8116
2022-04-11 13:20:00,540.48,540.53,537.77,537.8,16901
2022-04-11 13:25:00,537.78,539.07,537.76,538.86,12099
2022-04-11 13:30:00,538.915,539.77,538.915,539.67,17639
2022-04-11 13:35:00,539.6,540.55,538.84,540.46,17992
2022-04-11 13:40:00,540.37,540.61,539.56,539.685,10270
2022-04-11 13:45:00,539.58,540.67,539.49,540.405,14622
2022-04-11 13:50:00,540.405,541.1,540.16,540.42,11165
2022-04-11 13:55:00,540.35,540.6,540.03,540.575,9335
2022-04-11 14:00:00,540.6,540.945,540.25,540.7,14116
2022-04-11 14:05:00,540.79,541.68,540.78,541.68,9413
2022-04-11 14:10:00,541.55,541.86,540.215,540.28,11122
2022-04-11 14:15:00,540.33,540.33,539.81,540.0,12968
2022-04-11 14:20:00,539.9387,540.94,539.9387,540.81,12539
2022-04-11 14:25:00,540.835,541.05,540.53,540.82,10508
2022-04-11 14:30:00,540.73,540.73,539.6,540.03,12700
2022-04-11 14:35:00,539.84,540.81,539.84,540.45,8973
2022-04-11 14:40:00,540.63,540.96,540.245,540.6401,12184
2022-04-11 14:45:00,540.81,540.96,540.36,540.68,11212
2022-04-11 14:50:00,540.665,541.05,540.32,540.405,19058
2022-04-11 14:55:00,540.4166,540.53,539.69,539.96,29198
2022-04-11 15:00:00,539.9,540.05,539.36,539.36,26801
2022-04-11 15:05:00,539.38,539.38,538.62,538.62,18972
2022-04-11 15:10:00,538.77,538.845,538.25,538.81,24167
2022-04-11 15:15:00,538.83,538.83,537.795,538.04,20196
2022-04-11 15:20:00,537.93,538.09,537.69,537.82,11319
2022-04-11 15:25:00,537.97,538.7,537.92,538.33,18175
2022-04-11 15:30:00,538.35,538.35,537.1,537.39,18436
2022-04-11 15:35:00,537.34,538.095,537.27,538.0,14813
2022-04-11 15:40:00,538.03,538.35,537.7,538.14,16065
2022-04-11 15:45:00,538.03,538.15,537.235,537.41,33828
2022-04-11 15:50:00,537.38,538.07,536.64,537.045,37778
2022-04-11 15:55:00,536.97,537.68,536.73,537.45,94056
2022-04-11 16:00:00,537.44,537.44,537.44,537.44,290571
2022-04-11 16:05:00,537.45,537.45,537.44,537.44,2702
2022-04-11 16:10:00,537.43,537.43,537.43,537.43,280
2022-04-11 16:15:00,537.44,537.44,537.44,537.44,150
2022-04-11 16:50:00,537.44,537.44,537.44,537.44,1031
2022-04-12 08:05:00,537.44,537.44,537.44,537.44,200
2022-04-12 08:45:00,537.5,537.5,537.5,537.5,250
2022-04-12 08:50:00,537.5,537.5,537.5,537.5,500
2022-04-12 09:00:00,539.75,539.75,539.75,539.75,600
2022-04-12 09:05:00,539.75,539.75,539.75,539.75,100
2022-04-12 09:15:00,538.02,538.02,538.0,538.0,202
2022-04-12 09:25:00,536.98,536.98,536.98,536.98,100
2022-04-12 09:30:00,535.41,537.3,532.895,535.64,133589
2022-04-12 09:35:00,535.44,537.6,535.21,536.66,35953
2022-04-12 09:40:00,536.8,540.67,536.7,540.3,17542
2022-04-12 09:45:00,540.28,540.725,537.55,537.76,22877
2022-04-12 09:50:00,537.54,538.42,537.305,537.9101,9075
2022-04-12 09:55:00,537.94,537.95,535.8,535.8,10077
2022-04-12 10:00:00,535.8,535.83,533.02,533.35,32063
2022-04-12 10:05:00,533.3501,534.525,533.35,534.525,25790
2022-04-12 10:10:00,534.57,536.9276,533.3,536.58,16380
2022-04-12 10:15:00,536.745,536.83,534.96,535.8,9603
2022-04-12 10:20:00,535.8838,536.11,535.06,535.245,13553
2022-04-12 10:25:00,535.19,535.73,534.3,535.316,11646
2022-04-12 10:30:00,535.61,536.2,535.3202,535.36,12451
2022-04-12 10:35:00,535.17,536.15,535.111,535.475,13260
2022-04-12 10:40:00,535.61,536.19,535.41,535.8,10349
2022-04-12 10:45:00,535.91,537.56,535.74,537.11,21313
2022-04-12 10:50:00,537.21,537.29,535.86,536.55,9084
2022-04-12 10:55:00,536.32,536.725,535.785,535.95,19360
2022-04-12 11:00:00,536.04,536.765,535.42,536.52,9265
2022-04-12 11:05:00,536.52,537.02,536.13,536.33,15439
2022-04-12 11:10:00,536.3054,536.59,535.875,536.03,15653
2022-04-12 11:15:00,536.03,536.65,535.53,536.45,20702
2022-04-12 11:20:00,536.55,536.695,535.675,536.095,19510
2022-04-12 11:25:00,535.95,536.7,535.78,536.7,16424
2022-04-12 11:30:00,536.75,536.98,536.06,536.98,14647
2022-04-12 11:35:00,537.125,537.27,535.64,535.77,14853
2022-04-12 11:40:00,535.72,536.78,535.63,536.15,13919
2022-04-12 11:45:00,536.2,536.29,535.61,536.19,9750
2022-04-12 11:50:00,536.17,536.35,535.55,535.79,19478
2022-04-12 11:55:00,535.94,536.065,535.48,535.575,16230
2022-04-12 12:00:00,535.53,535.72,534.9,535.45,12376
2022-04-12 12:05:00,535.44,535.465,534.72,534.95,12683
2022-04-12 12:10:00,535.0,535.1,534.53,535.0,15686
2022-04-12 12:15:00,535.0,535.9,534.71,535.5,25521
2022-04-12 12:20:00,535.41,535.45,534.615,534.665,17045
2022-04-12 12:25:00,534.79,534.91,534.1848,534.55,9442
2022-04-12 12:30:00,534.46,534.5155,533.745,533.9,13518
2022-04-12 12:35:00,533.895,534.395,533.77,534.03,19284
2022-04-12 12:40:00,533.93,534.07,533.3161,533.4731,12248
2022-04-12 12:45:00,533.615,533.86,533.5,533.66,8496
2022-04-12 12:50:00,533.6241,534.02,533.35,533.925,32038
2022-04-12 12:55:00,533.91,534.055,533.505,533.53,8449
2022-04-12 13:00:00,533.52,534.3,533.47,533.6,15720
2022-04-12 13:05:00,533.56,533.88,533.025,533.16,16069
2022-04-12 13:10:00,533.19,533.92,532.91,533.73,16460
2022-04-12 13:15:00,533.58,534.16,533.58,534.155,24482
2022-04-12 13:20:00,534.27,534.48,533.79,534.14,10314
2022-04-12 13:25:00,534.1744,535.05,534.11,534.67,30091
2022-04-12 13:30:00,534.575,535.22,534.29,535.11,21188
2022-04-12 13:35:00,535.12,535.17,534.51,534.51,10335
2022-04-12 13:40:00,534.66,534.73,533.745,534.0,11993
2022-04-12 13:45:00,533.96,534.61,533.85,533.9712,48575
2022-04-12 13:50:00,533.97,533.97,533.535,533.82,9653
2022-04-12 13:55:00,533.7617,533.7617,533.0976,533.15,12784
2022-04-12 14:00:00,533.04,533.25,532.63,533.18,19723
2022-04-12 14:05:00,533.18,534.03,532.95,533.99,17006
2022-04-12 14:10:00,533.935,534.37,533.7222,534.06,10369
2022-04-12 14:15:00,534.14,534.14,533.2,533.3017,20875
2022-04-12 14:20:00,533.36,534.77,533.2943,534.05,32212
2022-04-12 14:25:00,534.08,534.92,534.08,534.67,16005
2022-04-12 14:30:00,534.62,534.79,534.0,534.6,13637
2022-04-12 14:35:00,534.59,535.01,534.4,534.67,12499
2022-04-12 14:40:00,534.67,534.67,534.05,534.53,14002
2022-04-12 14:45:00,534.58,535.02,534.57,534.67,13594
2022-04-12 14:50:00,534.6,534.74,534.155,534.71,12329
2022-04-12 14:55:00,534.91,535.0,534.6,534.67,18297
2022-04-12 15:00:00,534.64,534.95,534.08,534.1,13669
2022-04-12 15:05:00,534.13,534.22,533.03,533.18,10848
2022-04-12 15:10:00,533.13,533.22,532.3,532.64,18288
2022-04-12 15:15:00,532.66,533.24,532.43,532.68,17230
2022-04-12 15:20:00,532.8,533.28,532.55,532.78,16565
2022-04-12 15:25:00,532.69,532.71,531.39,531.745,16153
2022-04-12 15:30:00,531.91,531.91,530.78,531.1,29920
2022-04-12 15:35:00,531.1,532.435,530.93,532.435,29244
2022-04-12 15:40:00,532.35,533.15,532.105,533.005,48987
2022-04-12 15:45:00,532.9,533.59,532.52,532.93,36326
2022-04-12 15:50:00,532.98,533.39,532.48,533.17,51535
2022-04-12 15:55:00,533.18,534.83,533.12,534.2,216470
2022-04-12 16:00:00,533.71,534.54,533.71,533.71,371943
2022-04-12 16:05:00,533.71,533.71,533.71,533.71,967
2022-04-12 16:20:00,533.71,533.71,533.71,533.71,945
2022-04-12 18:20:00,534.25,534.25,534.25,534.25,100
2022-04-12 19:40:00,535.0,535.0,535.0,535.0,100
2022-04-13 08:00:00,533.71,533.71,533.71,533.71,142
2022-04-13 09:25:00,534.07,534.07,533.35,533.35,1448
2022-04-13 09:30:00,533.32,536.36,533.32,534.93,72449
2022-04-13 09:35:00,534.725,534.92,531.22,532.0508,28273
2022-04-13 09:40:00,532.32,534.15,532.32,533.5777,23770
2022-04-13 09:45:00,533.59,534.02,531.775,533.69,26079
2022-04-13 09:50:00,533.79,534.0,531.39,531.52,31608
2022-04-13 09:55:00,531.66,531.8462,528.72,529.43,46836
2022-04-13 10:00:00,529.705,530.08,528.6234,529.5,18990
2022-04-13 10:05:00,529.59,530.47,529.16,529.67,25361
2022-04-13 10:10:00,529.67,530.46,528.71,529.74,21762
2022-04-13 10:15:00,529.815,530.84,529.44,530.52,27843
2022-04-13 10:20:00,530.31,531.83,530.0539,531.71,20482
2022-04-13 10:25:00,531.65,532.16,530.92,531.6,23511
2022-04-13 10:30:00,531.31,532.07,530.56,532.07,19102
2022-04-13 10:35:00,532.14,533.11,531.0863,531.85,22773
2022-04-13 10:40:00,531.79,531.915,531.21,531.44,10731
2022-04-13 10:45:00,531.62,532.37,531.5901,531.895,28447
2022-04-13 10:50:00,532.035,532.82,531.77,531.815,17461
2022-04-13 10:55:00,531.89,532.7,531.8,532.59,39458
2022-04-13 11:00:00,532.585,533.405,532.19,532.9806,18568
2022-04-13 11:05:00,533.09,533.5,532.62,532.91,17471
2022-04-13 11:10:00,532.82,533.29,532.235,532.31,22918
2022-04-13 11:15:00,532.39,534.48,532.26,533.28,24518
2022-04-13 11:20:00,533.09,533.59,532.75,533.545,17235
2022-04-13 11:25:00,533.575,534.99,533.13,534.21,24107
2022-04-13 11:30:00,534.29,534.56,533.78,533.875,19987
2022-04-13 11:35:00,533.98,534.17,532.81,533.38,14704
2022-04-13 11:40:00,533.36,534.135,533.25,533.98,6905
2022-04-13 11:45:00,533.79,533.885,533.15,533.32,10367
2022-04-13 11:50:00,533.3,533.3,532.62,533.18,12639
2022-04-13 11:55:00,533.2015,533.2015,532.6661,533.13,9766
2022-04-13 12:00:00,533.14,533.9452,533.14,533.705,10878
2022-04-13 12:05:00,533.62,534.455,533.43,534.33,10171
2022-04-13 12:10:00,534.32,534.62,533.71,534.29,22009
2022-04-13 12:15:00,534.2,534.8299,534.11,534.77,9230
2022-04-13 12:20:00,534.83,536.0799,534.83,535.4084,14495
2022-04-13 12:25:00,535.33,535.83,534.69,535.185,11140
2022-04-13 12:30:00,535.05,535.435,534.69,535.435,4039
2022-04-13 12:35:00,535.4,535.65,535.0,535.03,11845
2022-04-13 12:40:00,535.025,536.2,534.92,536.14,9453
2022-04-13 12:45:00,536.095,536.11,535.55,535.57,6603
2022-04-13 12:50:00,535.645,536.03,535.45,535.64,6408
2022-04-13 12:55:00,535.675,536.0,535.025,535.025,7850
2022-04-13 13:00:00,535.07,536.1004,535.07,536.1004,7072
2022-04-13 13:05:00,535.95,536.425,535.92,536.425,8183
2022-04-13 13:10:00,536.5,536.83,535.9,536.0066,10563
2022-04-13 13:15:00,535.94,535.98,535.61,535.945,14177
2022-04-13 13:20:00,536.03,536.03,535.05,535.065,15620
2022-04-13 13:25:00,535.055,535.25,534.74,535.09,23479
2022-04-13 13:30:00,535.065,535.105,534.5,534.78,16675
2022-04-13 13:35:00,534.84,534.94,534.215,534.71,7570
2022-04-13 13:40:00,534.64,534.6839,534.34,534.435,4508
2022-04-13 13:45:00,534.37,534.66,534.02,534.49,20071
2022-04-13 13:50:00,534.52,536.22,534.505,535.98,15922
2022-04-13 13:55:00,535.9328,536.28,535.84,536.03,8969
2022-04-13 14:00:00,536.01,536.05,535.38,535.57,7235
2022-04-13 14:05:00,535.65,536.31,535.27,536.04,13463
2022-04-13 14:10:00,535.92,535.94,535.04,535.55,15584
2022-04-13 14:15:00,535.495,535.8,535.32,535.78,11113
2022-04-13 14:20:00,535.83,536.1104,535.1,535.2701,13026
2022-04-13 14:25:00,535.2718,535.58,534.85,535.385,13171
2022-04-13 14:30:00,535.425,535.56,535.08,535.11,12330
2022-04-13 14:35:00,535.1798,535.58,534.99,535.43,13424
2022-04-13 14:40:00,535.43,536.04,535.42,535.895,13547
2022-04-13 14:45:00,535.8,535.83,535.225,535.46,16274
2022-04-13 14:50:00,535.46,535.7643,535.445,535.655,14906
2022-04-13 14:55:00,535.76,536.49,535.66,536.42,11678
2022-04-13 15:00:00,536.48,536.6983,535.5,535.5,10417
2022-04-13 15:05:00,535.47,536.265,535.39,536.19,9306
2022-04-13 15:10:00,536.29,536.67,536.26,536.61,10446
2022-04-13 15:15:00,536.71,536.79,536.35,536.715,10654
2022-04-13 15:20:00,536.714,536.7516,536.33,536.425,10183
2022-04-13 15:25:00,536.47,536.5941,535.93,536.24,9812
2022-04-13 15:30:00,536.37,536.7725,536.18,536.7725,8815
2022-04-13 15:35:00,536.63,536.95,536.195,536.87,20475
2022-04-13 15:40:00,536.76,537.55,536.73,537.25,30255
2022-04-13 15:45:00,537.36,537.74,536.79,537.29,53819
2022-04-13 15:50:00,537.35,537.38,536.47,537.12,49997
2022-04-13 15:55:00,536.98,538.28,536.75,538.06,111972
2022-04-13 16:00:00,537.0,537.0,537.0,537.0,360123
2022-04-13 16:05:00,537.0,537.0,537.0,537.0,795
2022-04-13 16:15:00,537.0,537.0,537.0,537.0,200
2022-04-13 16:45:00,537.0,537.0,537.0,537.0,764
2022-04-13 16:55:00,537.0,537.99,537.0,537.95,500
2022-04-13 17:05:00,537.7149,537.7149,537.7149,537.7149,100
2022-04-13 17:10:00,537.0,537.0,537.0,537.0,117
2022-04-13 17:20:00,537.0,537.0,537.0,537.0,128
2022-04-13 17:30:00,536.8,536.8,536.8,536.8,150
2022-04-13 17:55:00,537.25,537.25,537.25,537.25,167
2022-04-13 19:00:00,536.6,536.6,536.6,536.6,200
2022-04-13 19:05:00,536.4,536.4,536.4,536.4,279
2022-04-13 19:25:00,536.25,536.25,536.25,536.25,150
2022-04-13 19:30:00,536.01,536.01,536.0,536.0,400
2022-04-13 19:45:00,535.65,535.65,535.65,535.65,150
2022-04-14 05:55:00,540.0,540.0,540.0,540.0,1362
2022-04-14 06:00:00,540.0,540.99,540.0,540.99,400
2022-04-14 06:05:00,542.0,542.0,542.0,542.0,100
2022-04-14 06:10:00,541.16,541.16,541.0,541.0,300
2022-04-14 06:25:00,540.0,540.0,540.0,540.0,109
2022-04-14 07:10:00,540.0,540.0,540.0,540.0,586
2022-04-14 07:15:00,540.0,540.0,540.0,540.0,200
2022-04-14 07:45:00,540.51,540.51,540.51,540.51,501
2022-04-14 08:00:00,540.3103,540.3103,539.5,539.5,1688
2022-04-14 08:15:00,534.0,534.0,534.0,534.0,499
2022-04-14 08:20:00,534.75,534.75,533.09,533.09,400
2022-04-14 08:25:00,531.63,531.63,531.63,531.63,411
2022-04-14 08:30:00,534.0,534.0,534.0,534.0,400
2022-04-14 08:40:00,535.15,535.15,535.0,535.0,200
2022-04-14 08:45:00,535.0,535.0,535.0,535.0,100
2022-04-14 09:00:00,536.0,536.0,536.0,536.0,100
2022-04-14 09:05:00,534.18,536.4,534.0,536.4,600
2022-04-14 09:10:00,536.4,536.4,536.4,536.4,200
2022-04-14 09:25:00,534.0,534.0,534.0,534.0,200
2022-04-14 09:30:00,538.5,541.6,536.12,540.805,186886
2022-04-14 09:35:00,541.33,551.4,541.01,550.0966,102522
2022-04-14 09:40:00,550.18,553.29,546.05,546.835,45601
2022-04-14 09:45:00,546.88,547.95,545.0,545.0,29237
2022-04-14 09:50:00,545.5,546.64,543.69,545.31,22965
2022-04-14 09:55:00,545.075,545.9,544.11,544.345,31256
2022-04-14 10:00:00,544.345,544.94,542.98,543.26,40998
2022-04-14 10:05:00,543.26,545.285,541.85,543.92,61757
2022-04-14 10:10:00,543.795,547.13,543.1,547.0076,49860
2022-04-14 10:15:00,546.98,547.71,545.35,547.205,32586
2022-04-14 10:20:00,547.0,547.0,545.335,545.49,40961
2022-04-14 10:25:00,545.8,546.15,544.13,545.67,61226
2022-04-14 10:30:00,545.5,546.42,544.51,545.0,22857
2022-04-14 10:35:00,544.65,546.2631,544.65,544.92,27780
2022-04-14 10:40:00,545.085,545.4918,543.1574,543.51,20858
2022-04-14 10:45:00,543.66,544.7682,542.31,543.75,29015
2022-04-14 10:50:00,543.73,545.04,542.84,544.64,24938
2022-04-14 10:55:00,544.2516,544.55,542.03,542.2,26542
2022-04-14 11:00:00,542.37,544.035,542.15,543.37,32691
2022-04-14 11:05:00,543.77,543.85,542.57,543.01,17594
2022-04-14 11:10:00,543.1,543.17,541.8783,542.425,13802
2022-04-14 11:15:00,542.27,543.2127,540.8,541.235,15382
2022-04-14 11:20:00,541.52,541.6454,539.275,540.98,18390
2022-04-14 11:25:00,541.075,541.1855,540.07,540.4,12928
2022-04-14 11:30:00,540.57,540.6028,539.33,540.36,14908
2022-04-14 11:35:00,540.69,541.45,540.565,540.785,11613
2022-04-14 11:40:00,540.86,541.05,539.77,539.88,13840
2022-04-14 11:45:00,539.78,540.5332,539.06,540.1802,14634
2022-04-14 11:50:00,540.235,540.34,539.47,539.7,13033
2022-04-14 11:55:00,539.675,540.22,539.2632,539.97,15429
2022-04-14 12:00:00,539.8,540.65,539.27,540.18,18733
2022-04-14 12:05:00,540.2,540.49,539.31,539.355,14343
2022-04-14 12:10:00,539.45,539.71,539.11,539.22,13031
2022-04-14 12:15:00,539.28,539.34,538.19,538.79,14303
2022-04-14 12:20:00,538.75,538.825,537.33,538.2,17597
2022-04-14 12:25:00,538.18,538.99,537.9,538.705,36160
2022-04-14 12:30:00,538.81,538.86,537.55,537.87,14642
2022-04-14 12:35:00,538.04,538.27,536.1,536.555,26661
2022-04-14 12:40:00,536.68,538.25,536.615,537.91,24061
2022-04-14 12:45:00,537.895,538.33,536.68,537.135,21574
2022-04-14 12:50:00,537.14,537.71,536.78,537.71,15315
2022-04-14 12:55:00,537.72,538.4903,537.685,538.13,19043
2022-04-14 13:00:00,538.19,538.6827,537.93,538.41,19948
2022-04-14 13:05:00,538.3242,538.36,537.63,537.63,8491
2022-04-14 13:10:00,537.78,538.165,537.57,537.71,12676
2022-04-14 13:15:00,537.75,538.295,537.65,537.97,13812
2022-04-14 13:20:00,537.8474,538.095,537.35,537.72,15177
2022-04-14 13:25:00,537.8,538.505,537.77,538.32,16381
2022-04-14 13:30:00,538.39,538.825,538.345,538.725,13344
2022-04-14 13:35:00,538.8,539.02,538.5,538.91,37554
2022-04-14 13:40:00,538.91,539.81,538.31,539.81,12088
2022-04-14 13:45:00,539.9399,540.95,539.47,539.935,18111
2022-04-14 13:50:00,539.83,539.83,538.575,538.75,12525
2022-04-14 13:55:00,538.835,539.74,538.5021,539.74,21906
2022-04-14 14:00:00,539.72,540.32,539.4,540.16,18198
2022-04-14 14:05:00,540.265,540.265,539.48,539.97,24617
2022-04-14 14:10:00,539.91,539.97,539.12,539.35,9522
2022-04-14 14:15:00,539.67,539.8836,539.01,539.64,55939
2022-04-14 14:20:00,539.66,539.94,538.65,538.985,12614
2022-04-14 14:25:00,539.07,539.47,538.82,539.4,12496
2022-04-14 14:30:00,539.42,539.82,538.9872,539.295,10890
2022-04-14 14:35:00,539.33,539.55,538.86,538.915,10468
2022-04-14 14:40:00,538.94,539.525,538.89,539.025,15653
2022-04-14 14:45:00,539.04,539.13,538.73,538.9,10675
2022-04-14 14:50:00,538.82,538.87,537.5,537.7,16482
2022-04-14 14:55:00,537.63,537.635,536.03,536.25,27099
2022-04-14 15:00:00,536.31,537.5,536.22,537.33,24647
2022-04-14 15:05:00,537.35,537.74,537.26,537.26,21789
2022-04-14 15:10:00,537.27,537.59,536.68,537.52,16933
2022-04-14 15:15:00,537.5522,538.905,537.49,538.905,14207
2022-04-14 15:20:00,539.14,539.595,538.64,538.96,17781
2022-04-14 15:25:00,538.915,538.915,538.07,538.1,11650
2022-04-14 15:30:00,538.0,538.0,537.36,537.45,15709
2022-04-14 15:35:00,537.44,537.87,537.08,537.15,22499
2022-04-14 15:40:00,537.15,537.65,537.04,537.626,19646
2022-04-14 15:45:00,537.67,537.74,536.53,536.935,35070
2022-04-14 15:50:00,536.985,536.985,536.0,536.61,59359
2022-04-14 15:55:00,536.67,536.81,534.07,534.99,191007
2022-04-14 16:00:00,534.82,534.82,534.82,534.82,506330
2022-04-14 16:05:00,534.88,534.88,534.82,534.82,133983
2022-04-14 16:10:00,534.82,534.82,534.82,534.82,695
2022-04-14 16:20:00,534.82,534.82,534.82,534.82,294
2022-04-14 16:25:00,534.9,534.9,534.9,534.9,491
2022-04-14 16:40:00,534.82,534.82,534.82,534.82,5100
2022-04-14 16:45:00,534.82,534.82,534.82,534.82,6100
