2022-04-01 08:50:00,215.1001,215.1001,215.1001,215.1001,106
2022-04-01 09:30:00,214.9,215.18,214.76,214.9001,75370
2022-04-01 09:35:00,215.02,215.21,213.5,213.725,13195
2022-04-01 09:40:00,213.79,213.82,212.15,212.18,30528
2022-04-01 09:45:00,212.31,212.52,211.23,211.77,34567
2022-04-01 09:50:00,211.67,211.81,210.35,210.47,25183
2022-04-01 09:55:00,210.42,210.92,210.28,210.92,24036
2022-04-01 10:00:00,210.95,211.67,209.84,210.15,52066
2022-04-01 10:05:00,210.215,210.61,209.41,209.53,26703
2022-04-01 10:10:00,209.51,209.63,208.76,209.03,24963
2022-04-01 10:15:00,209.23,209.23,208.035,208.0962,23622
2022-04-01 10:20:00,208.09,208.35,207.76,208.35,28248
2022-04-01 10:25:00,208.42,208.565,207.94,207.97,24928
2022-04-01 10:30:00,208.08,208.8299,207.91,208.73,23661
2022-04-01 10:35:00,208.6218,208.69,208.05,208.1525,12069
2022-04-01 10:40:00,208.23,208.3,207.76,207.8832,29084
2022-04-01 10:45:00,207.91,208.3399,207.82,208.33,15836
2022-04-01 10:50:00,208.33,208.38,207.83,208.095,25692
2022-04-01 10:55:00,208.1214,208.15,207.81,208.04,36829
2022-04-01 11:00:00,208.03,208.03,207.42,207.49,23898
2022-04-01 11:05:00,207.51,209.04,207.38,209.04,34535
2022-04-01 11:10:00,209.0033,209.06,208.08,208.385,13325
2022-04-01 11:15:00,208.33,208.47,208.0,208.29,10825
2022-04-01 11:20:00,208.39,208.41,207.715,207.92,8841
2022-04-01 11:25:00,207.91,208.23,207.91,208.04,12545
2022-04-01 11:30:00,208.035,208.25,207.91,208.17,26020
2022-04-01 11:35:00,208.13,208.2204,207.73,207.89,11738
2022-04-01 11:40:00,207.84,207.84,207.4,207.51,16638
2022-04-01 11:45:00,207.43,207.75,207.43,207.52,15809
2022-04-01 11:50:00,207.4792,207.655,207.31,207.63,17799
2022-04-01 11:55:00,207.645,207.66,207.195,207.29,8777
2022-04-01 12:00:00,207.32,207.58,207.2,207.4,13193
2022-04-01 12:05:00,207.31,207.31,206.89,207.25,30488
2022-04-01 12:10:00,207.21,207.3,206.98,207.19,32057
2022-04-01 12:15:00,207.2,207.38,206.96,207.305,31171
2022-04-01 12:20:00,207.33,207.4105,206.86,206.98,12930
2022-04-01 12:25:00,207.01,207.11,206.5,206.51,32165
2022-04-01 12:30:00,206.485,206.485,205.92,206.15,31049
2022-04-01 12:35:00,206.105,206.105,205.435,205.435,17855
2022-04-01 12:40:00,205.4,205.8494,205.39,205.67,38755
2022-04-01 12:45:00,205.62,205.62,204.9,204.98,40926
2022-04-01 12:50:00,205.01,205.03,204.17,204.4,81326
2022-04-01 12:55:00,204.36,205.09,204.23,204.8,29385
2022-04-01 13:00:00,204.79,204.855,204.11,204.21,32433
2022-04-01 13:05:00,204.26,204.59,204.18,204.39,32335
2022-04-01 13:10:00,204.35,204.365,203.8625,203.89,25436
2022-04-01 13:15:00,203.85,204.5302,203.72,204.49,19854
2022-04-01 13:20:00,204.5344,204.7,204.37,204.625,15913
2022-04-01 13:25:00,204.63,205.06,204.575,204.955,11008
2022-04-01 13:30:00,204.93,205.08,204.5701,204.73,7932
2022-04-01 13:35:00,204.75,205.46,204.68,205.25,17366
2022-04-01 13:40:00,205.23,205.65,205.21,205.42,13557
2022-04-01 13:45:00,205.4845,205.4845,205.155,205.295,22671
2022-04-01 13:50:00,205.35,205.38,205.17,205.2,15112
2022-04-01 13:55:00,205.18,205.72,205.14,205.58,58977
2022-04-01 14:00:00,205.485,206.2,205.485,206.04,12591
2022-04-01 14:05:00,206.1,206.23,205.71,205.92,35664
2022-04-01 14:10:00,205.98,206.17,205.83,206.1,16178
2022-04-01 14:15:00,206.1,206.16,205.94,205.96,12004
2022-04-01 14:20:00,205.96,206.35,205.95,206.14,24926
2022-04-01 14:25:00,206.155,206.9092,206.145,206.86,20007
2022-04-01 14:30:00,206.89,207.14,206.79,207.04,10507
2022-04-01 14:35:00,207.02,207.025,206.56,206.63,8137
2022-04-01 14:40:00,206.68,206.97,206.66,206.84,10199
2022-04-01 14:45:00,206.84,206.9,206.64,206.74,7388
2022-04-01 14:50:00,206.77,207.075,206.66,206.75,52687
2022-04-01 14:55:00,206.66,206.92,206.53,206.62,10657
2022-04-01 15:00:00,206.5929,206.91,206.5929,206.8019,11408
2022-04-01 15:05:00,206.74,206.9,206.64,206.66,15846
2022-04-01 15:10:00,206.66,206.69,206.165,206.345,10810
2022-04-01 15:15:00,206.46,206.47,205.91,205.9233,17466
2022-04-01 15:20:00,205.79,205.87,205.638,205.68,20560
2022-04-01 15:25:00,205.6801,206.28,205.6801,206.27,30137
2022-04-01 15:30:00,206.225,206.412,206.035,206.11,31707
2022-04-01 15:35:00,206.12,206.36,206.01,206.115,39235
2022-04-01 15:40:00,206.09,206.38,205.87,205.87,37049
2022-04-01 15:45:00,205.85,205.9701,205.59,205.82,54849
2022-04-01 15:50:00,205.78,206.655,205.78,206.34,95655
2022-04-01 15:55:00,206.34,206.83,206.33,206.58,144016
2022-04-01 16:00:00,206.64,206.74,206.64,206.74,467409
2022-04-01 16:10:00,206.64,206.64,206.64,206.64,314
2022-04-01 16:35:00,206.64,206.64,206.64,206.64,1468
2022-04-01 16:50:00,206.69,206.69,206.6,206.6,200
2022-04-01 17:10:00,206.64,206.64,206.64,206.64,111
2022-04-01 17:35:00,206.65,206.65,206.65,206.65,100
2022-04-01 17:55:00,206.68,206.68,206.68,206.68,100
2022-04-01 19:05:00,206.64,206.64,206.64,206.64,100
2022-04-01 19:40:00,206.4,206.4,206.4,206.4,100
2022-04-01 19:45:00,206.32,206.32,206.32,206.32,277
2022-04-04 08:15:00,207.5,207.5,207.5,207.5,100
2022-04-04 09:25:00,206.0,206.0,204.64,204.71,840
2022-04-04 09:30:00,204.79,206.27,204.29,205.28,77260
2022-04-04 09:35:00,205.18,205.53,204.19,204.19,24195
2022-04-04 09:40:00,204.15,204.34,202.84,203.0,45332
2022-04-04 09:45:00,202.995,203.26,202.59,203.19,23652
2022-04-04 09:50:00,203.18,204.52,203.18,204.31,22711
2022-04-04 09:55:00,204.46,204.64,204.025,204.51,14704
2022-04-04 10:00:00,204.35,204.88,204.25,204.88,10027
2022-04-04 10:05:00,205.0,205.06,204.03,204.03,17863
2022-04-04 10:10:00,204.04,204.4,203.6202,204.07,14263
2022-04-04 10:15:00,204.1,204.3,203.49,204.3,16991
2022-04-04 10:20:00,204.32,204.49,203.96,204.2,14901
2022-04-04 10:25:00,204.185,204.31,203.32,203.52,47174
2022-04-04 10:30:00,203.62,204.3,203.49,204.0,30142
2022-04-04 10:35:00,204.03,204.04,203.66,203.81,16098
2022-04-04 10:40:00,203.82,204.07,203.8,203.855,8104
2022-04-04 10:45:00,203.9,204.42,203.87,204.34,14865
2022-04-04 10:50:00,204.35,205.08,204.34,204.68,13383
2022-04-04 10:55:00,204.51,204.77,204.51,204.54,13857
2022-04-04 11:00:00,204.5,204.75,204.27,204.66,9340
2022-04-04 11:05:00,204.57,204.595,204.22,204.41,13126
2022-04-04 11:10:00,204.3,204.54,204.1809,204.28,13680
2022-04-04 11:15:00,204.21,204.655,204.151,204.56,13575
2022-04-04 11:20:00,204.4701,204.5,204.31,204.46,11843
2022-04-04 11:25:00,204.505,204.54,204.28,204.54,13775
2022-04-04 11:30:00,204.54,204.9366,204.51,204.55,29542
2022-04-04 11:35:00,204.47,204.57,204.32,204.47,13731
2022-04-04 11:40:00,204.45,204.61,204.375,204.54,7399
2022-04-04 11:45:00,204.5104,204.95,204.445,204.95,8859
2022-04-04 11:50:00,204.88,205.18,204.7979,205.08,8953
2022-04-04 11:55:00,204.99,205.22,204.8404,204.8404,7349
2022-04-04 12:00:00,204.855,204.95,204.745,204.95,5059
2022-04-04 12:05:00,204.95,205.3,204.77,205.08,9401
2022-04-04 12:10:00,205.07,205.07,204.84,204.97,5467
2022-04-04 12:15:00,204.9,204.98,204.5,204.5656,41024
2022-04-04 12:20:00,204.525,204.7,204.36,204.5201,57969
2022-04-04 12:25:00,204.53,204.82,204.37,204.39,27797
2022-04-04 12:30:00,204.405,204.47,203.9204,203.9204,40254
2022-04-04 12:35:00,203.98,204.06,203.57,203.65,19271
2022-04-04 12:40:00,203.5904,203.6443,203.11,203.1101,25731
2022-04-04 12:45:00,203.16,203.3101,202.93,203.24,24103
2022-04-04 12:50:00,203.275,203.33,203.07,203.2,17671
2022-04-04 12:55:00,203.15,203.7,203.14,203.575,15731
2022-04-04 13:00:00,203.575,203.705,203.44,203.65,17309
2022-04-04 13:05:00,203.7,204.04,203.63,204.03,20275
2022-04-04 13:10:00,203.95,203.95,203.6,203.6,13373
2022-04-04 13:15:00,203.5456,203.59,203.2,203.36,25054
2022-04-04 13:20:00,203.33,203.5,203.27,203.35,30419
2022-04-04 13:25:00,203.36,203.6,203.35,203.525,9179
2022-04-04 13:30:00,203.55,203.82,203.4675,203.68,14195
2022-04-04 13:35:00,203.69,203.75,203.505,203.55,10578
2022-04-04 13:40:00,203.56,203.6713,203.484,203.625,20986
2022-04-04 13:45:00,203.64,203.64,203.375,203.495,13690
2022-04-04 13:50:00,203.495,203.82,203.495,203.79,18037
2022-04-04 13:55:00,203.7626,203.94,203.7626,203.94,11015
2022-04-04 14:00:00,203.885,204.3073,203.8407,204.3073,11801
2022-04-04 14:05:00,204.3293,204.36,203.885,204.13,19120
2022-04-04 14:10:00,204.02,204.18,203.985,204.17,13051
2022-04-04 14:15:00,204.145,204.65,204.1,204.4417,22441
2022-04-04 14:20:00,204.465,204.61,204.305,204.58,14865
2022-04-04 14:25:00,204.57,204.79,204.57,204.76,12545
2022-04-04 14:30:00,204.795,204.83,204.72,204.83,8155
2022-04-04 14:35:00,204.8,204.8,204.61,204.65,17087
2022-04-04 14:40:00,204.67,204.72,204.48,204.54,9299
2022-04-04 14:45:00,204.55,204.75,204.5013,204.65,16242
2022-04-04 14:50:00,204.665,204.72,204.62,204.708,14417
2022-04-04 14:55:00,204.742,204.75,204.6,204.635,13325
2022-04-04 15:00:00,204.63,204.73,204.61,204.72,7315
2022-04-04 15:05:00,204.75,204.82,204.5208,204.5208,20264
2022-04-04 15:10:00,204.56,204.67,204.36,204.49,15794
2022-04-04 15:15:00,204.48,204.48,204.19,204.21,26570
2022-04-04 15:20:00,204.279,204.5,204.23,204.5,29450
2022-04-04 15:25:00,204.47,204.47,204.27,204.31,14875
2022-04-04 15:30:00,204.2897,204.74,204.24,204.55,27618
2022-04-04 15:35:00,204.51,204.818,204.51,204.74,18689
2022-04-04 15:40:00,204.755,205.04,204.6301,204.81,58640
2022-04-04 15:45:00,204.79,205.03,204.733,204.89,37975
2022-04-04 15:50:00,204.98,205.185,204.83,205.09,59166
2022-04-04 15:55:00,205.04,205.29,204.83,205.14,123625
2022-04-04 16:00:00,205.21,205.21,205.21,205.21,343367
2022-04-04 16:20:00,204.31,204.31,204.31,204.31,100
2022-04-04 17:05:00,204.99,205.0,204.99,205.0,202
2022-04-04 17:25:00,205.01,205.01,204.99,204.99,617
2022-04-04 18:35:00,204.75,204.75,204.7,204.7,2400
2022-04-04 19:05:00,204.5,204.5,204.5,204.5,144
2022-04-05 07:00:00,204.17,204.17,204.17,204.17,100
2022-04-05 07:15:00,204.02,204.02,204.02,204.02,200
2022-04-05 07:30:00,204.06,204.06,204.06,204.06,200
2022-04-05 08:05:00,204.25,204.25,204.25,204.25,105
2022-04-05 08:10:00,204.26,204.26,204.26,204.26,233
2022-04-05 08:20:00,204.25,204.25,204.0,204.0,528
2022-04-05 08:25:00,204.0,204.0,204.0,204.0,146
2022-04-05 08:30:00,203.8,203.8,203.8,203.8,100
2022-04-05 08:40:00,203.99,203.99,203.3,203.3,944
2022-04-05 08:45:00,202.08,202.63,202.01,202.01,583
2022-04-05 08:50:00,202.0,202.0,202.0,202.0,600
2022-04-05 08:55:00,201.94,202.0,201.2,201.3,650
2022-04-05 09:00:00,201.52,201.52,201.5,201.52,515
2022-04-05 09:05:00,201.89,201.89,201.89,201.89,200
2022-04-05 09:10:00,202.41,202.41,202.41,202.41,100
2022-04-05 09:20:00,202.0015,202.0015,202.0015,202.0015,100
2022-04-05 09:25:00,202.0,202.0,198.32,200.33,8241
2022-04-05 09:30:00,200.25,201.7899,200.14,200.94,256997
2022-04-05 09:35:00,200.94,201.9,200.59,200.78,86063
2022-04-05 09:40:00,200.78,201.99,200.7268,201.5983,51277
2022-04-05 09:45:00,201.78,202.1999,201.0,201.11,60344
2022-04-05 09:50:00,201.05,201.06,199.71,200.87,89207
2022-04-05 09:55:00,200.88,200.88,199.96,200.47,34740
2022-04-05 10:00:00,200.5,200.88,200.22,200.595,40281
2022-04-05 10:05:00,200.64,200.7,199.63,199.7292,51336
2022-04-05 10:10:00,199.63,199.67,198.54,198.61,62196
2022-04-05 10:15:00,198.6,198.625,197.5,197.59,66039
2022-04-05 10:20:00,197.615,197.98,197.21,197.61,67437
2022-04-05 10:25:00,197.65,197.92,197.16,197.29,52036
2022-04-05 10:30:00,197.34,197.3806,196.26,196.27,71139
2022-04-05 10:35:00,196.265,197.45,196.26,197.36,45757
2022-04-05 10:40:00,197.295,197.756,197.02,197.02,46379
2022-04-05 10:45:00,197.0,197.03,196.22,197.03,81715
2022-04-05 10:50:00,197.04,197.7284,196.47,197.23,48209
2022-04-05 10:55:00,197.25,197.5799,196.6,196.67,45011
2022-04-05 11:00:00,196.675,196.74,196.175,196.275,36856
2022-04-05 11:05:00,196.32,197.06,196.3,196.97,23514
2022-04-05 11:10:00,196.97,197.1,196.64,196.98,17462
2022-04-05 11:15:00,196.975,197.31,196.85,197.25,86298
2022-04-05 11:20:00,197.27,197.69,197.16,197.645,29520
2022-04-05 11:25:00,197.65,197.83,197.09,197.09,34152
2022-04-05 11:30:00,197.05,197.3,197.04,197.0958,44384
2022-04-05 11:35:00,197.18,197.39,197.11,197.22,42031
2022-04-05 11:40:00,197.25,197.7,197.22,197.495,23758
2022-04-05 11:45:00,197.53,197.55,197.2,197.33,29143
2022-04-05 11:50:00,197.33,197.6,197.2208,197.6,44127
2022-04-05 11:55:00,197.7,197.79,197.48,197.73,19792
2022-04-05 12:00:00,197.735,197.92,197.5,197.91,17597
2022-04-05 12:05:00,197.9,197.91,197.48,197.79,19964
2022-04-05 12:10:00,197.79,197.945,197.59,197.625,16972
2022-04-05 12:15:00,197.5948,197.61,197.29,197.32,17398
2022-04-05 12:20:00,197.38,197.7,197.36,197.615,28692
2022-04-05 12:25:00,197.6504,197.73,197.3366,197.375,28977
2022-04-05 12:30:00,197.36,197.6799,197.3,197.625,31136
2022-04-05 12:35:00,197.61,197.61,197.41,197.6,38645
2022-04-05 12:40:00,197.6,197.78,197.4577,197.54,31270
2022-04-05 12:45:00,197.58,198.0,197.54,198.0,13309
2022-04-05 12:50:00,197.975,197.975,197.705,197.732,11167
2022-04-05 12:55:00,197.76,197.76,197.5,197.58,21534
2022-04-05 13:00:00,197.555,197.7,197.37,197.65,37738
2022-04-05 13:05:00,197.665,197.9,197.615,197.82,23479
2022-04-05 13:10:00,197.86,197.93,197.54,197.75,39879
2022-04-05 13:15:00,197.775,198.06,197.775,197.81,36423
2022-04-05 13:20:00,197.82,197.84,197.51,197.5717,24536
2022-04-05 13:25:00,197.54,197.69,197.08,197.12,32396
2022-04-05 13:30:00,197.08,197.105,196.5901,196.64,46111
2022-04-05 13:35:00,196.6,196.71,196.08,196.22,64632
2022-04-05 13:40:00,196.19,196.39,196.01,196.345,27563
2022-04-05 13:45:00,196.325,196.71,196.19,196.3514,33695
2022-04-05 13:50:00,196.34,196.81,196.27,196.7,13368
2022-04-05 13:55:00,196.75,196.75,196.5,196.73,17179
2022-04-05 14:00:00,196.715,196.85,196.6445,196.8,18006
2022-04-05 14:05:00,196.73,196.926,196.71,196.85,16902
2022-04-05 14:10:00,196.85,197.195,196.85,197.07,27634
2022-04-05 14:15:00,197.055,197.16,196.758,197.155,20135
2022-04-05 14:20:00,197.2,197.625,197.085,197.52,23739
2022-04-05 14:25:00,197.535,197.67,197.225,197.225,25362
2022-04-05 14:30:00,197.24,197.33,197.05,197.15,19191
2022-04-05 14:35:00,197.15,197.625,197.12,197.1653,350911
2022-04-05 14:40:00,197.15,197.18,196.86,196.9,16369
2022-04-05 14:45:00,196.8,196.8,196.33,196.405,23187
2022-04-05 14:50:00,196.42,196.809,196.385,196.75,58375
2022-04-05 14:55:00,196.77,196.91,196.66,196.88,31108
2022-04-05 15:00:00,196.87,197.14,196.79,196.99,48049
2022-04-05 15:05:00,196.99,197.2,196.79,197.0497,31059
2022-04-05 15:10:00,197.08,197.12,196.63,196.79,47167
2022-04-05 15:15:00,196.79,197.06,196.78,196.9,30978
2022-04-05 15:20:00,196.91,197.09,196.73,197.08,45064
2022-04-05 15:25:00,197.08,197.12,196.84,196.84,39281
2022-04-05 15:30:00,196.825,197.07,196.705,196.975,49546
2022-04-05 15:35:00,196.98,196.98,196.625,196.86,54442
2022-04-05 15:40:00,196.825,197.17,196.78,196.979,68961
2022-04-05 15:45:00,196.98,197.0,196.74,196.8,70025
2022-04-05 15:50:00,196.78,197.18,196.73,197.08,127227
2022-04-05 15:55:00,197.06,197.41,196.98,197.32,319418
2022-04-05 16:00:00,197.21,197.21,197.21,197.21,580948
2022-04-05 16:25:00,197.32,197.32,197.32,197.32,100
2022-04-05 16:40:00,197.21,197.21,197.21,197.21,1245
2022-04-05 17:00:00,197.32,197.32,197.32,197.32,100
2022-04-05 17:20:00,197.79,197.79,197.5,197.5,500
2022-04-05 17:25:00,197.7499,197.7499,197.6,197.7,2410
2022-04-05 17:30:00,197.75,197.75,197.75,197.75,400
2022-04-05 17:55:00,197.65,197.65,197.65,197.65,100
2022-04-05 18:00:00,197.65,197.65,197.63,197.63,200
2022-04-05 18:05:00,197.65,197.65,197.65,197.65,200
2022-04-05 18:10:00,197.79,197.79,197.79,197.79,200
2022-04-05 18:15:00,197.65,197.65,197.65,197.65,100
2022-04-05 18:20:00,197.68,197.68,197.68,197.68,200
2022-04-05 18:40:00,197.86,197.86,197.86,197.86,100
2022-04-05 19:10:00,197.6,197.6,197.6,197.6,100
2022-04-05 19:25:00,197.57,197.57,197.57,197.57,100
2022-04-05 19:40:00,197.86,197.86,197.86,197.86,100
2022-04-06 07:00:00,197.24,197.4,197.23,197.23,600
2022-04-06 07:10:00,196.8,196.8,196.8,196.8,454
2022-04-06 08:00:00,196.0,196.0,196.0,196.0,263
2022-04-06 08:35:00,196.33,196.33,196.33,196.33,200
2022-04-06 09:05:00,195.75,195.9,195.75,195.9,200
2022-04-06 09:10:00,195.63,196.0,195.63,196.0,905
2022-04-06 09:20:00,196.0,196.0,196.0,196.0,100
2022-04-06 09:25:00,196.22,196.25,196.22,196.25,324
2022-04-06 09:30:00,195.58,195.665,194.57,194.97,127061
2022-04-06 09:35:00,195.17,195.94,194.9601,195.8,23239
2022-04-06 09:40:00,195.9199,196.52,195.52,196.02,47674
2022-04-06 09:45:00,196.16,196.38,195.85,196.36,34333
2022-04-06 09:50:00,196.315,196.92,195.6405,195.695,50672
2022-04-06 09:55:00,195.63,195.7437,194.74,194.805,27977
2022-04-06 10:00:00,194.84,195.04,194.25,194.28,63600
2022-04-06 10:05:00,194.2,194.2,193.51,193.825,45606
2022-04-06 10:10:00,193.86,194.325,193.8,193.96,14491
2022-04-06 10:15:00,193.91,194.93,193.9,194.72,29707
2022-04-06 10:20:00,194.71,195.0,194.55,194.855,20970
2022-04-06 10:25:00,194.835,195.4288,194.835,195.225,78018
2022-04-06 10:30:00,195.235,195.555,195.07,195.51,25493
2022-04-06 10:35:00,195.5421,195.74,195.51,195.58,20354
2022-04-06 10:40:00,195.55,195.8325,195.36,195.67,22005
2022-04-06 10:45:00,195.67,196.43,195.6,196.41,26092
2022-04-06 10:50:00,196.41,196.47,196.04,196.06,19148
2022-04-06 10:55:00,195.99,196.0099,195.52,195.6,38647
2022-04-06 11:00:00,195.6,196.04,195.48,196.035,57245
2022-04-06 11:05:00,196.0661,196.47,196.02,196.28,40412
2022-04-06 11:10:00,196.26,196.355,195.6,195.765,26249
2022-04-06 11:15:00,195.8,195.88,195.43,195.735,18951
2022-04-06 11:20:00,195.735,195.97,195.56,195.615,20548
2022-04-06 11:25:00,195.615,195.62,195.195,195.495,17069
2022-04-06 11:30:00,195.53,195.78,195.41,195.6,24230
2022-04-06 11:35:00,195.65,195.89,195.535,195.56,13972
2022-04-06 11:40:00,195.61,195.73,195.43,195.6,14333
2022-04-06 11:45:00,195.63,195.8,195.5,195.7,19019
2022-04-06 11:50:00,195.7,195.905,195.57,195.61,17555
2022-04-06 11:55:00,195.66,195.95,195.57,195.61,15956
2022-04-06 12:00:00,195.65,195.65,195.36,195.46,19595
2022-04-06 12:05:00,195.4707,195.57,195.3,195.42,13348
2022-04-06 12:10:00,195.46,195.51,194.9,194.905,29866
2022-04-06 12:15:00,194.91,195.4,194.91,195.245,40884
2022-04-06 12:20:00,195.17,195.19,194.83,194.84,10509
2022-04-06 12:25:00,194.84,194.95,194.7712,194.7712,14684
2022-04-06 12:30:00,194.83,194.98,194.71,194.93,13820
2022-04-06 12:35:00,194.91,194.98,194.6,194.6396,16661
2022-04-06 12:40:00,194.65,194.88,194.25,194.25,13989
2022-04-06 12:45:00,194.15,194.29,193.94,194.04,19121
2022-04-06 12:50:00,194.01,194.07,193.66,193.7,17136
2022-04-06 12:55:00,193.69,193.9,193.55,193.9,13777
2022-04-06 13:00:00,193.93,193.93,193.585,193.64,15722
2022-04-06 13:05:00,193.6009,193.7409,193.53,193.665,12390
2022-04-06 13:10:00,193.69,194.02,193.65,193.96,19847
2022-04-06 13:15:00,193.94,194.07,193.7872,193.7872,12225
2022-04-06 13:20:00,193.78,194.17,193.755,194.17,13420
2022-04-06 13:25:00,194.14,194.29,194.045,194.24,11931
2022-04-06 13:30:00,194.24,194.24,193.8975,193.99,8355
2022-04-06 13:35:00,194.03,194.11,193.81,194.035,9065
2022-04-06 13:40:00,194.044,194.475,194.0,194.3079,16710
2022-04-06 13:45:00,194.3604,194.3604,193.93,194.32,11916
2022-04-06 13:50:00,194.3,194.83,194.25,194.62,23114
2022-04-06 13:55:00,194.6589,194.6589,194.08,194.155,12628
2022-04-06 14:00:00,194.15,194.83,193.82,194.325,15473
2022-04-06 14:05:00,194.225,194.29,193.56,193.64,17672
2022-04-06 14:10:00,193.6,193.77,193.36,193.47,25389
2022-04-06 14:15:00,193.44,193.55,193.25,193.35,21012
2022-04-06 14:20:00,193.5,193.77,193.41,193.66,14376
2022-04-06 14:25:00,193.76,194.03,193.56,193.74,16402
2022-04-06 14:30:00,193.87,194.49,193.695,194.36,18272
2022-04-06 14:35:00,194.41,194.675,194.1301,194.36,12787
2022-04-06 14:40:00,194.31,194.53,194.14,194.4,13228
2022-04-06 14:45:00,194.43,194.65,194.33,194.5637,25359
2022-04-06 14:50:00,194.63,194.9653,194.62,194.915,15563
2022-04-06 14:55:00,194.96,195.48,194.93,195.48,32497
2022-04-06 15:00:00,195.46,195.81,195.41,195.43,22838
2022-04-06 15:05:00,195.415,195.415,194.81,195.1,17954
2022-04-06 15:10:00,195.13,195.26,195.02,195.115,25452
2022-04-06 15:15:00,195.11,195.33,194.61,194.665,25207
2022-04-06 15:20:00,194.64,194.68,194.43,194.599,16473
2022-04-06 15:25:00,194.56,194.6,194.36,194.455,13585
2022-04-06 15:30:00,194.35,194.6,194.1,194.16,43447
2022-04-06 15:35:00,194.23,194.72,194.08,194.685,25872
2022-04-06 15:40:00,194.63,194.64,194.3,194.44,30176
2022-04-06 15:45:00,194.41,194.86,194.345,194.835,44564
2022-04-06 15:50:00,194.99,195.04,194.365,194.45,70639
2022-04-06 15:55:00,194.45,194.56,194.08,194.39,176782
2022-04-06 16:00:00,194.39,194.39,194.39,194.39,602893
2022-04-06 16:25:00,194.0,194.0,194.0,194.0,200
2022-04-06 16:45:00,194.3,194.3,194.3,194.3,150
2022-04-06 18:05:00,194.75,194.75,194.75,194.75,385
2022-04-06 18:30:00,194.99,194.99,194.99,194.99,300
2022-04-06 18:35:00,194.59,194.59,194.59,194.59,200
2022-04-06 18:50:00,194.5,194.5,194.5,194.5,100
2022-04-07 08:00:00,195.795,195.795,195.13,195.13,300
2022-04-07 09:00:00,194.0,194.0,194.0,194.0,100
2022-04-07 09:15:00,194.38,194.38,194.38,194.38,100
2022-04-07 09:25:00,194.0,194.0,193.96,193.96,600
2022-04-07 09:30:00,194.44,194.44,192.792,193.24,66655
2022-04-07 09:35:00,193.4919,193.88,192.56,193.85,15198
2022-04-07 09:40:00,193.755,193.78,192.99,193.2,33546
2022-04-07 09:45:00,193.36,193.52,192.94,193.04,23872
2022-04-07 09:50:00,193.07,193.52,192.83,193.0,21785
2022-04-07 09:55:00,192.91,193.155,192.6,192.7,34104
2022-04-07 10:00:00,192.74,192.95,192.285,192.6748,32046
2022-04-07 10:05:00,192.75,192.925,192.25,192.3805,33820
2022-04-07 10:10:00,192.345,192.41,191.88,192.27,13863
2022-04-07 10:15:00,192.22,192.43,191.81,191.81,22976
2022-04-07 10:20:00,191.73,191.78,191.05,191.27,42758
2022-04-07 10:25:00,191.26,191.2899,190.8604,191.01,30419
2022-04-07 10:30:00,191.0844,191.21,190.77,190.81,56772
2022-04-07 10:35:00,190.8,191.0,190.15,190.165,37593
2022-04-07 10:40:00,190.11,190.1314,189.57,189.675,67011
2022-04-07 10:45:00,189.63,189.7489,189.52,189.5219,32833
2022-04-07 10:50:00,189.59,190.44,189.59,190.285,25252
2022-04-07 10:55:00,190.28,190.6492,190.2,190.385,16924
2022-04-07 11:00:00,190.47,191.01,190.38,190.775,20565
2022-04-07 11:05:00,190.8176,190.94,190.655,190.7792,15357
2022-04-07 11:10:00,190.7,190.9214,190.58,190.685,10575
2022-04-07 11:15:00,190.69,190.81,190.22,190.48,21121
2022-04-07 11:20:00,190.55,190.78,190.45,190.51,18566
2022-04-07 11:25:00,190.58,190.58,190.15,190.35,63691
2022-04-07 11:30:00,190.38,190.95,190.345,190.67,17475
2022-04-07 11:35:00,190.665,191.2,190.62,190.78,25931
2022-04-07 11:40:00,190.72,191.0,190.71,190.88,14821
2022-04-07 11:45:00,190.85,191.038,190.74,190.8,7988
2022-04-07 11:50:00,190.68,190.7815,190.38,190.4394,25433
2022-04-07 11:55:00,190.46,190.85,190.4549,190.77,20749
2022-04-07 12:00:00,190.81,190.91,190.33,190.33,15737
2022-04-07 12:05:00,190.33,190.585,190.25,190.4436,18012
2022-04-07 12:10:00,190.47,190.62,190.14,190.34,32335
2022-04-07 12:15:00,190.3774,190.64,190.21,190.56,27255
2022-04-07 12:20:00,190.64,190.84,190.47,190.66,26972
2022-04-07 12:25:00,190.685,191.52,190.65,191.49,34073
2022-04-07 12:30:00,191.49,191.93,191.43,191.87,43801
2022-04-07 12:35:00,191.9,191.9,191.08,191.2,25766
2022-04-07 12:40:00,191.21,191.43,191.12,191.2691,26605
2022-04-07 12:45:00,191.265,191.41,190.945,191.105,27851
2022-04-07 12:50:00,191.18,191.265,191.035,191.035,5555
2022-04-07 12:55:00,191.07,191.37,191.01,191.37,9194
2022-04-07 13:00:00,191.38,191.84,191.32,191.77,12672
2022-04-07 13:05:00,191.775,192.17,191.67,192.17,17700
2022-04-07 13:10:00,192.17,192.53,192.0,192.2607,72348
2022-04-07 13:15:00,192.25,192.71,192.1646,192.625,23102
2022-04-07 13:20:00,192.655,192.85,192.59,192.7,22984
2022-04-07 13:25:00,192.74,192.86,192.68,192.68,11907
2022-04-07 13:30:00,192.765,192.77,192.08,192.08,20539
2022-04-07 13:35:00,192.1399,192.1399,191.83,191.83,11939
2022-04-07 13:40:00,191.78,192.04,191.78,191.93,13082
2022-04-07 13:45:00,191.93,191.9799,191.75,191.78,13004
2022-04-07 13:50:00,191.77,191.9199,191.72,191.75,16966
2022-04-07 13:55:00,191.75,192.9,191.74,192.86,25740
2022-04-07 14:00:00,192.84,193.18,192.84,193.135,20114
2022-04-07 14:05:00,193.14,193.21,192.88,193.115,10558
2022-04-07 14:10:00,193.12,193.3,193.01,193.24,14766
2022-04-07 14:15:00,193.26,193.26,192.74,192.74,15083
2022-04-07 14:20:00,192.8,192.863,192.6,192.8175,8977
2022-04-07 14:25:00,192.875,193.11,192.76,192.76,10968
2022-04-07 14:30:00,192.7,193.0341,192.7,192.925,9432
2022-04-07 14:35:00,192.875,192.8946,192.74,192.865,8302
2022-04-07 14:40:00,192.87,192.87,192.45,192.69,15908
2022-04-07 14:45:00,192.67,192.98,192.575,192.83,7610
2022-04-07 14:50:00,192.815,193.1545,192.785,193.13,12057
2022-04-07 14:55:00,193.16,193.31,192.99,193.215,40875
2022-04-07 15:00:00,193.15,193.38,193.09,193.13,24392
2022-04-07 15:05:00,193.13,193.31,192.99,193.29,25263
2022-04-07 15:10:00,193.26,193.37,193.145,193.37,19278
2022-04-07 15:15:00,193.38,193.77,193.14,193.165,31050
2022-04-07 15:20:00,193.13,193.13,192.8001,192.965,23037
2022-04-07 15:25:00,192.965,193.29,192.965,193.01,20631
2022-04-07 15:30:00,193.01,193.128,192.84,193.115,30174
2022-04-07 15:35:00,193.09,193.34,192.87,193.31,38923
2022-04-07 15:40:00,193.3,193.31,193.071,193.2,30946
2022-04-07 15:45:00,193.21,193.45,193.08,193.2091,37988
2022-04-07 15:50:00,193.18,193.27,192.75,192.8178,58002
2022-04-07 15:55:00,192.85,192.86,192.54,192.7,128937
2022-04-07 16:00:00,192.7,192.7,192.7,192.7,371062
2022-04-07 17:20:00,192.5,192.5,192.5,192.5,397
2022-04-08 06:20:00,192.19,192.19,191.0,191.0,3044
2022-04-08 06:25:00,190.85,190.85,190.05,190.05,603
2022-04-08 06:30:00,190.05,190.98,190.0,190.98,319
2022-04-08 06:35:00,190.49,190.5,190.49,190.5,312
2022-04-08 07:00:00,190.47,190.47,190.47,190.47,778
2022-04-08 07:05:00,190.51,190.54,190.51,190.54,200
2022-04-08 07:10:00,190.69,190.69,190.6,190.6,1445
2022-04-08 07:15:00,190.53,190.56,190.53,190.56,254
2022-04-08 07:40:00,190.59,190.7,190.59,190.7,723
2022-04-08 07:45:00,190.51,190.51,190.4,190.4,242
2022-04-08 07:55:00,190.35,190.35,190.0,190.0,1480
2022-04-08 08:00:00,190.6,190.6,189.62,190.0,1360
2022-04-08 08:10:00,190.0,190.0,190.0,190.0,100
2022-04-08 08:15:00,190.0,190.0,190.0,190.0,100
2022-04-08 08:20:00,189.65,189.6501,189.65,189.65,2355
2022-04-08 08:25:00,189.85,189.85,189.85,189.85,300
2022-04-08 08:30:00,189.65,189.65,189.65,189.65,200
2022-04-08 08:35:00,189.74,189.9799,189.74,189.9799,600
2022-04-08 08:40:00,189.75,189.75,189.75,189.75,500
2022-04-08 08:45:00,189.68,189.68,189.68,189.68,100
2022-04-08 08:50:00,189.68,189.72,189.67,189.67,827
2022-04-08 08:55:00,189.66,189.66,189.66,189.66,100
2022-04-08 09:00:00,189.75,189.98,189.75,189.75,461
2022-04-08 09:05:00,189.57,189.57,189.5,189.5,1735
2022-04-08 09:10:00,189.67,189.85,189.67,189.85,200
2022-04-08 09:20:00,189.85,189.85,189.85,189.85,500
2022-04-08 09:25:00,189.55,189.94,188.52,188.52,3399
2022-04-08 09:30:00,188.73,190.0,188.26,188.44,173470
2022-04-08 09:35:00,188.44,188.44,187.13,188.03,181304
2022-04-08 09:40:00,187.93,188.6376,187.62,187.69,95872
2022-04-08 09:45:00,187.74,187.8,186.65,186.75,180055
2022-04-08 09:50:00,186.7,187.1099,186.35,186.755,129441
2022-04-08 09:55:00,186.745,186.97,186.5,186.57,148402
2022-04-08 10:00:00,186.5,186.99,186.05,186.6222,91946
2022-04-08 10:05:00,186.67,187.1,186.67,186.8786,80856
2022-04-08 10:10:00,186.88,186.88,186.18,186.3658,25760
2022-04-08 10:15:00,186.4,186.74,186.19,186.7,56342
2022-04-08 10:20:00,186.76,187.01,186.69,186.93,33752
2022-04-08 10:25:00,186.95,187.93,186.64,187.35,72924
2022-04-08 10:30:00,187.4,187.5894,186.94,186.94,25485
2022-04-08 10:35:00,186.9318,187.22,186.8,187.175,32365
2022-04-08 10:40:00,187.09,187.48,187.09,187.36,39406
2022-04-08 10:45:00,187.29,188.09,187.26,188.0,49804
2022-04-08 10:50:00,187.99,188.73,187.96,188.515,70277
2022-04-08 10:55:00,188.47,189.09,188.281,188.95,91433
2022-04-08 11:00:00,188.85,189.66,188.85,189.66,83874
2022-04-08 11:05:00,189.67,189.93,189.19,189.27,151009
2022-04-08 11:10:00,189.33,190.11,189.26,189.985,52977
2022-04-08 11:15:00,190.04,190.539,189.9901,190.4288,47961
2022-04-08 11:20:00,190.42,190.6,190.25,190.6,36844
2022-04-08 11:25:00,190.55,190.56,190.2,190.44,28026
2022-04-08 11:30:00,190.45,190.63,190.43,190.63,35155
2022-04-08 11:35:00,190.67,190.67,189.83,190.11,46147
2022-04-08 11:40:00,190.105,190.495,190.105,190.42,27515
2022-04-08 11:45:00,190.42,190.84,190.37,190.71,12987
2022-04-08 11:50:00,190.7,190.81,190.4,190.42,21102
2022-04-08 11:55:00,190.41,190.88,190.39,190.865,16160
2022-04-08 12:00:00,190.82,191.08,190.7599,190.78,32784
2022-04-08 12:05:00,190.785,190.8,190.16,190.19,23102
2022-04-08 12:10:00,190.16,190.195,189.75,190.07,21205
2022-04-08 12:15:00,190.03,190.42,189.88,190.3,33322
2022-04-08 12:20:00,190.28,190.73,190.28,190.665,11200
2022-04-08 12:25:00,190.675,191.1999,190.65,191.069,19455
2022-04-08 12:30:00,191.02,191.22,190.854,191.0971,33424
2022-04-08 12:35:00,191.09,191.19,191.01,191.145,15771
2022-04-08 12:40:00,191.12,191.18,190.69,190.82,24148
2022-04-08 12:45:00,190.845,191.08,190.835,191.08,18129
2022-04-08 12:50:00,191.05,191.3,191.0,191.205,15172
2022-04-08 12:55:00,191.17,191.34,191.03,191.25,7550
2022-04-08 13:00:00,191.25,191.2883,191.1,191.21,17519
2022-04-08 13:05:00,191.1717,191.3299,191.055,191.2446,12377
2022-04-08 13:10:00,191.31,191.31,190.93,191.06,19242
2022-04-08 13:15:00,191.06,191.075,190.96,190.9732,27278
2022-04-08 13:20:00,191.0,191.21,191.0,191.1666,15490
2022-04-08 13:25:00,191.14,191.41,191.08,191.315,21436
2022-04-08 13:30:00,191.33,191.46,191.1,191.1,20038
2022-04-08 13:35:00,191.1,191.19,190.93,191.07,31223
2022-04-08 13:40:00,191.04,191.35,190.97,191.258,15525
2022-04-08 13:45:00,191.22,191.28,191.08,191.17,9503
2022-04-08 13:50:00,191.13,191.255,191.06,191.19,13587
2022-04-08 13:55:00,191.17,191.3096,191.16,191.25,9528
2022-04-08 14:00:00,191.23,191.37,191.19,191.19,8761
2022-04-08 14:05:00,191.2054,191.68,191.165,191.58,17593
2022-04-08 14:10:00,191.6,191.85,191.475,191.59,23114
2022-04-08 14:15:00,191.5913,191.67,191.45,191.57,18055
2022-04-08 14:20:00,191.5,191.64,191.045,191.045,20818
2022-04-08 14:25:00,191.01,191.01,190.67,190.89,37087
2022-04-08 14:30:00,190.82,191.12,190.7799,191.095,15061
2022-04-08 14:35:00,191.06,191.545,191.0,191.45,28468
2022-04-08 14:40:00,191.46,191.46,191.22,191.28,12831
2022-04-08 14:45:00,191.31,191.39,191.204,191.25,12571
2022-04-08 14:50:00,191.22,191.41,191.16,191.24,11557
2022-04-08 14:55:00,191.24,191.339,190.881,190.925,18588
2022-04-08 15:00:00,190.915,191.1313,190.915,191.08,17360
2022-04-08 15:05:00,191.09,191.195,191.02,191.0456,10248
2022-04-08 15:10:00,191.07,191.37,190.96,191.2039,8690
2022-04-08 15:15:00,191.19,191.47,191.12,191.42,22408
2022-04-08 15:20:00,191.38,191.5,191.29,191.42,15638
2022-04-08 15:25:00,191.37,191.585,191.35,191.5363,20068
2022-04-08 15:30:00,191.53,191.65,191.215,191.23,34217
2022-04-08 15:35:00,191.24,191.24,190.94,190.94,24718
2022-04-08 15:40:00,190.92,191.38,190.81,191.38,46603
2022-04-08 15:45:00,191.33,191.34,190.72,190.84,54048
2022-04-08 15:50:00,190.77,190.98,190.65,190.85,72287
2022-04-08 15:55:00,190.85,191.09,190.69,191.02,186544
2022-04-08 16:00:00,190.97,190.97,190.97,190.97,442384
2022-04-08 16:10:00,191.016,191.016,191.016,191.016,200
2022-04-08 16:20:00,190.97,190.97,190.97,190.97,777
2022-04-08 16:25:00,190.97,190.97,190.97,190.97,2296
2022-04-08 16:45:00,190.52,190.52,190.51,190.51,284
2022-04-08 16:55:00,191.0,191.0,191.0,191.0,100
2022-04-08 17:05:00,190.8,190.8,190.8,190.8,778
2022-04-08 18:00:00,191.23,191.23,191.23,191.23,100
2022-04-08 18:30:00,190.52,190.52,190.52,190.52,991
2022-04-08 19:50:00,191.2,191.2,191.2,191.2,1600
2022-04-08 19:55:00,191.1999,191.1999,191.1999,191.1999,200
2022-04-11 05:35:00,190.02,190.02,190.02,190.02,100
2022-04-11 08:00:00,191.5,191.5,189.5232,189.5232,400
2022-04-11 08:25:00,189.0,189.0,189.0,189.0,100
2022-04-11 08:55:00,189.48,189.48,189.48,189.48,500
2022-04-11 09:25:00,190.6,190.6,190.6,190.6,100
2022-04-11 09:30:00,189.75,191.53,189.75,191.53,71410
2022-04-11 09:35:00,191.64,192.27,191.5855,191.82,44454
2022-04-11 09:40:00,191.95,193.18,191.745,192.96,18443
2022-04-11 09:45:00,192.97,193.64,192.78,193.31,28020
2022-04-11 09:50:00,193.36,193.83,193.0,193.7,34885
2022-04-11 09:55:00,193.75,194.2,193.3879,194.145,34071
2022-04-11 10:00:00,194.1,194.105,193.18,193.19,25089
2022-04-11 10:05:00,193.18,193.98,192.71,193.74,20429
2022-04-11 10:10:00,193.85,193.94,193.26,193.26,7289
2022-04-11 10:15:00,193.38,193.6,192.95,193.0,11457
2022-04-11 10:20:00,192.96,193.56,192.91,193.32,19602
2022-04-11 10:25:00,193.26,193.29,192.81,193.22,17664
2022-04-11 10:30:00,193.16,193.17,192.87,193.17,17384
2022-04-11 10:35:00,193.175,193.21,192.41,192.81,21380
2022-04-11 10:40:00,192.77,192.81,192.2,192.21,9986
2022-04-11 10:45:00,192.25,192.33,191.45,191.7181,17867
2022-04-11 10:50:00,191.72,191.73,191.32,191.35,12253
2022-04-11 10:55:00,191.29,191.515,190.7,190.79,42136
2022-04-11 11:00:00,190.69,190.71,189.51,190.0271,45075
2022-04-11 11:05:00,189.97,190.12,189.53,189.74,27973
2022-04-11 11:10:00,189.84,190.09,189.31,189.53,21336
2022-04-11 11:15:00,189.5,189.525,188.78,188.78,19842
2022-04-11 11:20:00,188.74,189.0052,188.64,188.91,41984
2022-04-11 11:25:00,188.94,189.59,188.885,189.59,13772
2022-04-11 11:30:00,189.5,189.98,189.4,189.98,21222
2022-04-11 11:35:00,189.96,190.125,189.82,190.09,12033
2022-04-11 11:40:00,190.15,190.23,190.025,190.1118,8190
2022-04-11 11:45:00,190.18,190.64,190.18,190.38,20278
2022-04-11 11:50:00,190.42,190.75,190.42,190.74,10778
2022-04-11 11:55:00,190.78,190.85,190.61,190.695,23237
2022-04-11 12:00:00,190.695,190.96,190.5156,190.9,18033
2022-04-11 12:05:00,190.97,191.27,190.7713,191.13,11877
2022-04-11 12:10:00,191.13,191.33,191.1,191.33,12273
2022-04-11 12:15:00,191.35,191.59,191.23,191.2586,7523
2022-04-11 12:20:00,191.27,191.3,191.0,191.045,11230
2022-04-11 12:25:00,191.0,191.04,190.895,190.99,9517
2022-04-11 12:30:00,191.05,191.1292,190.94,191.0804,9498
2022-04-11 12:35:00,191.08,191.12,190.88,191.07,5408
2022-04-11 12:40:00,191.0811,191.085,190.752,191.0,21929
2022-04-11 12:45:00,190.93,190.98,190.85,190.96,13534
2022-04-11 12:50:00,190.9964,191.0017,190.66,190.685,19238
2022-04-11 12:55:00,190.66,191.02,190.66,190.89,7772
2022-04-11 13:00:00,190.895,191.235,190.895,191.1,5142
2022-04-11 13:05:00,191.04,191.18,191.04,191.11,4855
2022-04-11 13:10:00,191.07,191.07,190.81,190.99,21588
2022-04-11 13:15:00,190.96,190.97,190.65,190.92,9947
2022-04-11 13:20:00,190.92,190.9799,190.74,190.78,10895
2022-04-11 13:25:00,190.86,191.175,190.8,191.0,15235
2022-04-11 13:30:00,191.03,191.12,190.84,191.05,7533
2022-04-11 13:35:00,191.085,191.213,191.0,191.19,14369
2022-04-11 13:40:00,191.21,191.29,191.1,191.1,6410
2022-04-11 13:45:00,191.07,191.19,191.0,191.025,14353
2022-04-11 13:50:00,191.035,191.13,190.915,191.1091,16480
2022-04-11 13:55:00,191.0812,191.19,191.0,191.06,8191
2022-04-11 14:00:00,191.0262,191.18,190.9,191.03,11522
2022-04-11 14:05:00,191.1,191.3699,191.07,191.31,10556
2022-04-11 14:10:00,191.27,191.35,190.99,191.04,20565
2022-04-11 14:15:00,191.11,191.2,191.08,191.2,5010
2022-04-11 14:20:00,191.22,191.391,191.2,191.26,8823
2022-04-11 14:25:00,191.275,191.32,191.16,191.25,9997
2022-04-11 14:30:00,191.22,191.24,191.0,191.2,7287
2022-04-11 14:35:00,191.24,191.265,191.1,191.1,5781
2022-04-11 14:40:00,191.19,191.28,191.0,191.155,14233
2022-04-11 14:45:00,191.165,191.41,191.14,191.37,5144
2022-04-11 14:50:00,191.35,191.37,191.16,191.2136,10119
2022-04-11 14:55:00,191.17,191.38,191.17,191.36,11423
2022-04-11 15:00:00,191.355,191.4,190.935,190.955,15546
2022-04-11 15:05:00,190.945,191.09,190.945,191.0,13514
2022-04-11 15:10:00,191.03,191.1095,191.0,191.075,16382
2022-04-11 15:15:00,191.1,191.22,191.0,191.165,13879
2022-04-11 15:20:00,191.155,191.39,191.0,191.34,18194
2022-04-11 15:25:00,191.26,191.26,191.0,191.06,14727
2022-04-11 15:30:00,191.045,191.075,190.885,190.985,34806
2022-04-11 15:35:00,190.97,191.173,190.936,191.08,37683
2022-04-11 15:40:00,191.0628,191.1514,190.92,190.97,27361
2022-04-11 15:45:00,190.96,191.0,190.64,190.68,44375
2022-04-11 15:50:00,190.64,190.855,190.34,190.46,111051
2022-04-11 15:55:00,190.44,190.88,190.3335,190.83,113702
2022-04-11 16:00:00,190.84,190.84,190.84,190.84,285264
2022-04-11 16:05:00,190.14,190.18,190.14,190.15,376
2022-04-11 17:00:00,190.5,190.5,190.5,190.5,1000
2022-04-11 17:10:00,190.84,190.84,190.84,190.84,218
2022-04-11 18:05:00,191.0,191.0,191.0,191.0,209
2022-04-12 08:05:00,190.84,190.84,190.84,190.84,300
2022-04-12 09:20:00,191.97,191.97,191.85,191.85,300
2022-04-12 09:25:00,191.75,191.75,190.87,190.87,200
2022-04-12 09:30:00,190.98,191.18,189.86,190.005,64326
2022-04-12 09:35:00,190.12,191.16,189.98,191.16,14610
2022-04-12 09:40:00,191.16,191.73,191.11,191.33,19992
2022-04-12 09:45:00,191.4,192.1299,191.35,191.7112,22426
2022-04-12 09:50:00,191.41,191.99,191.24,191.56,12821
2022-04-12 09:55:00,191.23,191.7479,190.94,191.72,16039
2022-04-12 10:00:00,191.58,191.58,191.01,191.2156,17731
2022-04-12 10:05:00,191.35,191.62,191.24,191.62,13360
2022-04-12 10:10:00,191.66,192.0342,191.55,191.75,17435
2022-04-12 10:15:00,191.84,191.84,190.661,190.661,30342
2022-04-12 10:20:00,190.67,190.9,190.52,190.78,13862
2022-04-12 10:25:00,190.89,191.025,190.41,190.43,17483
2022-04-12 10:30:00,190.443,190.443,189.53,189.64,25037
2022-04-12 10:35:00,189.645,189.75,189.39,189.52,30579
2022-04-12 10:40:00,189.4701,189.66,189.26,189.34,16350
2022-04-12 10:45:00,189.33,189.35,188.85,188.98,21835
2022-04-12 10:50:00,188.97,189.41,188.71,189.36,20901
2022-04-12 10:55:00,189.3,189.45,189.2074,189.4,27453
2022-04-12 11:00:00,189.39,189.59,189.24,189.47,25056
2022-04-12 11:05:00,189.45,189.45,189.1101,189.22,34530
2022-04-12 11:10:00,189.25,189.33,188.88,189.28,37091
2022-04-12 11:15:00,189.2447,189.31,189.12,189.3,11524
2022-04-12 11:20:00,189.31,189.635,189.23,189.6,16846
2022-04-12 11:25:00,189.584,189.64,189.35,189.35,37105
2022-04-12 11:30:00,189.38,190.1,189.38,190.1,51085
2022-04-12 11:35:00,190.1,190.12,189.665,189.79,36088
2022-04-12 11:40:00,189.78,190.05,189.67,189.96,10979
2022-04-12 11:45:00,190.045,190.145,189.88,189.99,11248
2022-04-12 11:50:00,189.97,190.0,189.6,189.76,26928
2022-04-12 11:55:00,189.795,189.83,189.3775,189.51,37098
2022-04-12 12:00:00,189.47,189.61,189.34,189.5988,9811
2022-04-12 12:05:00,189.58,189.7,189.34,189.54,14975
2022-04-12 12:10:00,189.51,189.67,189.41,189.66,8904
2022-04-12 12:15:00,189.63,189.73,189.46,189.48,11996
2022-04-12 12:20:00,189.42,189.53,189.3405,189.42,17034
2022-04-12 12:25:00,189.42,189.55,189.07,189.24,36305
2022-04-12 12:30:00,189.25,189.61,189.22,189.515,8553
2022-04-12 12:35:00,189.515,189.64,189.35,189.46,9629
2022-04-12 12:40:00,189.45,189.48,189.15,189.27,11558
2022-04-12 12:45:00,189.3,189.61,189.24,189.61,13983
2022-04-12 12:50:00,189.65,189.88,189.62,189.775,9942
2022-04-12 12:55:00,189.755,189.96,189.67,189.71,12509
2022-04-12 13:00:00,189.72,189.77,189.19,189.28,10631
2022-04-12 13:05:00,189.35,189.4,189.16,189.21,7779
2022-04-12 13:10:00,189.25,189.62,189.25,189.48,9228
2022-04-12 13:15:00,189.465,189.535,189.32,189.41,6455
2022-04-12 13:20:00,189.52,189.62,189.29,189.42,10773
2022-04-12 13:25:00,189.44,189.5,189.35,189.36,8740
2022-04-12 13:30:00,189.37,189.44,189.22,189.3441,11385
2022-04-12 13:35:00,189.3,189.325,189.11,189.135,14852
2022-04-12 13:40:00,189.12,189.13,188.9,188.945,35257
2022-04-12 13:45:00,188.93,188.96,188.5,188.9,67672
2022-04-12 13:50:00,188.92,188.93,188.57,188.78,13118
2022-04-12 13:55:00,188.74,188.79,188.4564,188.79,12711
2022-04-12 14:00:00,188.72,188.87,188.53,188.8,25952
2022-04-12 14:05:00,188.8,189.12,188.75,188.86,15241
2022-04-12 14:10:00,188.9,188.91,188.41,188.41,12183
2022-04-12 14:15:00,188.38,188.44,187.66,187.78,25902
2022-04-12 14:20:00,187.76,187.92,187.66,187.77,13029
2022-04-12 14:25:00,187.72,187.83,187.5,187.54,15922
2022-04-12 14:30:00,187.51,187.6,187.32,187.44,23451
2022-04-12 14:35:00,187.415,187.635,187.36,187.37,15949
2022-04-12 14:40:00,187.4,187.425,187.09,187.21,18737
2022-04-12 14:45:00,187.22,187.65,187.22,187.6,23563
2022-04-12 14:50:00,187.58,187.89,187.4776,187.89,19719
2022-04-12 14:55:00,187.88,188.02,187.84,187.96,23605
2022-04-12 15:00:00,187.94,188.115,187.31,187.31,22749
2022-04-12 15:05:00,187.312,187.36,186.9915,187.0376,20840
2022-04-12 15:10:00,187.08,187.13,186.99,187.12,12860
2022-04-12 15:15:00,187.11,187.38,186.97,187.38,17408
2022-04-12 15:20:00,187.42,187.71,187.38,187.45,26649
2022-04-12 15:25:00,187.43,187.435,187.05,187.16,24496
2022-04-12 15:30:00,187.18,187.2388,186.83,186.84,29664
2022-04-12 15:35:00,186.82,187.4,186.8,187.33,28553
2022-04-12 15:40:00,187.31,187.46,187.01,187.24,48942
2022-04-12 15:45:00,187.23,187.584,187.13,187.584,75908
2022-04-12 15:50:00,187.58,187.83,187.42,187.83,70660
2022-04-12 15:55:00,187.82,188.22,187.65,187.84,193445
2022-04-12 16:00:00,187.89,187.89,187.89,187.89,356896
2022-04-12 16:05:00,187.9,187.9,187.89,187.89,274
2022-04-12 16:20:00,187.27,187.89,187.27,187.89,1072
2022-04-12 16:40:00,188.2852,188.2852,188.2852,188.2852,500
2022-04-12 16:55:00,187.9,187.9,187.9,187.9,100
2022-04-12 17:10:00,188.2225,188.2225,188.2225,188.2225,100
2022-04-12 17:30:00,188.24,188.25,188.24,188.25,254
2022-04-12 18:40:00,188.25,188.25,188.25,188.25,100
2022-04-12 19:40:00,188.01,188.01,188.01,188.01,203
2022-04-12 19:55:00,189.0,189.0,189.0,189.0,100
2022-04-13 08:00:00,189.55,189.55,189.55,189.55,100
2022-04-13 08:05:00,188.6,188.6,188.6,188.6,135
2022-04-13 09:20:00,189.55,189.55,189.55,189.55,100
2022-04-13 09:30:00,187.46,187.71,186.76,187.71,58428
2022-04-13 09:35:00,187.77,187.88,187.35,187.6,19001
2022-04-13 09:40:00,187.61,188.27,187.39,187.6429,20066
2022-04-13 09:45:00,187.685,187.81,187.285,187.64,24412
2022-04-13 09:50:00,187.7,188.11,187.31,187.83,19946
2022-04-13 09:55:00,187.6193,187.9578,187.17,187.19,18477
2022-04-13 10:00:00,187.25,187.25,186.7375,186.85,27293
2022-04-13 10:05:00,186.85,187.23,186.78,186.82,27793
2022-04-13 10:10:00,186.815,187.31,186.77,186.87,20554
2022-04-13 10:15:00,186.92,187.095,186.81,186.92,17290
2022-04-13 10:20:00,187.0,187.245,186.87,187.0,10327
2022-04-13 10:25:00,187.02,187.13,186.79,186.79,12436
2022-04-13 10:30:00,186.79,187.09,186.75,186.84,11654
2022-04-13 10:35:00,186.91,187.11,186.8,186.89,12031
2022-04-13 10:40:00,186.89,187.2,186.6734,187.2,16512
2022-04-13 10:45:00,187.23,187.655,187.09,187.5,21355
2022-04-13 10:50:00,187.53,187.89,187.53,187.83,12814
2022-04-13 10:55:00,187.86,188.15,187.86,188.11,14534
2022-04-13 11:00:00,188.07,188.2,187.83,188.19,21367
2022-04-13 11:05:00,188.24,188.4,188.155,188.4,11437
2022-04-13 11:10:00,188.3261,188.6273,188.3261,188.55,10385
2022-04-13 11:15:00,188.53,188.68,188.33,188.67,25721
2022-04-13 11:20:00,188.62,189.0,188.62,188.98,12203
2022-04-13 11:25:00,188.9881,189.29,188.93,189.26,21550
2022-04-13 11:30:00,189.28,189.41,189.15,189.23,39583
2022-04-13 11:35:00,189.225,189.5,189.17,189.46,5906
2022-04-13 11:40:00,189.33,189.375,189.23,189.2499,10141
2022-04-13 11:45:00,189.169,189.28,189.13,189.28,4342
2022-04-13 11:50:00,189.31,189.45,189.26,189.405,6974
2022-04-13 11:55:00,189.3,189.3428,189.15,189.22,9427
2022-04-13 12:00:00,189.21,189.34,189.161,189.3,4217
2022-04-13 12:05:00,189.32,189.85,189.3,189.83,43487
2022-04-13 12:10:00,189.83,189.83,189.58,189.745,11191
2022-04-13 12:15:00,189.71,189.875,189.595,189.72,14292
2022-04-13 12:20:00,189.64,189.94,189.64,189.94,7358
2022-04-13 12:25:00,189.89,190.04,189.79,189.84,18643
2022-04-13 12:30:00,189.8199,189.88,189.705,189.71,8489
2022-04-13 12:35:00,189.77,189.84,189.49,189.49,8140
2022-04-13 12:40:00,189.56,189.93,189.54,189.92,8065
2022-04-13 12:45:00,189.89,189.965,189.79,189.89,10156
2022-04-13 12:50:00,189.9,189.9,189.61,189.74,10106
2022-04-13 12:55:00,189.76,189.8296,189.5,189.5,8153
2022-04-13 13:00:00,189.57,189.77,189.5501,189.765,3798
2022-04-13 13:05:00,189.69,189.94,189.65,189.81,6405
2022-04-13 13:10:00,189.82,190.02,189.72,189.73,13702
2022-04-13 13:15:00,189.73,189.9,189.66,189.8,11353
2022-04-13 13:20:00,189.85,189.85,189.63,189.68,5847
2022-04-13 13:25:00,189.64,189.64,189.46,189.5106,13069
2022-04-13 13:30:00,189.56,189.5784,189.37,189.4483,18260
2022-04-13 13:35:00,189.46,189.5,189.32,189.475,20192
2022-04-13 13:40:00,189.47,189.485,189.2,189.34,13364
2022-04-13 13:45:00,189.36,189.36,189.16,189.22,5665
2022-04-13 13:50:00,189.2,189.2,188.99,189.025,8616
2022-04-13 13:55:00,189.025,189.22,188.95,189.22,17967
2022-04-13 14:00:00,189.15,189.28,189.11,189.28,3131
2022-04-13 14:05:00,189.2878,189.42,189.2878,189.3965,21181
2022-04-13 14:10:00,189.4,189.4,189.02,189.15,8402
2022-04-13 14:15:00,189.18,189.32,189.18,189.32,13391
2022-04-13 14:20:00,189.329,189.37,189.0501,189.215,7996
2022-04-13 14:25:00,189.2108,189.22,189.0,189.135,13356
2022-04-13 14:30:00,189.17,189.2128,188.945,189.11,9118
2022-04-13 14:35:00,189.17,189.22,189.04,189.04,7001
2022-04-13 14:40:00,189.06,189.15,189.0201,189.09,14201
2022-04-13 14:45:00,189.09,189.09,188.91,188.97,6800
2022-04-13 14:50:00,188.985,189.05,188.94,188.94,4168
2022-04-13 14:55:00,188.945,189.07,188.8457,188.86,7837
2022-04-13 15:00:00,188.9,188.92,188.62,188.7,10069
2022-04-13 15:05:00,188.69,188.94,188.69,188.8609,8714
2022-04-13 15:10:00,188.89,189.0,188.86,188.87,8653
2022-04-13 15:15:00,188.91,189.0,188.83,188.855,16103
2022-04-13 15:20:00,188.8206,188.89,188.72,188.8396,8171
2022-04-13 15:25:00,188.84,188.92,188.67,188.82,14076
2022-04-13 15:30:00,188.84,188.93,188.76,188.86,14800
2022-04-13 15:35:00,188.85,189.04,188.75,189.035,13752
2022-04-13 15:40:00,189.02,189.16,188.96,189.119,15713
2022-04-13 15:45:00,189.12,189.26,189.06,189.1,27390
2022-04-13 15:50:00,189.11,189.11,188.74,188.7905,48421
2022-04-13 15:55:00,188.8,188.97,188.63,188.95,91029
2022-04-13 16:00:00,188.87,188.87,188.87,188.87,225549
2022-04-13 17:35:00,188.9499,188.9499,188.9499,188.9499,100
2022-04-13 17:45:00,188.9,188.9,188.9,188.9,100
2022-04-13 18:25:00,188.95,188.95,188.95,188.95,132
2022-04-13 18:55:00,188.95,188.95,188.95,188.95,100
2022-04-13 19:00:00,188.95,188.95,188.95,188.95,100
2022-04-13 19:55:00,188.5,188.5,188.5,188.5,200
2022-04-14 06:30:00,190.01,190.39,189.5,190.39,911
2022-04-14 06:35:00,190.82,190.82,190.82,190.82,100
2022-04-14 06:45:00,191.14,191.14,191.14,191.14,448
2022-04-14 07:00:00,190.59,190.6,190.59,190.6,300
2022-04-14 08:00:00,190.9,190.9,190.9,190.9,100
2022-04-14 08:55:00,190.49,190.9,190.49,190.9,1240
2022-04-14 09:00:00,190.8,190.8,190.73,190.73,1041
2022-04-14 09:05:00,190.78,190.78,190.7,190.7,1400
2022-04-14 09:10:00,190.89,190.998,190.89,190.998,1000
2022-04-14 09:15:00,190.93,191.36,190.93,191.3,4685
2022-04-14 09:20:00,191.05,191.18,190.73,190.73,2989
2022-04-14 09:25:00,190.73,191.22,190.15,191.22,2380
2022-04-14 09:30:00,191.12,191.29,190.13,190.62,145359
2022-04-14 09:35:00,190.76,190.88,189.56,189.79,21426
2022-04-14 09:40:00,189.94,189.94,189.23,189.54,54040
2022-04-14 09:45:00,189.365,189.66,188.8,189.06,24848
2022-04-14 09:50:00,189.07,189.0782,188.6228,188.8578,12302
2022-04-14 09:55:00,188.82,189.0,188.13,188.305,16829
2022-04-14 10:00:00,188.42,189.03,188.28,188.86,14023
2022-04-14 10:05:00,188.78,188.91,188.1,188.25,10912
2022-04-14 10:10:00,188.19,188.84,188.11,188.68,11482
2022-04-14 10:15:00,188.7,188.87,188.37,188.651,10415
2022-04-14 10:20:00,188.6735,189.3,188.6,189.2,9412
2022-04-14 10:25:00,189.14,189.4,188.9581,189.23,10016
2022-04-14 10:30:00,189.2843,189.63,189.105,189.36,13975
2022-04-14 10:35:00,189.37,189.92,189.37,189.651,15557
2022-04-14 10:40:00,189.62,189.63,189.09,189.34,17481
2022-04-14 10:45:00,189.36,189.5,189.19,189.22,9438
2022-04-14 10:50:00,189.17,189.2,188.93,189.125,10538
2022-04-14 10:55:00,189.12,189.49,189.12,189.465,15025
2022-04-14 11:00:00,189.42,189.8108,189.26,189.77,12254
2022-04-14 11:05:00,189.75,189.95,189.63,189.85,11821
2022-04-14 11:10:00,189.84,190.08,189.6,189.85,16390
2022-04-14 11:15:00,189.8,190.01,189.462,189.52,13144
2022-04-14 11:20:00,189.56,189.62,189.155,189.53,32087
2022-04-14 11:25:00,189.5716,189.67,189.31,189.4907,16199
2022-04-14 11:30:00,189.52,189.52,189.14,189.22,12732
2022-04-14 11:35:00,189.19,189.255,188.965,189.03,11319
2022-04-14 11:40:00,188.94,188.98,188.39,188.465,9976
2022-04-14 11:45:00,188.44,188.475,188.27,188.27,14380
2022-04-14 11:50:00,188.28,188.3,188.04,188.17,7212
2022-04-14 11:55:00,188.13,188.49,188.13,188.32,14469
2022-04-14 12:00:00,188.245,188.285,188.075,188.115,5581
2022-04-14 12:05:00,188.05,188.429,187.99,188.14,17763
2022-04-14 12:10:00,188.15,188.32,188.04,188.04,16729
2022-04-14 12:15:00,188.06,188.1002,187.9,188.03,14207
2022-04-14 12:20:00,188.0,188.19,187.98,188.16,7130
2022-04-14 12:25:00,188.075,188.4868,188.02,188.4868,14418
2022-04-14 12:30:00,188.44,188.52,188.295,188.35,5084
2022-04-14 12:35:00,188.39,188.41,188.25,188.35,4237
2022-04-14 12:40:00,188.29,188.6,188.29,188.5,10255
2022-04-14 12:45:00,188.505,188.63,188.4,188.565,10809
2022-04-14 12:50:00,188.59,188.62,188.4,188.57,6487
2022-04-14 12:55:00,188.55,188.81,188.53,188.8,5655
2022-04-14 13:00:00,188.86,188.91,188.68,188.715,11637
2022-04-14 13:05:00,188.76,188.78,188.63,188.675,6611
2022-04-14 13:10:00,188.68,188.72,188.56,188.565,5770
2022-04-14 13:15:00,188.62,188.71,188.375,188.62,9613
2022-04-14 13:20:00,188.635,188.76,188.53,188.615,11816
2022-04-14 13:25:00,188.66,188.68,188.455,188.55,8209
2022-04-14 13:30:00,188.59,188.7,188.51,188.61,20967
2022-04-14 13:35:00,188.6198,188.81,188.6198,188.71,3186
2022-04-14 13:40:00,188.74,189.0142,188.7,189.0,8071
2022-04-14 13:45:00,189.0,189.19,188.97,189.15,5374
2022-04-14 13:50:00,189.11,189.3894,189.07,189.3,9392
2022-04-14 13:55:00,189.33,189.4499,189.2887,189.41,8434
2022-04-14 14:00:00,189.415,189.52,189.3,189.48,8989
2022-04-14 14:05:00,189.41,189.42,189.17,189.17,10006
2022-04-14 14:10:00,189.23,189.53,189.17,189.53,11566
2022-04-14 14:15:00,189.54,189.57,189.42,189.445,11952
2022-04-14 14:20:00,189.47,189.55,189.39,189.55,13337
2022-04-14 14:25:00,189.555,189.73,189.48,189.53,10144
2022-04-14 14:30:00,189.5566,189.57,189.33,189.39,5529
2022-04-14 14:35:00,189.31,189.36,189.05,189.105,13718
2022-04-14 14:40:00,189.11,189.165,188.96,189.1,8166
2022-04-14 14:45:00,189.13,189.2483,189.07,189.0896,7457
2022-04-14 14:50:00,189.08,189.1791,188.86,188.95,14696
2022-04-14 14:55:00,188.865,188.93,188.79,188.825,22056
2022-04-14 15:00:00,188.8,188.9451,188.7125,188.87,10466
2022-04-14 15:05:00,188.88,188.99,188.84,188.87,9662
2022-04-14 15:10:00,188.865,188.94,188.76,188.825,14392
2022-04-14 15:15:00,188.85,189.0681,188.81,188.99,17291
2022-04-14 15:20:00,189.02,189.05,188.78,188.84,10771
2022-04-14 15:25:00,188.86,188.86,188.52,188.745,12782
2022-04-14 15:30:00,188.77,188.87,188.36,188.36,21597
2022-04-14 15:35:00,188.37,188.45,188.315,188.3815,24600
2022-04-14 15:40:00,188.35,188.74,188.35,188.73,35529
2022-04-14 15:45:00,188.75,188.8,188.37,188.465,36458
2022-04-14 15:50:00,188.45,188.45,188.15,188.335,47054
2022-04-14 15:55:00,188.35,188.41,187.84,188.02,108953
2022-04-14 16:00:00,188.02,188.02,188.02,188.02,354269
2022-04-14 16:55:00,188.25,188.25,188.25,188.25,100
2022-04-14 17:15:00,188.31,188.31,188.31,188.31,100
2022-04-14 18:55:00,188.1,188.1,188.1,188.1,123
