2022-04-01 04:35:00,221.1,221.1,221.1,221.1,100
2022-04-01 06:40:00,223.15,223.15,223.15,223.15,118
2022-04-01 06:45:00,223.15,223.15,223.15,223.15,194
2022-04-01 07:05:00,223.1,223.1,223.1,223.1,200
2022-04-01 07:10:00,223.1,223.1,223.0,223.0,202
2022-04-01 08:00:00,223.0,223.0,221.216,221.216,1092
2022-04-01 08:15:00,223.4396,223.4396,223.4396,223.4396,100
2022-04-01 08:30:00,222.28,222.805,222.28,222.805,200
2022-04-01 08:40:00,223.48,223.48,223.48,223.48,1199
2022-04-01 09:05:00,222.45,222.45,222.45,222.45,258
2022-04-01 09:15:00,223.35,223.35,223.35,223.35,180
2022-04-01 09:25:00,222.95,223.27,222.95,223.27,2709
2022-04-01 09:30:00,223.08,223.94,222.23,223.83,237150
2022-04-01 09:35:00,223.855,224.5,223.315,223.44,87376
2022-04-01 09:40:00,223.43,224.93,222.97,224.9,66627
2022-04-01 09:45:00,224.92,225.37,224.84,224.8566,77161
2022-04-01 09:50:00,224.74,225.18,223.96,224.41,71146
2022-04-01 09:55:00,224.32,224.79,224.29,224.35,28943
2022-04-01 10:00:00,224.27,224.54,223.6,224.54,76873
2022-04-01 10:05:00,224.565,224.6435,224.12,224.56,33384
2022-04-01 10:10:00,224.7,224.95,224.62,224.7,43219
2022-04-01 10:15:00,224.73,225.185,224.59,224.685,43179
2022-04-01 10:20:00,224.7071,224.88,224.51,224.7393,26999
2022-04-01 10:25:00,224.739,224.89,224.47,224.87,21919
2022-04-01 10:30:00,224.94,225.53,224.94,225.37,47708
2022-04-01 10:35:00,225.41,225.47,224.99,225.06,36246
2022-04-01 10:40:00,225.05,225.14,224.59,224.76,26339
2022-04-01 10:45:00,224.76,225.1072,224.74,225.065,21125
2022-04-01 10:50:00,225.065,225.26,224.82,224.83,31649
2022-04-01 10:55:00,224.8703,224.94,224.24,224.39,28314
2022-04-01 11:00:00,224.36,224.8899,224.3,224.76,29903
2022-04-01 11:05:00,224.75,225.2,224.55,225.01,36469
2022-04-01 11:10:00,224.97,225.18,224.8,224.85,35070
2022-04-01 11:15:00,224.85,225.305,224.73,225.28,39604
2022-04-01 11:20:00,225.25,225.46,225.06,225.21,43669
2022-04-01 11:25:00,225.18,225.425,225.1,225.175,38625
2022-04-01 11:30:00,225.2,225.5,225.17,225.42,39423
2022-04-01 11:35:00,225.41,225.71,225.25,225.705,60371
2022-04-01 11:40:00,225.66,226.1,225.64,225.95,76790
2022-04-01 11:45:00,225.93,226.13,225.68,225.8,77416
2022-04-01 11:50:00,225.78,226.38,225.59,226.34,59442
2022-04-01 11:55:00,226.34,226.34,225.3701,225.67,59634
2022-04-01 12:00:00,225.66,225.675,225.24,225.32,32548
2022-04-01 12:05:00,225.27,225.3892,224.99,225.25,22691
2022-04-01 12:10:00,225.29,225.5,225.19,225.5,25313
2022-04-01 12:15:00,225.53,225.58,225.23,225.28,114022
2022-04-01 12:20:00,225.25,225.58,225.21,225.58,20457
2022-04-01 12:25:00,225.58,225.63,225.24,225.4,20873
2022-04-01 12:30:00,225.43,225.45,224.99,225.05,37733
2022-04-01 12:35:00,225.0,225.26,224.99,225.205,21377
2022-04-01 12:40:00,225.19,225.42,225.085,225.4,22470
2022-04-01 12:45:00,225.42,225.43,225.155,225.38,24260
2022-04-01 12:50:00,225.37,225.38,225.11,225.19,19555
2022-04-01 12:55:00,225.19,225.38,225.03,225.16,87800
2022-04-01 13:00:00,225.17,225.36,225.11,225.25,16322
2022-04-01 13:05:00,225.32,225.39,225.055,225.055,20279
2022-04-01 13:10:00,225.07,225.1,224.99,225.03,38460
2022-04-01 13:15:00,225.03,225.25,224.99,225.18,17438
2022-04-01 13:20:00,225.16,225.38,224.89,225.28,17950
2022-04-01 13:25:00,225.27,225.46,225.24,225.2767,22330
2022-04-01 13:30:00,225.28,225.55,225.27,225.3,17359
2022-04-01 13:35:00,225.3,225.84,225.25,225.82,29058
2022-04-01 13:40:00,225.82,226.25,225.76,226.035,42154
2022-04-01 13:45:00,226.02,226.0725,225.78,225.92,36780
2022-04-01 13:50:00,225.93,226.05,225.81,225.93,22508
2022-04-01 13:55:00,225.91,226.02,225.81,225.94,22895
2022-04-01 14:00:00,225.905,226.21,225.8,226.21,32407
2022-04-01 14:05:00,226.24,226.43,226.14,226.18,26204
2022-04-01 14:10:00,226.15,226.3229,225.98,226.29,25050
2022-04-01 14:15:00,226.33,226.435,226.12,226.14,26949
2022-04-01 14:20:00,226.12,226.31,225.97,226.04,22491
2022-04-01 14:25:00,226.02,226.43,225.98,226.43,35316
2022-04-01 14:30:00,226.391,226.53,226.29,226.44,29144
2022-04-01 14:35:00,226.5,226.5,226.25,226.33,21070
2022-04-01 14:40:00,226.34,226.61,226.33,226.575,30311
2022-04-01 14:45:00,226.58,226.63,226.29,226.34,27398
2022-04-01 14:50:00,226.35,226.37,226.055,226.08,23598
2022-04-01 14:55:00,226.1,226.23,225.84,225.93,22090
2022-04-01 15:00:00,225.875,226.22,225.875,225.98,29845
2022-04-01 15:05:00,225.95,226.195,225.86,225.92,22677
2022-04-01 15:10:00,225.89,225.94,225.51,225.8156,28322
2022-04-01 15:15:00,225.81,225.95,225.41,225.46,43655
2022-04-01 15:20:00,225.46,225.55,225.23,225.48,34445
2022-04-01 15:25:00,225.53,225.65,225.405,225.6,24526
2022-04-01 15:30:00,225.59,225.735,225.115,225.29,44816
2022-04-01 15:35:00,225.35,225.4,224.99,225.15,40364
2022-04-01 15:40:00,225.14,225.48,225.13,225.25,49864
2022-04-01 15:45:00,225.26,225.645,225.15,225.6,67142
2022-04-01 15:50:00,225.68,226.35,225.64,226.16,131048
2022-04-01 15:55:00,226.165,226.56,226.03,226.36,250949
2022-04-01 16:00:00,226.36,226.36,226.36,226.36,990132
2022-04-01 16:05:00,226.0,226.0,226.0,226.0,100
2022-04-01 16:10:00,226.36,226.36,226.36,226.36,7143
2022-04-01 17:10:00,226.56,226.57,226.56,226.57,539
2022-04-01 17:25:00,225.5943,225.5943,225.5943,225.5943,100
2022-04-01 19:20:00,226.05,226.05,226.05,226.05,200
2022-04-04 05:10:00,226.15,226.15,226.15,226.15,300
2022-04-04 05:15:00,226.5,226.5,226.5,226.5,278
2022-04-04 07:35:00,226.0,226.0,226.0,226.0,200
2022-04-04 07:40:00,226.0,226.0,226.0,226.0,200
2022-04-04 08:00:00,225.795,227.87,225.795,227.87,1296
2022-04-04 08:45:00,225.75,225.75,225.71,225.71,453
2022-04-04 09:25:00,225.66,225.69,225.66,225.69,300
2022-04-04 09:30:00,225.76,227.0,225.09,225.3698,164906
2022-04-04 09:35:00,225.25,226.48,224.96,226.065,55448
2022-04-04 09:40:00,226.11,226.98,225.64,226.0269,66962
2022-04-04 09:45:00,226.015,226.37,225.5,226.07,47798
2022-04-04 09:50:00,226.09,226.25,225.59,225.605,33117
2022-04-04 09:55:00,225.6108,226.26,225.56,225.645,38961
2022-04-04 10:00:00,225.72,226.1538,225.61,226.01,55482
2022-04-04 10:05:00,226.02,227.08,225.95,226.96,130583
2022-04-04 10:10:00,227.0,227.27,226.86,227.27,88987
2022-04-04 10:15:00,227.26,227.3116,226.91,227.0,75020
2022-04-04 10:20:00,227.05,227.25,226.93,227.12,43568
2022-04-04 10:25:00,227.22,227.25,226.95,227.24,48985
2022-04-04 10:30:00,227.21,227.32,227.09,227.26,31376
2022-04-04 10:35:00,227.2705,227.82,227.21,227.71,84610
2022-04-04 10:40:00,227.73,228.0,227.5,227.57,155021
2022-04-04 10:45:00,227.57,227.99,227.57,227.85,217722
2022-04-04 10:50:00,227.83,228.19,227.7796,228.12,108008
2022-04-04 10:55:00,228.14,228.21,227.85,228.04,98098
2022-04-04 11:00:00,228.03,228.33,227.925,228.3,61709
2022-04-04 11:05:00,228.285,228.285,227.995,228.07,26069
2022-04-04 11:10:00,228.02,228.1978,227.95,228.14,66090
2022-04-04 11:15:00,228.13,228.35,228.03,228.31,57333
2022-04-04 11:20:00,228.28,228.98,228.23,228.875,186358
2022-04-04 11:25:00,228.89,228.99,228.6,228.77,168461
2022-04-04 11:30:00,228.79,228.94,228.5,228.89,91204
2022-04-04 11:35:00,228.895,229.19,228.87,229.06,92043
2022-04-04 11:40:00,229.05,229.19,229.0,229.05,26959
2022-04-04 11:45:00,229.05,229.12,228.95,228.98,52091
2022-04-04 11:50:00,228.99,229.15,228.94,229.1013,56455
2022-04-04 11:55:00,229.09,229.09,228.88,228.95,120319
2022-04-04 12:00:00,228.97,229.1718,228.93,229.15,67015
2022-04-04 12:05:00,229.12,229.24,228.98,229.02,27782
2022-04-04 12:10:00,229.02,229.04,228.69,228.79,214917
2022-04-04 12:15:00,228.75,228.75,228.42,228.5,110729
2022-04-04 12:20:00,228.53,228.61,228.43,228.53,85559
2022-04-04 12:25:00,228.5599,228.9,228.53,228.85,46022
2022-04-04 12:30:00,228.85,228.935,228.745,228.78,86449
2022-04-04 12:35:00,228.8,229.02,228.69,228.86,30462
2022-04-04 12:40:00,228.84,228.89,228.48,228.54,47121
2022-04-04 12:45:00,228.525,228.725,228.475,228.56,52789
2022-04-04 12:50:00,228.55,228.62,228.48,228.56,43969
2022-04-04 12:55:00,228.55,228.635,228.44,228.5,37025
2022-04-04 13:00:00,228.48,228.5,228.06,228.25,83735
2022-04-04 13:05:00,228.26,228.31,227.77,227.91,22068
2022-04-04 13:10:00,227.94,228.01,227.66,227.89,26427
2022-04-04 13:15:00,227.86,227.89,227.66,227.84,20125
2022-04-04 13:20:00,227.8,227.84,227.64,227.71,17891
2022-04-04 13:25:00,227.67,227.81,227.62,227.66,18151
2022-04-04 13:30:00,227.7,227.935,227.63,227.87,11205
2022-04-04 13:35:00,227.9,227.97,227.54,227.575,20415
2022-04-04 13:40:00,227.58,227.67,227.38,227.67,15968
2022-04-04 13:45:00,227.69,227.7,227.5375,227.56,16760
2022-04-04 13:50:00,227.56,227.6599,227.46,227.46,17191
2022-04-04 13:55:00,227.47,227.65,227.42,227.59,17652
2022-04-04 14:00:00,227.575,227.65,227.47,227.585,24041
2022-04-04 14:05:00,227.58,227.61,227.13,227.13,18101
2022-04-04 14:10:00,227.115,227.28,227.08,227.17,24780
2022-04-04 14:15:00,227.14,227.31,227.06,227.31,22973
2022-04-04 14:20:00,227.3,227.54,227.24,227.53,18064
2022-04-04 14:25:00,227.53,227.755,227.44,227.71,20546
2022-04-04 14:30:00,227.7,227.715,227.41,227.51,16568
2022-04-04 14:35:00,227.5227,227.55,227.4,227.48,14040
2022-04-04 14:40:00,227.47,227.5001,227.41,227.47,14318
2022-04-04 14:45:00,227.47,227.585,227.3773,227.42,16407
2022-04-04 14:50:00,227.41,227.62,227.27,227.6,11090
2022-04-04 14:55:00,227.6,227.61,227.46,227.5,17025
2022-04-04 15:00:00,227.48,227.63,227.455,227.55,19953
2022-04-04 15:05:00,227.56,227.67,227.51,227.54,20242
2022-04-04 15:10:00,227.57,227.64,227.335,227.4,18010
2022-04-04 15:15:00,227.41,227.42,227.23,227.34,29460
2022-04-04 15:20:00,227.34,227.45,227.3,227.42,22679
2022-04-04 15:25:00,227.42,227.45,227.33,227.4,19192
2022-04-04 15:30:00,227.39,227.63,227.32,227.59,35131
2022-04-04 15:35:00,227.55,227.72,227.51,227.58,29174
2022-04-04 15:40:00,227.58,227.79,227.39,227.39,42506
2022-04-04 15:45:00,227.4,227.76,227.33,227.59,50735
2022-04-04 15:50:00,227.66,228.04,227.63,227.95,108896
2022-04-04 15:55:00,227.97,227.97,227.22,227.74,218924
2022-04-04 16:00:00,227.74,227.74,227.66,227.74,2013903
2022-04-04 16:10:00,227.74,227.74,227.74,227.74,2437
2022-04-04 16:35:00,228.0882,228.0882,228.0882,228.0882,300
2022-04-04 17:00:00,228.07,228.09,228.07,228.09,633
2022-04-04 18:25:00,227.3,227.3,227.3,227.3,157
2022-04-05 07:40:00,227.0,227.0,227.0,227.0,175
2022-04-05 08:00:00,227.171,227.171,227.171,227.171,1000
2022-04-05 08:15:00,226.64,226.64,226.64,226.64,192
2022-04-05 08:25:00,227.5,227.5,227.5,227.5,100
2022-04-05 08:30:00,226.65,226.65,226.64,226.64,300
2022-04-05 08:35:00,226.6,226.6,226.6,226.6,397
2022-04-05 08:45:00,227.28,227.28,227.28,227.28,150
2022-04-05 08:55:00,226.67,226.67,226.65,226.66,590
2022-04-05 09:25:00,227.21,227.21,225.5,225.5,1225
2022-04-05 09:30:00,226.83,227.8,226.34,227.62,188855
2022-04-05 09:35:00,227.63,228.46,227.22,227.663,71600
2022-04-05 09:40:00,227.67,228.14,227.11,227.88,66464
2022-04-05 09:45:00,227.88,228.51,227.66,227.91,44937
2022-04-05 09:50:00,227.99,228.44,227.745,228.215,35233
2022-04-05 09:55:00,228.22,228.589,228.09,228.31,32123
2022-04-05 10:00:00,228.35,228.99,228.15,228.61,34048
2022-04-05 10:05:00,228.6377,228.67,226.72,226.73,60570
2022-04-05 10:10:00,226.71,227.06,226.64,226.84,47457
2022-04-05 10:15:00,226.79,226.83,226.164,226.415,41044
2022-04-05 10:20:00,226.38,226.75,226.35,226.59,31042
2022-04-05 10:25:00,226.56,227.212,226.56,227.01,29686
2022-04-05 10:30:00,227.01,227.24,226.88,227.005,27008
2022-04-05 10:35:00,227.0,227.225,226.42,226.555,33891
2022-04-05 10:40:00,226.58,227.14,226.55,227.1,22231
2022-04-05 10:45:00,227.11,227.26,226.89,227.01,25977
2022-04-05 10:50:00,227.03,227.38,226.9,227.31,26664
2022-04-05 10:55:00,227.29,227.29,226.94,227.1,17141
2022-04-05 11:00:00,227.09,227.11,226.7201,226.79,38261
2022-04-05 11:05:00,226.8,227.16,226.8,226.85,20811
2022-04-05 11:10:00,226.88,227.13,226.75,227.025,25617
2022-04-05 11:15:00,227.03,227.14,226.59,226.72,32483
2022-04-05 11:20:00,226.75,227.08,226.7,226.72,22246
2022-04-05 11:25:00,226.74,227.0,226.63,226.99,25252
2022-04-05 11:30:00,226.915,227.075,226.77,226.98,27297
2022-04-05 11:35:00,226.965,227.03,226.32,226.4,25163
2022-04-05 11:40:00,226.49,227.059,226.37,226.94,29367
2022-04-05 11:45:00,226.91,227.03,226.6717,226.786,15703
2022-04-05 11:50:00,226.71,227.039,226.65,226.81,14367
2022-04-05 11:55:00,226.89,227.03,226.84,226.9,19565
2022-04-05 12:00:00,226.85,227.04,226.72,226.96,18400
2022-04-05 12:05:00,226.98,227.05,226.77,226.77,15876
2022-04-05 12:10:00,226.8,226.83,226.49,226.5625,20093
2022-04-05 12:15:00,226.5,226.5757,226.27,226.3,12236
2022-04-05 12:20:00,226.3,226.44,226.2,226.39,11232
2022-04-05 12:25:00,226.37,226.525,226.265,226.51,26432
2022-04-05 12:30:00,226.52,226.7102,226.49,226.69,21913
2022-04-05 12:35:00,226.62,227.09,226.51,227.02,18317
2022-04-05 12:40:00,227.01,227.03,226.52,226.58,19140
2022-04-05 12:45:00,226.61,227.0,226.52,227.0,18385
2022-04-05 12:50:00,227.01,227.065,226.91,226.93,28918
2022-04-05 12:55:00,226.93,227.03,226.84,226.955,20013
2022-04-05 13:00:00,226.92,227.0279,226.75,227.0,12862
2022-04-05 13:05:00,226.95,227.13,226.86,227.1,22538
2022-04-05 13:10:00,227.11,227.37,226.97,227.295,23414
2022-04-05 13:15:00,227.27,227.35,227.14,227.3,11727
2022-04-05 13:20:00,227.315,227.39,227.24,227.25,14213
2022-04-05 13:25:00,227.26,227.305,227.06,227.1048,15600
2022-04-05 13:30:00,227.1,227.12,226.68,226.7,32255
2022-04-05 13:35:00,226.73,226.91,226.72,226.82,10309
2022-04-05 13:40:00,226.83,226.885,226.7,226.7,9852
2022-04-05 13:45:00,226.72,226.77,226.44,226.51,11609
2022-04-05 13:50:00,226.46,226.5,226.24,226.315,17225
2022-04-05 13:55:00,226.31,226.32,226.065,226.18,16587
2022-04-05 14:00:00,226.15,226.17,225.905,225.95,16710
2022-04-05 14:05:00,225.94,226.055,225.85,225.96,14851
2022-04-05 14:10:00,225.97,226.11,225.825,226.11,11591
2022-04-05 14:15:00,226.09,226.34,226.04,226.32,10933
2022-04-05 14:20:00,226.31,226.45,226.28,226.4124,12900
2022-04-05 14:25:00,226.425,226.51,226.09,226.12,21246
2022-04-05 14:30:00,226.15,226.2,226.04,226.085,12795
2022-04-05 14:35:00,226.085,226.2996,225.95,225.96,14767
2022-04-05 14:40:00,225.99,226.25,225.88,226.12,32315
2022-04-05 14:45:00,226.13,226.3176,226.09,226.21,13159
2022-04-05 14:50:00,226.215,226.29,226.105,226.19,16114
2022-04-05 14:55:00,226.23,226.4,226.0,226.015,14864
2022-04-05 15:00:00,226.035,226.14,225.82,225.83,16087
2022-04-05 15:05:00,225.88,225.89,225.58,225.625,21133
2022-04-05 15:10:00,225.65,225.69,225.46,225.67,24551
2022-04-05 15:15:00,225.64,225.7,225.44,225.5,39745
2022-04-05 15:20:00,225.52,226.2,225.49,226.17,27645
2022-04-05 15:25:00,226.18,226.18,226.01,226.02,27035
2022-04-05 15:30:00,225.99,226.0,225.43,225.45,40971
2022-04-05 15:35:00,225.47,225.69,225.35,225.625,43827
2022-04-05 15:40:00,225.67,225.78,225.53,225.7,40974
2022-04-05 15:45:00,225.71,225.82,225.31,225.4,43946
2022-04-05 15:50:00,225.41,226.15,225.32,226.0,79813
2022-04-05 15:55:00,226.0,226.3,225.76,226.25,218396
2022-04-05 16:00:00,226.09,226.09,226.09,226.09,733434
2022-04-05 16:10:00,226.09,226.09,226.09,226.09,2351
2022-04-05 16:20:00,226.5,226.5,226.09,226.09,2112
2022-04-05 16:25:00,226.09,226.09,226.09,226.09,254
2022-04-05 16:35:00,226.54,226.54,226.54,226.54,662
2022-04-05 18:25:00,226.09,226.09,226.09,226.09,100
2022-04-05 18:30:00,226.0,226.0,226.0,226.0,400
2022-04-05 19:10:00,225.5,225.61,225.5,225.61,300
2022-04-05 19:55:00,225.61,225.61,225.61,225.61,100
2022-04-06 05:05:00,224.6,224.6,224.6,224.6,100
2022-04-06 05:25:00,225.88,225.9,225.88,225.9,458
2022-04-06 05:50:00,224.95,225.0,224.95,225.0,200
2022-04-06 07:00:00,224.0,224.0,224.0,224.0,100
2022-04-06 07:10:00,223.76,223.76,223.76,223.76,134
2022-04-06 08:00:00,223.02,225.525,221.0,221.0,2802
2022-04-06 08:05:00,220.4,221.5,220.35,221.5,542
2022-04-06 08:10:00,220.85,220.85,220.28,220.83,400
2022-04-06 08:20:00,220.51,220.51,220.51,220.51,100
2022-04-06 08:25:00,221.25,221.25,221.24,221.24,1004
2022-04-06 08:30:00,221.24,221.24,221.24,221.24,910
2022-04-06 08:40:00,221.01,221.01,220.63,220.98,852
2022-04-06 08:50:00,220.9,220.9,220.88,220.88,500
2022-04-06 08:55:00,220.9,220.9,220.9,220.9,205
2022-04-06 09:00:00,220.77,220.77,220.5,220.5,1783
2022-04-06 09:05:00,221.23,221.25,221.1,221.25,400
2022-04-06 09:10:00,220.79,221.49,220.79,221.49,896
2022-04-06 09:15:00,221.12,221.15,221.12,221.15,571
2022-04-06 09:20:00,221.51,221.58,221.49,221.56,500
2022-04-06 09:25:00,221.55,223.93,221.55,223.93,14395
2022-04-06 09:30:00,223.89,223.89,221.23,222.64,256965
2022-04-06 09:35:00,222.81,222.81,221.84,222.0,59134
2022-04-06 09:40:00,221.99,222.19,221.3716,221.59,71531
2022-04-06 09:45:00,221.62,222.13,221.4,221.5,69098
2022-04-06 09:50:00,221.41,221.65,220.53,220.92,98082
2022-04-06 09:55:00,220.915,221.62,220.756,221.14,35091
2022-04-06 10:00:00,221.13,221.45,220.62,220.72,41407
2022-04-06 10:05:00,220.69,220.79,219.65,219.74,92110
2022-04-06 10:10:00,219.7,220.22,219.4192,219.975,58654
2022-04-06 10:15:00,219.92,220.81,219.8,220.73,65165
2022-04-06 10:20:00,220.77,221.33,220.75,220.97,65590
2022-04-06 10:25:00,221.02,221.62,220.9099,221.61,24745
2022-04-06 10:30:00,221.52,221.72,220.9791,221.2212,26280
2022-04-06 10:35:00,221.36,221.745,221.26,221.56,29104
2022-04-06 10:40:00,221.54,221.77,221.27,221.66,44809
2022-04-06 10:45:00,221.66,221.86,221.445,221.68,35304
2022-04-06 10:50:00,221.76,221.77,221.41,221.57,22072
2022-04-06 10:55:00,221.56,221.635,221.03,221.205,32918
2022-04-06 11:00:00,221.16,221.62,221.13,221.593,22072
2022-04-06 11:05:00,221.628,221.635,221.23,221.31,21258
2022-04-06 11:10:00,221.305,221.39,221.15,221.24,57811
2022-04-06 11:15:00,221.25,221.25,220.761,220.935,28582
2022-04-06 11:20:00,220.99,221.5,220.99,221.02,43264
2022-04-06 11:25:00,220.99,221.39,220.79,221.39,36498
2022-04-06 11:30:00,221.42,221.48,221.18,221.21,63110
2022-04-06 11:35:00,221.265,221.29,220.9,220.94,32206
2022-04-06 11:40:00,220.99,221.37,220.99,221.24,52823
2022-04-06 11:45:00,221.29,222.22,221.12,222.08,29927
2022-04-06 11:50:00,222.135,222.56,222.07,222.21,39684
2022-04-06 11:55:00,222.24,222.24,221.94,222.07,27936
2022-04-06 12:00:00,222.1,222.255,221.96,222.02,17748
2022-04-06 12:05:00,221.9714,222.152,221.77,221.82,15616
2022-04-06 12:10:00,221.8172,221.94,221.31,221.33,20006
2022-04-06 12:15:00,221.325,221.325,220.98,221.15,27609
2022-04-06 12:20:00,221.1203,221.25,220.93,221.19,21687
2022-04-06 12:25:00,221.2463,221.28,220.965,221.02,18538
2022-04-06 12:30:00,221.01,221.34,220.97,221.19,18288
2022-04-06 12:35:00,221.18,221.205,220.94,221.02,10703
2022-04-06 12:40:00,221.02,221.11,220.59,220.66,41915
2022-04-06 12:45:00,220.665,220.89,220.36,220.76,35326
2022-04-06 12:50:00,220.765,220.89,220.61,220.84,20666
2022-04-06 12:55:00,220.83,221.0,220.67,220.72,19263
2022-04-06 13:00:00,220.72,220.8,220.5951,220.655,29800
2022-04-06 13:05:00,220.68,220.94,220.52,220.58,28102
2022-04-06 13:10:00,220.6,220.67,220.31,220.46,24743
2022-04-06 13:15:00,220.42,220.5525,220.3,220.41,28401
2022-04-06 13:20:00,220.37,220.85,220.2789,220.8,29965
2022-04-06 13:25:00,220.8,220.89,220.66,220.76,33948
2022-04-06 13:30:00,220.76,220.8,220.29,220.61,48798
2022-04-06 13:35:00,220.615,220.615,220.27,220.46,44245
2022-04-06 13:40:00,220.474,220.85,220.38,220.81,61368
2022-04-06 13:45:00,220.795,220.81,220.35,220.68,36303
2022-04-06 13:50:00,220.72,220.735,220.46,220.52,24661
2022-04-06 13:55:00,220.52,220.57,220.06,220.08,30175
2022-04-06 14:00:00,220.05,220.84,219.66,220.605,87219
2022-04-06 14:05:00,220.54,220.54,219.13,219.165,63746
2022-04-06 14:10:00,219.17,219.61,219.055,219.06,77591
2022-04-06 14:15:00,219.08,219.08,218.62,218.89,56679
2022-04-06 14:20:00,218.9,219.12,218.75,219.04,67813
2022-04-06 14:25:00,219.07,219.45,218.81,218.9675,40920
2022-04-06 14:30:00,218.9294,220.22,218.84,220.05,46609
2022-04-06 14:35:00,220.05,220.23,219.615,219.85,27727
2022-04-06 14:40:00,219.785,220.2,219.77,220.16,32108
2022-04-06 14:45:00,220.135,220.39,219.9,219.97,26727
2022-04-06 14:50:00,220.0,220.61,220.0,220.52,33412
2022-04-06 14:55:00,220.585,221.06,220.585,220.9,28366
2022-04-06 15:00:00,221.03,221.39,220.93,221.11,27572
2022-04-06 15:05:00,221.11,221.11,220.42,220.67,27820
2022-04-06 15:10:00,220.71,220.97,220.1914,220.525,43207
2022-04-06 15:15:00,220.54,220.8,219.95,219.95,61650
2022-04-06 15:20:00,220.01,220.17,219.55,219.92,63478
2022-04-06 15:25:00,219.94,219.97,219.17,219.29,46208
2022-04-06 15:30:00,219.255,219.57,219.04,219.18,62622
2022-04-06 15:35:00,219.21,220.0,219.07,219.985,83538
2022-04-06 15:40:00,219.97,220.17,219.38,219.73,99097
2022-04-06 15:45:00,219.74,220.23,219.61,220.06,96687
2022-04-06 15:50:00,220.1,220.2,219.35,219.415,145541
2022-04-06 15:55:00,219.4,219.48,218.83,219.1,525497
2022-04-06 16:00:00,219.01,219.01,219.01,219.01,1179689
2022-04-06 16:05:00,219.01,219.01,218.56,218.56,11709
2022-04-06 16:40:00,218.8,218.8,218.6,218.6,721
2022-04-06 16:50:00,218.61,218.61,218.61,218.61,100
2022-04-06 17:10:00,218.96,218.96,218.9596,218.9596,1114
2022-04-06 17:15:00,218.96,218.96,218.96,218.96,250
2022-04-06 19:10:00,218.75,218.75,218.75,218.75,500
2022-04-06 19:50:00,218.99,219.0,218.75,218.75,698
2022-04-07 05:50:00,219.0,219.0,219.0,219.0,157
2022-04-07 05:55:00,219.0,219.0,219.0,219.0,143
2022-04-07 06:00:00,219.0,219.0,219.0,219.0,650
2022-04-07 06:15:00,219.15,219.15,219.15,219.15,105
2022-04-07 07:05:00,219.31,219.31,219.31,219.31,106
2022-04-07 07:30:00,219.0,219.0,219.0,219.0,100
2022-04-07 08:00:00,219.0,219.14,218.463,219.14,1251
2022-04-07 08:05:00,218.55,218.55,218.5,218.5,300
2022-04-07 08:30:00,218.5,218.5,218.5,218.5,200
2022-04-07 09:05:00,218.15,218.15,218.15,218.15,198
2022-04-07 09:10:00,217.76,217.76,217.76,217.76,155
2022-04-07 09:25:00,217.34,217.34,217.34,217.34,100
2022-04-07 09:30:00,218.31,218.51,217.51,218.2,151926
2022-04-07 09:35:00,218.15,218.56,217.89,218.14,64238
2022-04-07 09:40:00,218.19,218.68,217.32,218.09,58103
2022-04-07 09:45:00,218.14,218.67,217.22,217.315,53819
2022-04-07 09:50:00,217.27,217.66,216.91,217.48,48971
2022-04-07 09:55:00,217.505,217.72,217.05,217.5,87675
2022-04-07 10:00:00,217.425,217.67,217.04,217.28,40205
2022-04-07 10:05:00,217.26,217.6,216.775,216.87,46258
2022-04-07 10:10:00,216.76,217.38,216.59,217.31,37799
2022-04-07 10:15:00,217.33,217.33,216.55,216.55,121702
2022-04-07 10:20:00,216.55,216.57,216.06,216.17,52083
2022-04-07 10:25:00,216.22,216.25,215.66,215.75,104389
2022-04-07 10:30:00,215.74,215.88,215.27,215.49,90292
2022-04-07 10:35:00,215.51,215.96,215.37,215.37,50991
2022-04-07 10:40:00,215.28,215.56,214.76,215.4,52552
2022-04-07 10:45:00,215.38,215.61,215.29,215.29,78324
2022-04-07 10:50:00,215.39,216.285,215.36,216.26,66495
2022-04-07 10:55:00,216.3,216.515,215.92,215.96,50045
2022-04-07 11:00:00,215.93,217.0,215.92,217.0,80615
2022-04-07 11:05:00,216.96,217.08,216.43,216.43,31131
2022-04-07 11:10:00,216.435,216.44,216.08,216.31,26584
2022-04-07 11:15:00,216.31,216.31,216.03,216.09,27667
2022-04-07 11:20:00,216.07,216.14,215.73,215.82,44089
2022-04-07 11:25:00,215.8,215.92,215.2,215.3367,40216
2022-04-07 11:30:00,215.355,215.47,214.965,214.965,29144
2022-04-07 11:35:00,214.99,215.345,214.99,215.155,55809
2022-04-07 11:40:00,215.11,215.145,214.84,215.08,62051
2022-04-07 11:45:00,215.05,215.37,214.91,214.98,40259
2022-04-07 11:50:00,214.95,215.0,214.28,214.28,39416
2022-04-07 11:55:00,214.26,214.54,214.22,214.34,50923
2022-04-07 12:00:00,214.32,214.79,214.23,214.66,54147
2022-04-07 12:05:00,214.68,215.185,214.676,215.14,25478
2022-04-07 12:10:00,215.16,215.31,214.81,214.95,44713
2022-04-07 12:15:00,214.96,215.04,214.7,214.87,31420
2022-04-07 12:20:00,214.865,215.095,214.69,214.75,49011
2022-04-07 12:25:00,214.75,214.83,214.43,214.67,41861
2022-04-07 12:30:00,214.64,214.8541,214.59,214.75,32573
2022-04-07 12:35:00,214.73,214.73,214.45,214.49,25397
2022-04-07 12:40:00,214.47,214.555,214.2904,214.3,39674
2022-04-07 12:45:00,214.31,214.44,213.92,213.9626,46367
2022-04-07 12:50:00,213.93,213.99,213.7555,213.775,64143
2022-04-07 12:55:00,213.775,214.04,213.68,213.89,89806
2022-04-07 13:00:00,213.89,214.32,213.84,214.15,121842
2022-04-07 13:05:00,214.13,214.61,214.1,214.42,61832
2022-04-07 13:10:00,214.43,214.66,214.32,214.48,80214
2022-04-07 13:15:00,214.54,215.4,214.5,215.325,22290
2022-04-07 13:20:00,215.33,215.56,215.33,215.33,32408
2022-04-07 13:25:00,215.33,215.63,215.322,215.51,26903
2022-04-07 13:30:00,215.53,215.69,215.1,215.12,38289
2022-04-07 13:35:00,215.16,215.45,215.16,215.23,19632
2022-04-07 13:40:00,215.21,215.37,215.08,215.12,17035
2022-04-07 13:45:00,215.11,215.355,214.9405,214.945,17534
2022-04-07 13:50:00,214.98,215.17,214.65,214.9524,39599
2022-04-07 13:55:00,214.89,215.56,214.86,215.52,51867
2022-04-07 14:00:00,215.47,215.54,215.15,215.47,40777
2022-04-07 14:05:00,215.47,215.71,215.27,215.355,38691
2022-04-07 14:10:00,215.3,215.5,215.08,215.42,34318
2022-04-07 14:15:00,215.44,215.44,215.12,215.12,20503
2022-04-07 14:20:00,215.16,215.55,215.15,215.49,27985
2022-04-07 14:25:00,215.5952,216.23,215.5952,215.77,20309
2022-04-07 14:30:00,215.71,215.86,215.48,215.64,21187
2022-04-07 14:35:00,215.6,215.845,215.49,215.805,14277
2022-04-07 14:40:00,215.76,216.01,215.33,215.94,32143
2022-04-07 14:45:00,215.93,216.27,215.76,216.0433,39590
2022-04-07 14:50:00,215.99,216.23,215.93,215.98,44311
2022-04-07 14:55:00,216.0,216.555,215.99,216.46,53800
2022-04-07 15:00:00,216.44,216.94,216.38,216.7,45134
2022-04-07 15:05:00,216.66,217.0293,216.6,216.96,25740
2022-04-07 15:10:00,216.9883,217.18,216.8796,217.1,24494
2022-04-07 15:15:00,217.07,217.33,216.83,216.85,23765
2022-04-07 15:20:00,216.81,216.81,216.5,216.66,43729
2022-04-07 15:25:00,216.63,216.72,216.27,216.2802,49517
2022-04-07 15:30:00,216.3,216.78,216.18,216.765,54545
2022-04-07 15:35:00,216.775,216.875,216.59,216.87,54350
2022-04-07 15:40:00,216.88,217.07,216.71,216.92,43655
2022-04-07 15:45:00,216.9,217.12,216.46,216.6,94874
2022-04-07 15:50:00,216.63,216.64,216.18,216.23,78327
2022-04-07 15:55:00,216.25,216.26,215.94,216.25,222925
2022-04-07 16:00:00,216.25,216.25,216.15,216.15,916987
2022-04-07 16:05:00,216.15,216.15,216.15,216.15,5644
2022-04-07 16:25:00,216.1,216.1,216.1,216.1,207
2022-04-07 16:35:00,216.48,216.49,216.48,216.49,638
2022-04-07 16:50:00,216.0,216.0,216.0,216.0,444
2022-04-07 17:40:00,216.49,216.49,216.49,216.49,1000
2022-04-08 04:00:00,216.53,216.53,216.53,216.53,100
2022-04-08 06:55:00,216.7,216.75,216.7,216.75,512
2022-04-08 07:25:00,216.34,216.89,216.21,216.89,500
2022-04-08 08:00:00,217.0,217.0,215.61,215.61,954
2022-04-08 08:15:00,216.32,216.32,216.32,216.32,230
2022-04-08 08:25:00,216.69,216.75,216.69,216.75,300
2022-04-08 08:30:00,216.33,216.33,215.98,216.0,697
2022-04-08 08:50:00,216.0,216.0,216.0,216.0,1000
2022-04-08 09:25:00,215.0,215.0,215.0,215.0,200
2022-04-08 09:30:00,214.81,215.23,213.75,213.845,150444
2022-04-08 09:35:00,213.82,214.43,213.08,214.255,57726
2022-04-08 09:40:00,214.25,214.43,213.98,214.255,38832
2022-04-08 09:45:00,214.27,214.72,214.0,214.64,35260
2022-04-08 09:50:00,214.56,214.65,214.05,214.4,27925
2022-04-08 09:55:00,214.42,214.58,213.98,214.16,40952
2022-04-08 10:00:00,214.14,215.41,213.98,215.32,30895
2022-04-08 10:05:00,215.365,216.09,215.3,215.89,23606
2022-04-08 10:10:00,215.885,215.96,215.33,215.64,30017
2022-04-08 10:15:00,215.71,215.81,215.4004,215.73,40098
2022-04-08 10:20:00,215.83,216.14,215.41,216.07,42105
2022-04-08 10:25:00,216.095,216.8699,216.05,216.86,78408
2022-04-08 10:30:00,216.83,217.3,216.63,217.18,37201
2022-04-08 10:35:00,217.14,217.47,216.6901,216.915,38845
2022-04-08 10:40:00,216.94,217.19,216.7839,216.88,30429
2022-04-08 10:45:00,216.83,217.0,216.47,216.6,49820
2022-04-08 10:50:00,216.62,217.4239,216.61,217.38,33530
2022-04-08 10:55:00,217.38,217.92,217.315,217.9,37679
2022-04-08 11:00:00,217.86,218.29,217.715,218.1488,40794
2022-04-08 11:05:00,218.18,218.52,218.15,218.465,59069
2022-04-08 11:10:00,218.45,218.69,218.295,218.4,37951
2022-04-08 11:15:00,218.41,218.7499,218.18,218.37,49404
2022-04-08 11:20:00,218.37,218.5,218.1905,218.26,33488
2022-04-08 11:25:00,218.18,218.435,218.1,218.35,45274
2022-04-08 11:30:00,218.3869,219.1,218.3869,219.07,22864
2022-04-08 11:35:00,219.03,219.04,218.17,218.45,30650
2022-04-08 11:40:00,218.46,218.65,218.22,218.55,17043
2022-04-08 11:45:00,218.54,219.29,218.435,218.91,20324
2022-04-08 11:50:00,218.9,218.95,218.62,218.62,23192
2022-04-08 11:55:00,218.64,218.93,218.54,218.845,19210
2022-04-08 12:00:00,218.81,218.83,218.45,218.755,21586
2022-04-08 12:05:00,218.73,218.8,218.35,218.51,16386
2022-04-08 12:10:00,218.53,218.705,218.47,218.56,13161
2022-04-08 12:15:00,218.55,218.855,218.39,218.785,24333
2022-04-08 12:20:00,218.83,219.09,218.82,219.07,14877
2022-04-08 12:25:00,219.075,219.405,219.075,219.16,16923
2022-04-08 12:30:00,219.18,219.18,218.81,218.9,19981
2022-04-08 12:35:00,218.92,219.09,218.83,219.06,18870
2022-04-08 12:40:00,219.085,219.19,218.98,219.1,28942
2022-04-08 12:45:00,219.09,219.15,218.76,218.9,24175
2022-04-08 12:50:00,218.89,219.07,218.6581,218.995,12659
2022-04-08 12:55:00,218.97,219.005,218.85,219.005,16475
2022-04-08 13:00:00,219.02,219.07,218.84,218.99,16946
2022-04-08 13:05:00,218.985,219.01,218.73,218.86,11601
2022-04-08 13:10:00,218.894,218.9005,218.625,218.71,14785
2022-04-08 13:15:00,218.73,218.75,218.53,218.5923,16513
2022-04-08 13:20:00,218.57,218.79,218.55,218.69,17092
2022-04-08 13:25:00,218.64,218.67,218.19,218.2105,20344
2022-04-08 13:30:00,218.25,218.4,218.08,218.08,23797
2022-04-08 13:35:00,218.1,218.15,217.79,217.84,19219
2022-04-08 13:40:00,217.88,218.18,217.84,218.03,12005
2022-04-08 13:45:00,218.01,218.14,217.92,218.075,16030
2022-04-08 13:50:00,218.06,218.163,217.98,218.1,9520
2022-04-08 13:55:00,218.08,218.29,218.08,218.23,13022
2022-04-08 14:00:00,218.185,218.37,218.06,218.12,19549
2022-04-08 14:05:00,218.125,218.335,217.9993,218.19,25784
2022-04-08 14:10:00,218.195,218.25,218.0,218.07,16662
2022-04-08 14:15:00,218.055,218.13,217.86,217.89,18861
2022-04-08 14:20:00,217.905,217.98,217.5378,217.595,20282
2022-04-08 14:25:00,217.57,217.57,217.09,217.16,24752
2022-04-08 14:30:00,217.13,217.2,216.87,216.97,30657
2022-04-08 14:35:00,216.91,217.2,216.805,217.15,17422
2022-04-08 14:40:00,217.15,217.4,217.15,217.34,16384
2022-04-08 14:45:00,217.33,217.5,217.29,217.49,12889
2022-04-08 14:50:00,217.47,217.76,217.46,217.69,19403
2022-04-08 14:55:00,217.65,217.72,217.5,217.53,15941
2022-04-08 15:00:00,217.525,217.65,217.44,217.55,16982
2022-04-08 15:05:00,217.57,217.64,217.37,217.425,21366
2022-04-08 15:10:00,217.49,217.82,217.35,217.68,31748
2022-04-08 15:15:00,217.65,218.16,217.59,217.89,21281
2022-04-08 15:20:00,217.83,217.96,217.81,217.93,22141
2022-04-08 15:25:00,217.92,218.1,217.89,217.95,22308
2022-04-08 15:30:00,217.97,218.15,217.7,217.7,32705
2022-04-08 15:35:00,217.685,217.69,217.42,217.59,39173
2022-04-08 15:40:00,217.56,217.875,217.51,217.87,41136
2022-04-08 15:45:00,217.85,217.96,217.24,217.31,56173
2022-04-08 15:50:00,217.39,217.455,217.06,217.2,69525
2022-04-08 15:55:00,217.19,217.28,216.58,217.18,234075
2022-04-08 16:00:00,216.98,216.98,216.98,216.98,1410086
2022-04-08 16:10:00,216.98,216.98,216.98,216.98,1716
2022-04-08 16:20:00,216.98,216.98,216.98,216.98,47753
2022-04-11 07:00:00,216.0,216.0,216.0,216.0,105
2022-04-11 08:00:00,214.38,216.438,214.3,216.438,829
2022-04-11 08:45:00,215.6,215.6,215.55,215.55,239
2022-04-11 08:55:00,215.55,215.55,215.55,215.55,158
2022-04-11 09:25:00,215.7,215.7,215.7,215.7,179
2022-04-11 09:30:00,215.25,216.0,214.51,214.91,170866
2022-04-11 09:35:00,215.07,215.43,214.63,214.73,93252
2022-04-11 09:40:00,214.81,215.69,214.77,215.58,66212
2022-04-11 09:45:00,215.585,215.65,214.81,215.03,55697
2022-04-11 09:50:00,215.01,215.97,214.95,215.895,47229
2022-04-11 09:55:00,215.8786,216.09,215.4,215.61,65289
2022-04-11 10:00:00,215.56,215.61,215.03,215.325,43857
2022-04-11 10:05:00,215.28,216.0191,215.175,215.66,34246
2022-04-11 10:10:00,215.66,215.67,214.84,215.19,43365
2022-04-11 10:15:00,215.19,215.62,214.5521,214.68,48077
2022-04-11 10:20:00,214.62,214.69,214.09,214.23,66239
2022-04-11 10:25:00,214.32,214.35,213.7,214.28,51767
2022-04-11 10:30:00,214.28,214.94,214.13,214.74,53519
2022-04-11 10:35:00,214.74,214.74,213.76,214.17,55789
2022-04-11 10:40:00,214.18,214.27,213.59,213.77,50741
2022-04-11 10:45:00,213.77,213.83,213.45,213.485,44152
2022-04-11 10:50:00,213.46,214.175,213.41,214.075,67066
2022-04-11 10:55:00,214.075,214.35,214.0217,214.15,38140
2022-04-11 11:00:00,214.12,214.44,213.99,214.26,42671
2022-04-11 11:05:00,214.19,214.51,214.01,214.349,30213
2022-04-11 11:10:00,214.31,214.36,213.67,213.925,36085
2022-04-11 11:15:00,213.98,214.57,213.9535,214.44,35766
2022-04-11 11:20:00,214.44,214.64,214.2,214.275,32932
2022-04-11 11:25:00,214.25,214.44,214.22,214.36,28213
2022-04-11 11:30:00,214.42,215.09,214.4,215.06,47941
2022-04-11 11:35:00,215.08,215.28,214.99,215.145,24475
2022-04-11 11:40:00,215.11,215.55,215.02,215.435,38133
2022-04-11 11:45:00,215.41,215.67,215.4,215.45,41856
2022-04-11 11:50:00,215.45,215.6,215.25,215.495,32267
2022-04-11 11:55:00,215.47,215.48,215.2701,215.435,22603
2022-04-11 12:00:00,215.45,215.45,214.97,214.99,18347
2022-04-11 12:05:00,214.96,215.1,214.8395,215.0109,24515
2022-04-11 12:10:00,215.06,215.3,215.04,215.15,22794
2022-04-11 12:15:00,215.145,215.22,214.99,215.075,16961
2022-04-11 12:20:00,215.09,215.29,215.02,215.235,18111
2022-04-11 12:25:00,215.26,215.49,215.22,215.455,20183
2022-04-11 12:30:00,215.44,215.56,215.4,215.49,19623
2022-04-11 12:35:00,215.45,215.53,215.39,215.42,14116
2022-04-11 12:40:00,215.43,215.55,215.28,215.3,21569
2022-04-11 12:45:00,215.31,215.65,215.31,215.44,20187
2022-04-11 12:50:00,215.42,215.51,215.295,215.38,33702
2022-04-11 12:55:00,215.345,215.79,215.32,215.6,27247
2022-04-11 13:00:00,215.6,216.245,215.6,216.07,29466
2022-04-11 13:05:00,216.02,216.28,215.96,216.22,19258
2022-04-11 13:10:00,216.22,216.48,216.09,216.43,27724
2022-04-11 13:15:00,216.44,216.48,216.13,216.2,17139
2022-04-11 13:20:00,216.26,216.32,216.03,216.04,17685
2022-04-11 13:25:00,216.08,216.1813,215.8501,216.09,20190
2022-04-11 13:30:00,216.1,216.57,216.1,216.57,20191
2022-04-11 13:35:00,216.5582,216.695,216.2,216.36,14968
2022-04-11 13:40:00,216.4,216.73,216.4,216.58,24628
2022-04-11 13:45:00,216.575,216.71,216.42,216.6,39675
2022-04-11 13:50:00,216.57,216.74,216.54,216.63,16052
2022-04-11 13:55:00,216.66,216.85,216.63,216.82,17459
2022-04-11 14:00:00,216.805,216.875,216.7,216.82,24724
2022-04-11 14:05:00,216.86,217.3,216.77,217.17,38604
2022-04-11 14:10:00,217.13,217.14,216.545,216.56,25895
2022-04-11 14:15:00,216.53,216.56,216.26,216.29,17532
2022-04-11 14:20:00,216.2833,216.5433,216.27,216.5433,19685
2022-04-11 14:25:00,216.56,216.56,216.42,216.51,20432
2022-04-11 14:30:00,216.49,216.65,216.245,216.64,21412
2022-04-11 14:35:00,216.61,216.65,216.53,216.58,18472
2022-04-11 14:40:00,216.6,216.72,216.43,216.53,19628
2022-04-11 14:45:00,216.54,216.79,216.4691,216.7817,24536
2022-04-11 14:50:00,216.82,217.03,216.7054,216.8843,35001
2022-04-11 14:55:00,216.89,217.03,216.65,216.69,24222
2022-04-11 15:00:00,216.65,216.67,216.05,216.1,46392
2022-04-11 15:05:00,216.1,216.26,216.01,216.16,84392
2022-04-11 15:10:00,216.18,216.21,215.9,216.01,36841
2022-04-11 15:15:00,216.01,216.155,215.85,215.91,52500
2022-04-11 15:20:00,215.9,215.94,215.68,215.855,28560
2022-04-11 15:25:00,215.85,215.87,215.44,215.545,32110
2022-04-11 15:30:00,215.53,215.6607,215.28,215.38,39915
2022-04-11 15:35:00,215.42,215.55,215.33,215.54,33613
2022-04-11 15:40:00,215.56,215.665,215.1624,215.22,55710
2022-04-11 15:45:00,215.22,215.23,214.66,214.79,90661
2022-04-11 15:50:00,214.76,214.92,214.58,214.6599,96471
2022-04-11 15:55:00,214.66,214.91,214.32,214.91,276707
2022-04-11 16:00:00,214.75,214.75,214.75,214.75,1700008
2022-04-11 16:05:00,214.75,214.75,214.75,214.75,3955
2022-04-11 16:10:00,214.75,214.75,214.75,214.75,923
2022-04-11 18:00:00,214.75,214.75,214.75,214.75,100
2022-04-11 19:10:00,214.75,214.75,214.75,214.75,105
2022-04-11 19:55:00,214.41,214.41,214.41,214.41,151
2022-04-12 07:15:00,214.9,214.9,214.9,214.9,100
2022-04-12 07:45:00,214.79,214.79,214.79,214.79,139
2022-04-12 08:00:00,215.0,215.0,214.214,214.214,218
2022-04-12 08:30:00,216.0,216.0,216.0,216.0,380
2022-04-12 08:35:00,215.1,215.1,214.81,214.81,649
2022-04-12 08:50:00,216.3,216.3,216.3,216.3,100
2022-04-12 08:55:00,216.76,216.76,216.76,216.76,141
2022-04-12 09:00:00,216.3,217.0,216.3,217.0,460
2022-04-12 09:05:00,216.03,216.03,216.03,216.03,137
2022-04-12 09:15:00,216.03,216.03,215.62,215.62,288
2022-04-12 09:20:00,215.64,215.64,215.0,215.01,1071
2022-04-12 09:25:00,215.41,215.5,215.01,215.01,350
2022-04-12 09:30:00,216.5,216.99,214.873,214.9536,234439
2022-04-12 09:35:00,214.895,214.97,213.44,214.115,112623
2022-04-12 09:40:00,214.08,214.15,212.77,213.79,129110
2022-04-12 09:45:00,213.77,214.6,213.62,213.62,123458
2022-04-12 09:50:00,213.62,214.415,213.615,214.415,90990
2022-04-12 09:55:00,214.41,214.49,213.8,214.035,65278
2022-04-12 10:00:00,214.02,214.36,213.84,214.25,73473
2022-04-12 10:05:00,214.21,214.79,214.01,214.69,82165
2022-04-12 10:10:00,214.71,214.75,214.1,214.405,83042
2022-04-12 10:15:00,214.4174,214.85,214.14,214.43,68715
2022-04-12 10:20:00,214.47,215.47,214.45,215.455,59493
2022-04-12 10:25:00,215.47,215.51,214.12,214.135,80406
2022-04-12 10:30:00,214.16,214.32,213.9,214.02,81071
2022-04-12 10:35:00,214.025,214.3,213.3,213.3716,60310
2022-04-12 10:40:00,213.37,213.7,213.22,213.68,39581
2022-04-12 10:45:00,213.66,213.99,213.34,213.38,54554
2022-04-12 10:50:00,213.38,213.3984,213.0,213.2,68460
2022-04-12 10:55:00,213.18,213.67,213.05,213.62,63698
2022-04-12 11:00:00,213.63,213.915,213.56,213.8,50894
2022-04-12 11:05:00,213.86,214.1,213.78,214.0549,37324
2022-04-12 11:10:00,214.06,214.49,213.94,214.44,59759
2022-04-12 11:15:00,214.49,214.79,214.28,214.77,37623
2022-04-12 11:20:00,214.83,214.88,214.49,214.49,41796
2022-04-12 11:25:00,214.54,214.74,214.4,214.5,46855
2022-04-12 11:30:00,214.53,215.0,214.53,214.8,45591
2022-04-12 11:35:00,214.8375,214.84,214.53,214.69,37861
2022-04-12 11:40:00,214.665,214.82,214.56,214.59,31984
2022-04-12 11:45:00,214.67,214.795,214.22,214.26,26758
2022-04-12 11:50:00,214.34,214.57,214.18,214.38,27911
2022-04-12 11:55:00,214.415,214.49,214.215,214.31,29723
2022-04-12 12:00:00,214.33,214.485,214.21,214.2698,16659
2022-04-12 12:05:00,214.21,214.3,213.89,213.9,22723
2022-04-12 12:10:00,213.98,214.06,213.765,214.06,22915
2022-04-12 12:15:00,214.02,214.41,213.93,214.05,28903
2022-04-12 12:20:00,214.02,214.0401,213.57,213.65,29175
2022-04-12 12:25:00,213.61,213.61,213.32,213.46,20038
2022-04-12 12:30:00,213.43,213.75,213.4,213.58,18479
2022-04-12 12:35:00,213.57,213.73,213.45,213.4749,24784
2022-04-12 12:40:00,213.485,213.66,213.28,213.42,28230
2022-04-12 12:45:00,213.42,213.51,213.24,213.41,23639
2022-04-12 12:50:00,213.4077,213.71,213.39,213.62,24086
2022-04-12 12:55:00,213.63,213.7,213.5,213.51,18755
2022-04-12 13:00:00,213.505,213.66,213.03,213.13,25986
2022-04-12 13:05:00,213.2,213.42,213.17,213.31,17507
2022-04-12 13:10:00,213.35,213.81,213.34,213.51,22206
2022-04-12 13:15:00,213.52,213.57,213.12,213.42,21277
2022-04-12 13:20:00,213.45,213.61,213.18,213.2699,19851
2022-04-12 13:25:00,213.31,213.32,213.01,213.05,23249
2022-04-12 13:30:00,213.05,213.15,212.88,213.13,30093
2022-04-12 13:35:00,213.1,213.227,212.85,212.85,22482
2022-04-12 13:40:00,212.855,212.86,211.9,212.06,67470
2022-04-12 13:45:00,212.08,212.42,212.02,212.42,34073
2022-04-12 13:50:00,212.4,212.41,212.04,212.17,31900
2022-04-12 13:55:00,212.15,212.15,211.88,211.99,36995
2022-04-12 14:00:00,211.95,212.21,211.7,212.18,57269
2022-04-12 14:05:00,212.19,212.37,212.04,212.16,33842
2022-04-12 14:10:00,212.19,212.2,211.93,211.96,26229
2022-04-12 14:15:00,211.98,211.99,211.57,211.65,44353
2022-04-12 14:20:00,211.6,212.0,211.58,211.88,26661
2022-04-12 14:25:00,211.86,211.94,211.7418,211.79,40417
2022-04-12 14:30:00,211.81,211.87,211.49,211.78,28758
2022-04-12 14:35:00,211.77,212.14,211.65,212.02,59381
2022-04-12 14:40:00,212.02,212.08,211.81,211.9101,42649
2022-04-12 14:45:00,211.93,212.4,211.93,212.16,51978
2022-04-12 14:50:00,212.17,212.18,211.9143,212.1,42091
2022-04-12 14:55:00,212.08,212.22,211.83,211.87,68107
2022-04-12 15:00:00,211.85,212.03,211.39,211.45,46496
2022-04-12 15:05:00,211.48,211.5624,211.16,211.16,35208
2022-04-12 15:10:00,211.17,211.24,210.8338,210.9887,60217
2022-04-12 15:15:00,211.0,211.13,210.82,211.09,76762
2022-04-12 15:20:00,211.1,211.41,211.1,211.24,51450
2022-04-12 15:25:00,211.22,211.3,210.7,210.905,51118
2022-04-12 15:30:00,210.87,211.17,210.76,210.86,131768
2022-04-12 15:35:00,210.88,211.485,210.83,211.46,108239
2022-04-12 15:40:00,211.41,211.69,211.22,211.27,88237
2022-04-12 15:45:00,211.28,211.9,211.17,211.64,100087
2022-04-12 15:50:00,211.55,211.695,211.13,211.54,92167
2022-04-12 15:55:00,211.53,211.76,211.02,211.34,305079
2022-04-12 16:00:00,211.4,211.4,211.4,211.4,464924
2022-04-12 16:05:00,211.4,211.4,211.4,211.4,6252
2022-04-12 17:20:00,211.8899,211.8899,211.8897,211.8897,1000
2022-04-12 17:25:00,211.82,211.82,211.82,211.82,1669
2022-04-12 17:30:00,211.82,211.82,211.82,211.82,266
2022-04-12 17:50:00,211.89,211.89,211.89,211.89,400
2022-04-12 18:50:00,211.89,211.89,211.89,211.89,263
2022-04-13 07:05:00,212.4,212.4,212.4,212.4,100
2022-04-13 07:55:00,211.6,211.6,211.6,211.6,300
2022-04-13 08:05:00,210.872,210.872,210.872,210.872,800
2022-04-13 08:10:00,210.74,210.74,210.74,210.74,221
2022-04-13 08:25:00,212.0,212.0,212.0,212.0,100
2022-04-13 08:40:00,211.3,211.3,211.24,211.24,300
2022-04-13 08:45:00,211.4,211.4,211.4,211.4,354
2022-04-13 08:55:00,210.7,210.7,210.7,210.7,120
2022-04-13 09:10:00,210.51,210.51,210.51,210.51,200
2022-04-13 09:20:00,210.74,210.75,210.575,210.575,618
2022-04-13 09:25:00,210.65,210.65,210.2,210.2,3242
2022-04-13 09:30:00,210.43,210.43,207.171,207.7,324541
2022-04-13 09:35:00,207.705,209.76,207.67,209.72,119655
2022-04-13 09:40:00,209.66,210.63,209.359,209.62,111746
2022-04-13 09:45:00,209.62,210.95,209.52,210.95,110868
2022-04-13 09:50:00,210.95,211.39,210.62,210.95,98142
2022-04-13 09:55:00,210.98,211.08,210.05,210.27,107704
2022-04-13 10:00:00,210.27,210.41,209.9775,210.29,105096
2022-04-13 10:05:00,210.29,210.965,210.13,210.215,89188
2022-04-13 10:10:00,210.21,210.97,210.01,210.705,88404
2022-04-13 10:15:00,210.76,211.84,210.73,211.71,102795
2022-04-13 10:20:00,211.69,212.05,211.48,211.73,91800
2022-04-13 10:25:00,211.7,211.84,211.22,211.575,74719
2022-04-13 10:30:00,211.55,212.035,211.3943,211.69,46496
2022-04-13 10:35:00,211.65,211.78,211.09,211.3,57178
2022-04-13 10:40:00,211.33,211.88,211.185,211.84,66304
2022-04-13 10:45:00,211.86,211.96,211.2545,211.3,29360
2022-04-13 10:50:00,211.35,211.78,211.205,211.7,40519
2022-04-13 10:55:00,211.695,211.89,211.26,211.79,54073
2022-04-13 11:00:00,211.79,212.5,211.74,212.38,57962
2022-04-13 11:05:00,212.38,212.51,212.1,212.37,50179
2022-04-13 11:10:00,212.36,212.6,212.245,212.5,72716
2022-04-13 11:15:00,212.52,212.52,212.28,212.3,40775
2022-04-13 11:20:00,212.35,212.38,212.17,212.2,41324
2022-04-13 11:25:00,212.19,212.27,211.945,212.056,45731
2022-04-13 11:30:00,212.09,212.71,211.96,212.385,50898
2022-04-13 11:35:00,212.43,212.43,212.13,212.16,32924
2022-04-13 11:40:00,212.14,212.14,211.85,211.89,28885
2022-04-13 11:45:00,211.87,211.87,211.55,211.61,32587
2022-04-13 11:50:00,211.61,211.62,211.35,211.5101,44940
2022-04-13 11:55:00,211.5,211.55,211.3024,211.44,47038
2022-04-13 12:00:00,211.455,211.46,211.24,211.325,27136
2022-04-13 12:05:00,211.29,211.64,211.285,211.64,40811
2022-04-13 12:10:00,211.59,211.59,211.29,211.36,27193
2022-04-13 12:15:00,211.4,211.53,211.25,211.4505,26340
2022-04-13 12:20:00,211.45,211.65,211.36,211.62,30231
2022-04-13 12:25:00,211.61,211.79,211.53,211.585,24312
2022-04-13 12:30:00,211.6,211.82,211.565,211.727,43171
2022-04-13 12:35:00,211.73,211.97,211.68,211.73,24811
2022-04-13 12:40:00,211.73,212.04,211.69,211.985,37200
2022-04-13 12:45:00,212.01,212.09,211.9704,212.015,18016
2022-04-13 12:50:00,212.0094,212.06,211.815,211.82,16708
2022-04-13 12:55:00,211.81,211.87,211.65,211.74,26117
2022-04-13 13:00:00,211.74,211.77,211.55,211.665,26373
2022-04-13 13:05:00,211.645,211.74,211.542,211.62,19737
2022-04-13 13:10:00,211.61,211.87,211.57,211.73,29862
2022-04-13 13:15:00,211.72,211.75,211.58,211.65,21917
2022-04-13 13:20:00,211.63,211.74,211.41,211.55,89854
2022-04-13 13:25:00,211.53,211.565,211.29,211.45,31690
2022-04-13 13:30:00,211.47,211.5916,211.33,211.33,47191
2022-04-13 13:35:00,211.335,211.36,211.16,211.225,36538
2022-04-13 13:40:00,211.2227,211.32,211.16,211.31,26702
2022-04-13 13:45:00,211.32,211.36,211.23,211.3,28115
2022-04-13 13:50:00,211.295,211.295,210.995,211.06,34174
2022-04-13 13:55:00,211.05,211.255,211.025,211.21,32631
2022-04-13 14:00:00,211.2,211.34,211.11,211.34,42445
2022-04-13 14:05:00,211.345,211.85,211.33,211.76,43352
2022-04-13 14:10:00,211.75,211.8,211.24,211.43,41741
2022-04-13 14:15:00,211.46,211.67,211.41,211.625,28451
2022-04-13 14:20:00,211.64,211.835,211.54,211.745,28300
2022-04-13 14:25:00,211.75,211.94,211.59,211.85,45172
2022-04-13 14:30:00,211.85,211.96,211.715,211.815,35994
2022-04-13 14:35:00,211.825,212.01,211.75,211.87,28796
2022-04-13 14:40:00,211.85,212.06,211.79,212.04,38030
2022-04-13 14:45:00,212.0521,212.4591,212.04,212.335,62615
2022-04-13 14:50:00,212.37,212.67,212.37,212.6,28516
2022-04-13 14:55:00,212.6101,212.765,212.56,212.56,31877
2022-04-13 15:00:00,212.55,212.59,212.31,212.41,34123
2022-04-13 15:05:00,212.425,213.031,212.41,213.031,32726
2022-04-13 15:10:00,213.0,213.18,212.98,213.105,31493
2022-04-13 15:15:00,213.105,213.7,213.105,213.48,67810
2022-04-13 15:20:00,213.46,213.79,213.42,213.785,55736
2022-04-13 15:25:00,213.8,213.81,213.5,213.565,54625
2022-04-13 15:30:00,213.57,213.6,213.42,213.53,52348
2022-04-13 15:35:00,213.54,213.71,213.41,213.7,51074
2022-04-13 15:40:00,213.69,213.85,213.48,213.62,70231
2022-04-13 15:45:00,213.64,213.76,213.47,213.65,76235
2022-04-13 15:50:00,213.725,213.725,213.19,213.27,105919
2022-04-13 15:55:00,213.26,213.5062,213.06,213.33,252318
2022-04-13 16:00:00,213.27,213.27,213.27,213.27,818043
2022-04-13 16:05:00,213.27,213.27,213.27,213.27,3657
2022-04-13 16:20:00,213.27,213.27,213.27,213.27,100
2022-04-13 16:25:00,213.27,213.27,213.27,213.27,59553
2022-04-13 16:50:00,213.01,213.01,213.01,213.01,1100
2022-04-13 17:20:00,213.25,213.25,213.25,213.25,100
2022-04-13 18:20:00,213.02,213.02,213.02,213.02,100
2022-04-13 19:15:00,213.05,213.05,213.05,213.05,200
2022-04-14 08:00:00,213.83,213.83,213.37,213.37,340
2022-04-14 09:00:00,213.08,213.4,213.08,213.4,988
2022-04-14 09:25:00,213.58,213.82,213.58,213.82,2675
2022-04-14 09:30:00,214.27,214.46,213.41,214.03,370349
2022-04-14 09:35:00,214.16,214.78,214.03,214.78,52020
2022-04-14 09:40:00,214.76,214.96,213.64,213.72,49659
2022-04-14 09:45:00,213.68,214.205,213.23,213.36,50431
2022-04-14 09:50:00,213.46,214.12,213.16,214.11,88734
2022-04-14 09:55:00,214.1,214.2,213.6,214.09,74822
2022-04-14 10:00:00,214.035,215.21,214.035,214.77,61228
2022-04-14 10:05:00,214.75,214.88,213.5,213.62,55313
2022-04-14 10:10:00,213.56,214.065,213.5,213.9,52310
2022-04-14 10:15:00,213.78,214.1322,213.635,213.985,42999
2022-04-14 10:20:00,213.95,214.3,213.875,214.11,41370
2022-04-14 10:25:00,214.02,214.03,213.61,213.7,33354
2022-04-14 10:30:00,213.7,213.97,213.5,213.93,31241
2022-04-14 10:35:00,213.9,214.35,213.86,214.09,48775
2022-04-14 10:40:00,214.11,214.29,213.79,214.28,38463
2022-04-14 10:45:00,214.24,214.69,214.23,214.52,41675
2022-04-14 10:50:00,214.45,214.57,214.24,214.5,23863
2022-04-14 10:55:00,214.48,214.5958,214.3,214.48,33642
2022-04-14 11:00:00,214.4799,214.68,214.41,214.63,25552
2022-04-14 11:05:00,214.61,215.025,214.61,214.94,20910
2022-04-14 11:10:00,214.97,215.11,214.68,215.08,23800
2022-04-14 11:15:00,215.09,215.28,214.99,215.04,31953
2022-04-14 11:20:00,215.13,215.57,215.065,215.57,38273
2022-04-14 11:25:00,215.53,215.81,215.44,215.8,31820
2022-04-14 11:30:00,215.75,215.86,215.6,215.65,21986
2022-04-14 11:35:00,215.65,215.84,215.6,215.78,20948
2022-04-14 11:40:00,215.77,215.815,215.05,215.15,26458
2022-04-14 11:45:00,215.155,215.21,214.97,215.07,22304
2022-04-14 11:50:00,215.075,215.33,215.075,215.17,16813
2022-04-14 11:55:00,215.24,215.4,215.205,215.25,24219
2022-04-14 12:00:00,215.28,215.64,215.21,215.46,20507
2022-04-14 12:05:00,215.44,215.885,215.44,215.765,29453
2022-04-14 12:10:00,215.76,215.88,215.61,215.62,23257
2022-04-14 12:15:00,215.66,215.95,215.57,215.8399,34486
2022-04-14 12:20:00,215.83,215.83,215.56,215.67,21526
2022-04-14 12:25:00,215.69,215.855,215.1216,215.2,34033
2022-04-14 12:30:00,215.19,215.3,215.1117,215.185,13691
2022-04-14 12:35:00,215.1604,215.185,214.88,214.88,27019
2022-04-14 12:40:00,214.83,214.97,214.7583,214.9411,15258
2022-04-14 12:45:00,214.91,214.92,214.56,214.57,19309
2022-04-14 12:50:00,214.61,214.69,214.46,214.64,14279
2022-04-14 12:55:00,214.6725,214.94,214.6725,214.89,20637
2022-04-14 13:00:00,214.96,215.03,214.82,214.82,11109
2022-04-14 13:05:00,214.82,214.85,214.42,214.45,26625
2022-04-14 13:10:00,214.46,214.52,214.14,214.14,25440
2022-04-14 13:15:00,214.17,214.43,214.0826,214.41,18545
2022-04-14 13:20:00,214.4681,214.8,214.46,214.48,28087
2022-04-14 13:25:00,214.5099,214.6901,214.45,214.67,16123
2022-04-14 13:30:00,214.6772,214.87,214.59,214.808,21932
2022-04-14 13:35:00,214.83,214.855,214.52,214.52,19066
2022-04-14 13:40:00,214.54,215.029,214.54,214.94,16956
2022-04-14 13:45:00,214.93,215.09,214.93,215.0301,18477
2022-04-14 13:50:00,215.03,215.03,214.78,214.86,28325
2022-04-14 13:55:00,214.87,215.17,214.82,215.15,18843
2022-04-14 14:00:00,215.17,215.46,215.11,215.29,21302
2022-04-14 14:05:00,215.31,215.36,215.07,215.12,16442
2022-04-14 14:10:00,215.18,215.455,215.11,215.455,15549
2022-04-14 14:15:00,215.5,215.61,215.16,215.22,25278
2022-04-14 14:20:00,215.2,215.2,214.97,215.06,13530
2022-04-14 14:25:00,215.07,215.23,214.96,215.1,19358
2022-04-14 14:30:00,215.11,215.25,214.88,214.92,13143
2022-04-14 14:35:00,214.92,214.95,214.78,214.8,20013
2022-04-14 14:40:00,214.82,214.83,214.62,214.67,25318
2022-04-14 14:45:00,214.68,214.85,214.64,214.6495,25283
2022-04-14 14:50:00,214.68,214.7,214.4,214.54,47759
2022-04-14 14:55:00,214.52,214.6,214.39,214.49,86945
2022-04-14 15:00:00,214.51,214.79,214.45,214.67,29226
2022-04-14 15:05:00,214.65,214.67,214.43,214.49,29295
2022-04-14 15:10:00,214.47,214.59,214.44,214.51,44355
2022-04-14 15:15:00,214.54,215.04,214.54,214.81,24758
2022-04-14 15:20:00,214.8,214.92,214.52,214.58,18915
2022-04-14 15:25:00,214.59,214.59,214.18,214.33,30779
2022-04-14 15:30:00,214.3699,214.3699,213.8,213.81,28989
2022-04-14 15:35:00,213.82,214.025,213.59,213.66,53945
2022-04-14 15:40:00,213.64,213.97,213.59,213.61,76390
2022-04-14 15:45:00,213.62,213.67,213.21,213.305,99392
2022-04-14 15:50:00,213.28,213.28,212.88,213.2,97445
2022-04-14 15:55:00,213.22,213.26,212.53,212.79,282473
2022-04-14 16:00:00,212.79,212.79,212.79,212.79,3203623
2022-04-14 16:05:00,212.79,212.79,212.79,212.79,3754
2022-04-14 16:15:00,212.79,212.79,212.79,212.79,500
2022-04-14 16:45:00,212.79,212.79,212.36,212.79,8346
2022-04-14 16:50:00,212.36,212.61,212.36,212.61,386
2022-04-14 16:55:00,212.57,212.59,212.57,212.59,200
2022-04-14 17:50:00,212.69,212.69,212.69,212.69,100
2022-04-14 18:25:00,212.99,212.99,212.99,212.99,500
2022-04-14 18:30:00,213.09,213.09,213.09,213.09,136
